0 0.0
541.7656378627912 541.4001902796468
541.4001902796468 541.9051733545264
541.9051733545264 541.8479839420775
541.8479839420775 542.41524758958
542.41524758958 542.020383965001
542.020383965001 542.200713782493
542.200713782493 542.6785885043585
542.6785885043585 542.4847774001261
542.4847774001261 542.1525779014216
542.1525779014216 542.0978672343565
542.0978672343565 542.0175199261411
542.0175199261411 541.7460037189223
541.7460037189223 541.3519181197524
541.3519181197524 541.1018547296194
541.1018547296194 540.8654132144268
540.8654132144268 541.1839726188565
541.1839726188565 540.7409074754465
540.7409074754465 540.1938755947374
540.1938755947374 540.139047979868
540.139047979868 540.0208571342826
540.0208571342826 539.460007799521
539.460007799521 539.5701936901481
539.5701936901481 540.0545845124394
540.0545845124394 540.1296927145103
540.1296927145103 540.4002855343914
540.4002855343914 540.6312710534667
540.6312710534667 540.858063293855
540.858063293855 540.7786270050074
540.7786270050074 540.9645468862159
540.9645468862159 541.0224833650188
541.0224833650188 541.2515940668902
541.2515940668902 541.4359571185339
541.4359571185339 542.0157334400941
542.0157334400941 542.5885657943614
542.5885657943614 543.1827118354588
543.1827118354588 543.3178917017809
543.3178917017809 543.9039403612028
543.9039403612028 543.8455432924083
543.8455432924083 543.9479465314685
543.9479465314685 544.0731241241936
544.0731241241936 544.3304971325126
544.3304971325126 544.6980639847768
544.6980639847768 544.1224017816943
544.1224017816943 544.0114747168392
544.0114747168392 544.2983397242241
544.2983397242241 544.1159305763531
544.1159305763531 544.6842985811435
544.6842985811435 544.580082815476
544.580082815476 544.928801165483
544.928801165483 545.1390097472023
545.1390097472023 545.0184243487196
545.0184243487196 545.2842353477212
545.2842353477212 545.3520517139021
545.3520517139021 544.8925303409604
544.8925303409604 545.0248758276389
545.0248758276389 544.433526884398
544.433526884398 544.6389222501416
544.6389222501416 544.7447455412259
544.7447455412259 544.846506206306
544.846506206306 544.9744657291477
544.9744657291477 545.2600813669605
545.2600813669605 545.3278391978558
545.3278391978558 544.7668940139718
544.7668940139718 544.8485956656541
544.8485956656541 545.0680048349768
545.0680048349768 545.6440634453244
545.6440634453244 545.8787438611835
545.8787438611835 546.1541472821259
546.1541472821259 545.5691899334726
545.5691899334726 545.3539860134082
545.3539860134082 545.8363439790155
545.8363439790155 546.122719289272
546.122719289272 546.4464034191822
546.4464034191822 546.5113532199587
546.5113532199587 546.9777337180063
546.9777337180063 546.8454083574136
546.8454083574136 546.7550539200711
546.7550539200711 546.4182294347578
546.4182294347578 546.8866247450112
546.8866247450112 546.7945624670051
546.7945624670051 546.293042313966
546.293042313966 546.8845647396264
546.8845647396264 546.9522177018216
546.9522177018216 546.8035910469657
546.8035910469657 546.6769492960725
546.6769492960725 546.3878555092704
546.3878555092704 545.9994072503939
545.9994072503939 545.4883057773876
545.4883057773876 545.7962155575716
545.7962155575716 545.9160820842151
545.9160820842151 546.0770753031501
546.0770753031501 545.8086343585591
545.8086343585591 546.0626906304183
546.0626906304183 546.1763180702749
546.1763180702749 546.3108718141857
546.3108718141857 546.9080766638615
546.9080766638615 547.2264382344642
547.2264382344642 547.4899350255262
547.4899350255262 547.5575020146235
547.5575020146235 547.6609337835097
547.6609337835097 547.4908259773891
547.4908259773891 547.6852018921063
547.6852018921063 548.1392200200817
548.1392200200817 548.1947363272664
548.1947363272664 548.290204034043
548.290204034043 548.4106584253146
548.4106584253146 548.1136841942042
548.1136841942042 548.3959240929889
548.3959240929889 548.8698316741684
548.8698316741684 549.1566443002293
549.1566443002293 549.2472028656185
549.2472028656185 548.6573028366186
548.6573028366186 548.9728645499495
548.9728645499495 549.2826143250663
549.2826143250663 549.5433340201713
549.5433340201713 549.7413648781275
549.7413648781275 549.5100007587147
549.5100007587147 549.4511894811576
549.4511894811576 549.1157769475269
549.1157769475269 549.5059175364578
549.5059175364578 549.8348165520789
549.8348165520789 549.5885876093158
549.5885876093158 549.8497031007862
549.8497031007862 549.9753874066935
549.9753874066935 549.3876157350613
549.3876157350613 549.9621359705909
549.9621359705909 550.2895584187373
550.2895584187373 550.8513726125339
550.8513726125339 550.9368295293699
550.9368295293699 550.8480993531575
550.8480993531575 550.6538107553409
550.6538107553409 551.2578285854974
551.2578285854974 551.4451347074256
551.4451347074256 550.9731279249424
550.9731279249424 550.9109897312519
550.9109897312519 550.8443185068123
550.8443185068123 550.6160825814567
550.6160825814567 551.1438871896985
551.1438871896985 551.7000707159408
551.7000707159408 551.3686515713449
551.3686515713449 551.5754635136645
551.5754635136645 551.4662780210562
551.4662780210562 551.3542081162635
551.3542081162635 551.9402703398727
551.9402703398727 552.0600947305693
552.0600947305693 552.1731719891566
552.1731719891566 551.8895118096189
551.8895118096189 552.2655900762596
552.2655900762596 552.452550519112
552.452550519112 552.3316230887692
552.3316230887692 552.0237429520199
552.0237429520199 551.5917163598475
551.5917163598475 551.1189344963618
551.1189344963618 551.547681892323
551.547681892323 551.4561434806274
551.4561434806274 551.6134213083932
551.6134213083932 551.8262460870346
551.8262460870346 552.3032975464291
552.3032975464291 551.8869731785197
551.8869731785197 552.061164479341
552.061164479341 552.1424752659971
552.1424752659971 552.3899352094829
552.3899352094829 552.4772451436643
552.4772451436643 552.7539995447106
552.7539995447106 552.8473039817195
552.8473039817195 552.9189545626951
552.9189545626951 552.3927598908238
552.3927598908238 552.172259362795
552.172259362795 552.4855712736306
552.4855712736306 552.5496619201599
552.5496619201599 552.6215059570239
552.6215059570239 553.1835430015414
553.1835430015414 553.2391972482387
553.2391972482387 553.4713016182943
553.4713016182943 553.5305868560973
553.5305868560973 554.0056393599291
554.0056393599291 554.1042541492161
554.1042541492161 554.2191085912169
554.2191085912169 553.8811802035074
553.8811802035074 554.1498627242345
554.1498627242345 553.6393538348067
553.6393538348067 554.1361963770034
554.1361963770034 554.7021474898532
554.7021474898532 554.7588196431593
554.7588196431593 555.2818605194078
555.2818605194078 555.045411061334
555.045411061334 554.5287621609333
554.5287621609333 554.9861010395324
554.9861010395324 554.9005260487615
554.9005260487615 555.4129329748298
555.4129329748298 555.46928456745
555.46928456745 555.5250650517531
555.5250650517531 556.0921454842319
556.0921454842319 556.3416361892262
556.3416361892262 556.4916363526505
556.4916363526505 557.0496104236306
557.0496104236306 557.2777060546532
557.2777060546532 556.7156636801521
556.7156636801521 556.7914515777233
556.7914515777233 556.5993776423951
556.5993776423951 556.4994049146981
556.4994049146981 555.9335537803063
555.9335537803063 556.0013517013032
556.0013517013032 556.499771067504
556.499771067504 555.923224984272
555.923224984272 555.5676425192343
555.5676425192343 555.9756944500431
555.9756944500431 556.0962569443144
556.0962569443144 556.6265672336727
556.6265672336727 556.548259854349
556.548259854349 557.0216737633043
557.0216737633043 556.865397707002
556.865397707002 556.7769872244049
556.7769872244049 557.1992407206619
557.1992407206619 557.4183044017259
557.4183044017259 557.8738976465269
557.8738976465269 557.5054527176543
557.5054527176543 557.2415197257383
557.2415197257383 557.5102695623191
557.5102695623191 557.815818088647
557.815818088647 558.1895865559275
558.1895865559275 557.8828543081031
557.8828543081031 557.7532905581229
557.7532905581229 557.5669798239298
557.5669798239298 557.7253962092145
557.7253962092145 558.0978936019601
558.0978936019601 557.9592467182487
557.9592467182487 558.0614960143976
558.0614960143976 558.3049888073698
558.3049888073698 558.2289495434843
558.2289495434843 558.3664822698493
558.3664822698493 557.8523158981386
557.8523158981386 557.6897031662795
557.6897031662795 558.2214049249766
558.2214049249766 557.8334682805605
557.8334682805605 557.9518116574376
557.9518116574376 558.1859338507362
558.1859338507362 558.3289587459591
558.3289587459591 558.4917571032412
558.4917571032412 558.6809062668547
558.6809062668547 558.8252866162529
558.8252866162529 559.1566451864436
559.1566451864436 559.7248475514269
559.7248475514269 560.0006117546244
560.0006117546244 560.1812202839282
560.1812202839282 560.2596469482328
560.2596469482328 560.0184543386086
560.0184543386086 560.3076853259929
560.3076853259929 560.675824045326
560.675824045326 560.305123672687
560.305123672687 560.0113297298449
560.0113297298449 560.529740537743
560.529740537743 560.6379484834038
560.6379484834038 560.3858288283915
560.3858288283915 560.6434352508459
560.6434352508459 560.3529871648409
560.3529871648409 560.5559904722583
560.5559904722583 560.6610897716437
560.6610897716437 560.7926737965852
560.7926737965852 560.8539612204003
560.8539612204003 560.9615366339988
560.9615366339988 561.4073928256964
561.4073928256964 560.9591769811578
560.9591769811578 561.4187838733036
561.4187838733036 561.0970017592132
561.0970017592132 561.3054962497953
561.3054962497953 561.1842918070136
561.1842918070136 561.6379594695433
561.6379594695433 561.9156096291945
561.9156096291945 562.1064725563059
562.1064725563059 562.012808459888
562.012808459888 562.3915024659428
562.3915024659428 562.2399404689313
562.2399404689313 562.7067545968782
562.7067545968782 562.8662316499157
562.8662316499157 563.32956933036
563.32956933036 562.8925751753195
562.8925751753195 562.8309444281524
562.8309444281524 562.2198988027163
562.2198988027163 562.6794589328607
562.6794589328607 562.9085109131909
562.9085109131909 562.8202079319321
562.8202079319321 563.3925594585014
563.3925594585014 563.0597506994262
563.0597506994262 562.8719873024108
562.8719873024108 563.078280102399
563.078280102399 563.2620190329768
563.2620190329768 563.326042711303
563.326042711303 563.7507656077892
563.7507656077892 563.8186655749926
563.8186655749926 563.5823214305391
563.5823214305391 563.8238624134646
563.8238624134646 563.4942614383081
563.4942614383081 563.8458186059632
563.8458186059632 563.2439258704403
563.2439258704403 563.1830987519387
563.1830987519387 563.3205445303679
563.3205445303679 563.5213851013162
563.5213851013162 563.0132204591841
563.0132204591841 563.5328321632188
563.5328321632188 563.5900248373496
563.5900248373496 564.1449201286275
564.1449201286275 563.7510354738554
563.7510354738554 563.9284771663108
563.9284771663108 564.3493608678829
564.3493608678829 564.6494566611792
564.6494566611792 564.2518959496989
564.2518959496989 564.5033076955465
564.5033076955465 564.5954076530678
564.5954076530678 564.817950215134
564.817950215134 565.3831973055377
565.3831973055377 565.3238089707488
565.3238089707488 565.8857590956617
565.8857590956617 565.5131745704119
565.5131745704119 565.6330411845784
565.6330411845784 566.1250215499261
566.1250215499261 565.6595596044056
565.6595596044056 565.5760406568785
565.5760406568785 565.4028980943598
565.4028980943598 565.4644169645771
565.4644169645771 565.3348404056079
565.3348404056079 565.4308059906867
565.4308059906867 565.7934324096527
565.7934324096527 566.0482303898012
566.0482303898012 566.3421827800582
566.3421827800582 566.7408235802919
566.7408235802919 566.8079027620156
566.8079027620156 566.6042720761188
566.6042720761188 566.877261100065
566.877261100065 566.9837505439898
566.9837505439898 567.2785087436489
567.2785087436489 567.1631178317882
567.1631178317882 566.9950987961083
566.9950987961083 566.5538419388807
566.5538419388807 566.6803549181616
566.6803549181616 566.8182999274818
566.8182999274818 566.6733889010537
566.6733889010537 566.7991473741608
566.7991473741608 567.0501828253485
567.0501828253485 567.2764223856731
567.2764223856731 567.1602756141605
567.1602756141605 567.5863643493572
567.5863643493572 567.1101030660536
567.1101030660536 567.1958756369878
567.1958756369878 567.4613477187019
567.4613477187019 567.9142666187083
567.9142666187083 567.5736895011905
567.5736895011905 568.0818676882466
568.0818676882466 568.1880990923964
568.1880990923964 568.740608383673
568.740608383673 568.6814441901848
568.6814441901848 568.6223328307836
568.6223328307836 568.4208226982104
568.4208226982104 568.6397429828016
568.6397429828016 568.9014328319298
568.9014328319298 568.379131748511
568.379131748511 568.652283907472
568.652283907472 569.2145316181701
569.2145316181701 569.0724753791768
569.0724753791768 569.3488858915284
569.3488858915284 569.405893235977
569.405893235977 569.4835433024225
569.4835433024225 569.3981374948224
569.3981374948224 569.4811608061327
569.4811608061327 569.1576833449843
569.1576833449843 569.7738109858262
569.7738109858262 570.2809448634441
570.2809448634441 570.5696415966657
570.5696415966657 570.508652284737
570.508652284737 570.223107182782
570.223107182782 570.3515854251772
570.3515854251772 570.2765430828131
570.2765430828131 570.8870184903413
570.8870184903413 571.241266646649
571.241266646649 570.9909917220157
570.9909917220157 570.5864359953235
570.5864359953235 570.4522387784172
570.4522387784172 570.1518113952413
570.1518113952413 569.6667545312702
569.6667545312702 569.454395010065
569.454395010065 569.3670124023977
569.3670124023977 569.5303939272412
569.5303939272412 570.0073907647228
570.0073907647228 569.7475994622351
569.7475994622351 569.8208183309505
569.8208183309505 570.2796143236463
570.2796143236463 570.4056035349158
570.4056035349158 570.8576791860539
570.8576791860539 571.4635842705662
571.4635842705662 571.6114365016904
571.6114365016904 571.9073707271313
571.9073707271313 572.2642196196289
572.2642196196289 572.354620412654
572.354620412654 572.7472433766043
572.7472433766043 572.5505721812686
572.5505721812686 572.755030304167
572.755030304167 573.2740193459555
573.2740193459555 573.4384664824921
573.4384664824921 573.5057025119013
573.5057025119013 573.2710753865161
573.2710753865161 572.7679110819788
572.7679110819788 572.4823088720199
572.4823088720199 572.0490444057377
572.0490444057377 572.4429573109313
572.4429573109313 573.046463791713
573.046463791713 573.4762788227413
573.4762788227413 572.8660759063857
572.8660759063857 572.5107984282288
572.5107984282288 572.9390562912547
572.9390562912547 572.573478540427
572.573478540427 573.0486973238337
573.0486973238337 572.4966659115763
572.4966659115763 572.2397890956321
572.2397890956321 572.3102655866071
572.3102655866071 572.9087872882421
572.9087872882421 572.767713488395
572.767713488395 573.2546353408688
573.2546353408688 573.3840797362915
573.3840797362915 573.4806907619851
573.4806907619851 572.9962824944566
572.9962824944566 573.292904448514
573.292904448514 573.383051162522
573.383051162522 573.6489667531778
573.6489667531778 573.7765591809601
573.7765591809601 573.6633455759568
573.6633455759568 573.8922421362449
573.8922421362449 573.636032918802
573.636032918802 573.0619068131617
573.0619068131617 573.5851360520697
573.5851360520697 573.443963470214
573.443963470214 573.5177188258137
573.5177188258137 573.6058073718432
573.6058073718432 573.3825766590027
573.3825766590027 573.4708670481568
573.4708670481568 573.5289288005978
573.5289288005978 573.4459866610114
573.4459866610114 573.9670994019464
573.9670994019464 574.1282885651785
574.1282885651785 573.7876298192242
573.7876298192242 574.2234301286057
574.2234301286057 574.6871940915516
574.6871940915516 575.0853841897323
575.0853841897323 575.5685794629736
575.5685794629736 575.5087234657158
575.5087234657158 575.3311205455537
575.3311205455537 575.8747026283238
575.8747026283238 576.370425837415
576.370425837415 576.0216624413977
576.0216624413977 576.365181650671
576.365181650671 576.9123608858805
576.9123608858805 576.7047305872425
576.7047305872425 576.358393589407
576.358393589407 576.2719479964375
576.2719479964375 575.9756515214098
575.9756515214098 575.8945548140653
575.8945548140653 576.3640504757226
576.3640504757226 576.7927183923381
576.7927183923381 576.6574843816672
576.6574843816672 576.3104887126536
576.3104887126536 575.7666889665044
575.7666889665044 575.5987159841211
575.5987159841211 575.744623733124
575.744623733124 576.1025465960568
576.1025465960568 576.39399859686
576.39399859686 576.5744684931786
576.5744684931786 576.8166150380819
576.8166150380819 576.2482274298725
576.2482274298725 575.9069970145852
575.9069970145852 576.2879080306635
576.2879080306635 576.8177311292976
576.8177311292976 576.5691314700427
576.5691314700427 577.0276890578198
577.0276890578198 577.1850494853749
577.1850494853749 577.127225136682
577.127225136682 577.687818326099
577.687818326099 578.3158025455275
578.3158025455275 577.8497436200726
577.8497436200726 578.1083357800713
578.1083357800713 577.8346485467944
577.8346485467944 577.9366822973965
577.9366822973965 577.8043257358358
577.8043257358358 578.2824464758734
578.2824464758734 577.9630694259007
577.9630694259007 578.5821648247793
578.5821648247793 578.7738191275212
578.7738191275212 578.7142715791164
578.7142715791164 579.0006331077184
579.0006331077184 578.9257637341143
578.9257637341143 578.5031048719146
578.5031048719146 578.3489417047688
578.3489417047688 578.7264555766001
578.7264555766001 579.1058725318762
579.1058725318762 578.9228493774555
578.9228493774555 579.1142701626115
579.1142701626115 579.2202062400667
579.2202062400667 579.3424776188227
579.3424776188227 579.1368007386067
579.1368007386067 578.6681202734912
578.6681202734912 578.7288539990182
578.7288539990182 578.63169546241
578.63169546241 578.7678662814535
578.7678662814535 579.2345439437023
579.2345439437023 579.6727874145072
579.6727874145072 579.8250050873626
579.8250050873626 580.2756244646171
580.2756244646171 580.6407137617175
580.6407137617175 580.1836616961592
580.1836616961592 580.2529491767781
580.2529491767781 580.3116271102696
580.3116271102696 580.8983434373031
580.8983434373031 580.3541455901236
580.3541455901236 579.9431791811766
579.9431791811766 580.0168924654829
580.0168924654829 580.0803220999783
580.0803220999783 580.4922651473379
580.4922651473379 580.7018079790765
580.7018079790765 580.5791316979053
580.5791316979053 580.7826668997925
580.7826668997925 581.1727240871397
581.1727240871397 580.630993059853
580.630993059853 580.9368897037708
580.9368897037708 581.3409682584177
581.3409682584177 581.4772360482694
581.4772360482694 581.7460521833974
581.7460521833974 581.9530280503793
581.9530280503793 581.8303237759203
581.8303237759203 582.4554621344944
582.4554621344944 582.6437180802869
582.6437180802869 582.5440015047966
582.5440015047966 582.7129331853214
582.7129331853214 583.1509493105091
583.1509493105091 583.6390182941963
583.6390182941963 583.9606104135487
583.9606104135487 583.3797245090236
583.3797245090236 583.6036456426344
583.6036456426344 583.5356891143189
583.5356891143189 583.9137878421736
583.9137878421736 583.8528776124526
583.8528776124526 583.7129436562649
583.7129436562649 583.9787570973242
583.9787570973242 583.7955736533618
583.7955736533618 583.5266269310125
583.5266269310125 583.1873358436098
583.1873358436098 582.8830909009046
582.8830909009046 582.7348338194516
582.7348338194516 583.0338966017721
583.0338966017721 583.6471029348386
583.6471029348386 583.9177134834315
583.9177134834315 584.0224570015432
584.0224570015432 583.9477212964334
583.9477212964334 584.5286029458398
584.5286029458398 584.4698844060465
584.4698844060465 584.294480734635
584.294480734635 583.9636750106592
583.9636750106592 584.5038338857244
584.5038338857244 584.7892256877213
584.7892256877213 584.5417018667412
584.5417018667412 584.7467144198623
584.7467144198623 584.5715819067244
584.5715819067244 584.2350659173878
584.2350659173878 584.1710638327352
584.1710638327352 583.782782087352
583.782782087352 584.2302008802069
584.2302008802069 584.5445089639212
584.5445089639212 584.6700726996396
584.6700726996396 584.7668620076879
584.7668620076879 584.944764279161
584.944764279161 585.0409343651605
585.0409343651605 584.5193695046662
584.5193695046662 584.751352152898
584.751352152898 584.8231634644585
584.8231634644585 585.4056313286604
585.4056313286604 585.9247467058004
585.9247467058004 585.7252559197048
585.7252559197048 585.7924955623271
585.7924955623271 585.8543514070286
585.8543514070286 586.3490003892393
586.3490003892393 586.2842437499484
586.2842437499484 585.8988209389155
585.8988209389155 585.5801932655733
585.5801932655733 585.6641474780145
585.6641474780145 585.8312593974033
585.8312593974033 586.0737367534001
586.0737367534001 586.5473914098876
586.5473914098876 586.4769995790682
586.4769995790682 586.543448157315
586.543448157315 586.4300886850945
586.4300886850945 586.9299227796777
586.9299227796777 587.507506265227
587.507506265227 587.425428844793
587.425428844793 587.4876185391062
587.4876185391062 587.3883269069833
587.3883269069833 587.4823402659198
587.4823402659198 587.4194349470515
587.4194349470515 587.9548288128798
587.9548288128798 587.7346126662965
587.7346126662965 588.1540579693483
588.1540579693483 587.5416194710517
587.5416194710517 587.6110721763824
587.6110721763824 588.0592872376241
588.0592872376241 587.6207167678307
587.6207167678307 587.4067379647196
587.4067379647196 587.4760359317196
587.4760359317196 588.1189637492338
588.1189637492338 588.2527792062726
588.2527792062726 587.7732285341388
587.7732285341388 588.3119856266006
588.3119856266006 588.1719273051699
588.1719273051699 588.451016829851
588.451016829851 587.9347700976343
587.9347700976343 588.1207290163696
588.1207290163696 588.6685988434926
588.6685988434926 588.5741947234037
588.5741947234037 589.0382632470106
589.0382632470106 589.1103388916239
589.1103388916239 589.2022561746625
589.2022561746625 589.322633241448
589.322633241448 589.4494431128368
589.4494431128368 589.0360989779147
589.0360989779147 589.5082570388723
589.5082570388723 589.6583592014041
589.6583592014041 589.5561567119072
589.5561567119072 589.804232622419
589.804232622419 590.2550445590015
590.2550445590015 589.61637667683
589.61637667683 589.6754904750675
589.6754904750675 589.6163406100143
589.6163406100143 589.2195218294788
589.2195218294788 589.8426345605047
589.8426345605047 589.356275434297
589.356275434297 589.5035579966147
589.5035579966147 589.8052133348461
589.8052133348461 589.6088685360229
589.6088685360229 589.6765771979899
589.6765771979899 590.2518407818669
590.2518407818669 590.6890991767169
590.6890991767169 591.3216940678342
591.3216940678342 590.945098756986
590.945098756986 590.7366030894012
590.7366030894012 590.9367237932457
590.9367237932457 591.0400026320168
591.0400026320168 590.6386531569399
590.6386531569399 590.1562082710017
590.1562082710017 590.409415306154
590.409415306154 591.0437920587282
591.0437920587282 591.234865926422
591.234865926422 591.09661727808
591.09661727808 590.71482589784
590.71482589784 590.8518469753949
590.8518469753949 591.192969842865
591.192969842865 591.0185030151423
591.0185030151423 591.2961169966313
591.2961169966313 591.3572028028306
591.3572028028306 591.6086481207768
591.6086481207768 591.4630435446359
591.4630435446359 591.9045615658828
591.9045615658828 592.3316853427696
592.3316853427696 592.509197856079
592.509197856079 592.9557707483608
592.9557707483608 592.6338389618688
592.6338389618688 592.9590047333146
592.9590047333146 592.5099694217188
592.5099694217188 592.3882543446813
592.3882543446813 592.8918311381383
592.8918311381383 592.6487383336753
592.6487383336753 593.2048294727549
593.2048294727549 593.0459980378971
593.0459980378971 592.9740025946724
592.9740025946724 592.7687860082063
592.7687860082063 592.6750082519202
592.6750082519202 592.5881062534208
592.5881062534208 592.0589406022025
592.0589406022025 591.7102900785297
591.7102900785297 591.3263766154155
591.3263766154155 591.3926128126031
591.3926128126031 591.0817834600938
591.0817834600938 591.1757578227863
591.1757578227863 591.0239465520102
591.0239465520102 591.560488194545
591.560488194545 591.8433493759514
591.8433493759514 592.0612787822388
592.0612787822388 591.9216040705062
591.9216040705062 592.1389992206492
592.1389992206492 591.8597172407408
591.8597172407408 592.4361169736098
592.4361169736098 592.7577714490426
592.7577714490426 593.2055188509092
593.2055188509092 593.2966281683199
593.2966281683199 593.5388225068826
593.5388225068826 593.6868014569197
593.6868014569197 593.7505822929402
593.7505822929402 593.8887630526785
593.8887630526785 594.1542901812629
594.1542901812629 593.5921830642066
593.5921830642066 593.4132350692114
593.4132350692114 593.5244303415664
593.5244303415664 593.593258769523
593.593258769523 593.6686190561265
593.6686190561265 593.9355183510471
593.9355183510471 594.4326707926958
594.4326707926958 594.493412472607
594.493412472607 594.7418689944806
594.7418689944806 594.4500944009368
594.4500944009368 594.5204071575143
594.5204071575143 594.0947110143089
594.0947110143089 594.5802744595625
594.5802744595625 595.1073847973863
595.1073847973863 594.926668804085
594.926668804085 594.9982997318316
594.9982997318316 594.8461274066146
594.8461274066146 594.9359702548056
594.9359702548056 595.1985987315923
595.1985987315923 595.4313924473977
595.4313924473977 595.5755385070187
595.5755385070187 596.1028848291315
596.1028848291315 596.2739207429884
596.2739207429884 596.5943424208854
596.5943424208854 597.2080087757486
597.2080087757486 597.0364866718567
597.0364866718567 596.4917376203418
596.4917376203418 596.4245275862837
596.4245275862837 596.7462895936601
596.7462895936601 596.6451942524569
596.6451942524569 596.074531108902
596.074531108902 595.9958710696859
595.9958710696859 595.6343949875005
595.6343949875005 595.7144989546402
595.7144989546402 595.7823327489288
595.7823327489288 596.0333908784967
596.0333908784967 596.6582638937582
596.6582638937582 596.4829205681647
596.4829205681647 596.5462213118351
596.5462213118351 596.6109534316903
596.6109534316903 596.9144090102985
596.9144090102985 597.0348887708706
597.0348887708706 597.3019663909457
597.3019663909457 597.6298624227193
597.6298624227193 597.0142488951504
597.0142488951504 597.4279144440656
597.4279144440656 597.6272076058284
597.6272076058284 598.0293863486086
598.0293863486086 598.099055508498
598.099055508498 597.967384858588
597.967384858588 597.6328088422288
597.6328088422288 598.0339886861128
598.0339886861128 597.8827053052764
597.8827053052764 598.0228622900163
598.0228622900163 597.6853444335206
597.6853444335206 598.2209639884504
598.2209639884504 598.1258359390418
598.1258359390418 597.9200152553008
597.9200152553008 597.4743419771436
597.4743419771436 597.8798448251916
597.8798448251916 598.0215999866754
598.0215999866754 598.1413916223611
598.1413916223611 598.0175158114973
598.0175158114973 598.5732779236498
598.5732779236498 598.7442473800497
598.7442473800497 598.6692969531358
598.6692969531358 599.0047027186814
599.0047027186814 599.4366722715608
599.4366722715608 598.9364190237909
598.9364190237909 599.3344595874588
599.3344595874588 599.9923022943649
599.9923022943649 600.4308309507818
600.4308309507818 600.3524936500659
600.3524936500659 600.1104846568212
600.1104846568212 600.5792447068212
600.5792447068212 600.8700128205965
600.8700128205965 601.0820879823382
601.0820879823382 600.8761314312103
600.8761314312103 601.2307079677034
601.2307079677034 600.6023431626936
600.6023431626936 600.6674866684648
600.6674866684648 600.8000773758151
600.8000773758151 600.1530123957981
600.1530123957981 600.2289990634669
600.2289990634669 600.2946482753784
600.2946482753784 600.7388750037713
600.7388750037713 600.8056050431438
600.8056050431438 600.325929615677
600.325929615677 600.9132000322899
600.9132000322899 600.431271507882
600.431271507882 601.0131245835236
601.0131245835236 601.2671322081505
601.2671322081505 601.1048263349188
601.1048263349188 601.5420599394297
601.5420599394297 601.3788014351906
601.3788014351906 600.9869069231364
600.9869069231364 601.2041855502234
601.2041855502234 601.2896813259257
601.2896813259257 600.9871981445078
600.9871981445078 601.0749192644107
601.0749192644107 600.9784344948467
600.9784344948467 601.1825555074723
601.1825555074723 601.3134886167517
601.3134886167517 601.5245420171133
601.5245420171133 601.7490461270979
601.7490461270979 602.3038772319194
602.3038772319194 602.4646354491647
602.4646354491647 602.321328850511
602.321328850511 602.7834685401814
602.7834685401814 602.9036849201143
602.9036849201143 603.3765326770616
603.3765326770616 603.2916982602243
603.2916982602243 603.1748573464706
603.1748573464706 602.9765647781325
602.9765647781325 603.1455877552911
603.1455877552911 602.8650282187875
602.8650282187875 602.9546221496263
602.9546221496263 602.8225475613261
602.8225475613261 603.329360692763
603.329360692763 602.7542692788022
602.7542692788022 603.35821843208
603.35821843208 603.7761859861881
603.7761859861881 604.2852176957994
604.2852176957994 604.094032838621
604.094032838621 603.6871162665966
603.6871162665966 603.3171627881319
603.3171627881319 602.9667368726888
602.9667368726888 603.1076291991264
603.1076291991264 602.4998736186633
602.4998736186633 603.0328255697983
603.0328255697983 602.6909028555161
602.6909028555161 602.3938917713095
602.3938917713095 602.5702910899822
602.5702910899822 602.8909774697472
602.8909774697472 603.1253755767955
603.1253755767955 603.6618351355987
603.6618351355987 604.1147503841192
604.1147503841192 604.5004596277028
604.5004596277028 604.5710170621386
604.5710170621386 605.1639927265401
605.1639927265401 605.3500667922287
605.3500667922287 605.0049759261667
605.0049759261667 604.7801091092961
604.7801091092961 605.1633212213137
605.1633212213137 604.9538828641217
604.9538828641217 605.0165226243942
605.0165226243942 604.6519446345285
604.6519446345285 604.5879781157804
604.5879781157804 605.0670478491053
605.0670478491053 604.6271870995105
604.6271870995105 604.1330917480217
604.1330917480217 603.5010528081217
603.5010528081217 603.1865706614096
603.1865706614096 603.4129530100405
603.4129530100405 602.9607535943092
602.9607535943092 603.1004141674481
603.1004141674481 602.8272862300314
602.8272862300314 602.3940954895693
602.3940954895693 602.2566175446173
602.2566175446173 601.8848193405018
601.8848193405018 601.4884408924668
601.4884408924668 601.3964609842124
601.3964609842124 601.2011972338612
601.2011972338612 601.6289947861421
601.6289947861421 601.4531172331968
601.4531172331968 601.7119711883041
601.7119711883041 601.6014925037606
601.6014925037606 601.2103397526132
601.2103397526132 601.3189968565374
601.3189968565374 601.9274377581332
601.9274377581332 602.3405015686161
602.3405015686161 602.4301519798948
602.4301519798948 602.3454909246014
602.3454909246014 602.6381160088437
602.6381160088437 602.8996230291783
602.8996230291783 602.9777188693614
602.9777188693614 602.7319761231479
602.7319761231479 603.2174170930814
603.2174170930814 603.4365440939177
603.4365440939177 603.6683716369134
603.6683716369134 604.1302926388425
604.1302926388425 604.1942211120413
604.1942211120413 604.3510574794904
604.3510574794904 604.9885767739125
604.9885767739125 605.2784649646012
605.2784649646012 605.4447595968204
605.4447595968204 606.0444621500243
606.0444621500243 606.3345614241061
606.3345614241061 606.6354338536509
606.6354338536509 606.5595632761081
606.5595632761081 607.0423578973379
607.0423578973379 607.3647342938643
607.3647342938643 607.7727107955116
607.7727107955116 607.6888779604286
607.6888779604286 607.5656081569429
607.5656081569429 607.4039405773501
607.4039405773501 607.3080144044619
607.3080144044619 606.9499672538003
606.9499672538003 606.5317604872546
606.5317604872546 606.4691600545776
606.4691600545776 606.3351032606295
606.3351032606295 606.6027055309796
606.6027055309796 607.1930435630112
607.1930435630112 607.068260592566
607.068260592566 607.0059061290643
607.0059061290643 606.8717966574909
606.8717966574909 606.6775967362443
606.6775967362443 606.8753903622543
606.8753903622543 606.8110371493897
606.8110371493897 607.0551145700272
607.0551145700272 607.1827921152601
607.1827921152601 606.6200918349105
606.6200918349105 606.7921823269578
606.7921823269578 606.9228929592804
606.9228929592804 607.3103444143571
607.3103444143571 606.9056155983318
606.9056155983318 606.9873952665615
606.9873952665615 607.366332811004
607.366332811004 606.7274173528209
606.7274173528209 607.0120810838056
607.0120810838056 607.5213586319736
607.5213586319736 607.6500503783956
607.6500503783956 607.0571271629096
607.0571271629096 607.6531897656266
607.6531897656266 607.4975234493781
607.4975234493781 608.0958049806461
608.0958049806461 608.3647211110523
608.3647211110523 607.7132353058438
607.7132353058438 607.5690555457431
607.5690555457431 607.8722003206782
607.8722003206782 608.139130084577
608.139130084577 608.2155643738217
608.2155643738217 608.1469621095921
608.1469621095921 608.7073712192383
608.7073712192383 608.6152498077461
608.6152498077461 608.7568798798927
608.7568798798927 609.2157336888552
609.2157336888552 608.6963227424958
608.6963227424958 608.9687088704402
608.9687088704402 608.8230669533039
608.8230669533039 608.9224042736394
608.9224042736394 609.5154099443982
609.5154099443982 610.0294278726326
610.0294278726326 609.7043200863268
609.7043200863268 609.4748772745785
609.4748772745785 609.5598474002832
609.5598474002832 609.6988212159315
609.6988212159315 609.9149490853528
609.9149490853528 610.2412250951904
610.2412250951904 610.7223092067142
610.7223092067142 610.829241877413
610.829241877413 610.4523266567467
610.4523266567467 610.1547500367501
610.1547500367501 610.2943038568701
610.2943038568701 609.730546395181
609.730546395181 609.8279710152291
609.8279710152291 610.1209122863603
610.1209122863603 610.193091829381
610.193091829381 610.5914675270323
610.5914675270323 610.6718359651468
610.6718359651468 610.1884331379085
610.1884331379085 610.7249303381722
610.7249303381722 611.2543463491735
611.2543463491735 611.3551261643106
611.3551261643106 610.7140334117013
610.7140334117013 611.1546568877498
611.1546568877498 610.874246077243
610.874246077243 610.9585760594645
610.9585760594645 610.8209505889444
610.8209505889444 610.8825275329488
610.8825275329488 610.5580491559883
610.5580491559883 610.6859938987117
610.6859938987117 610.9950976123887
610.9950976123887 611.5491849996242
611.5491849996242 611.7303976260139
611.7303976260139 611.3070318800534
611.3070318800534 611.7665787100439
611.7665787100439 611.3063408528227
611.3063408528227 611.5421626263038
611.5421626263038 611.4183728300301
611.4183728300301 611.529020751371
611.529020751371 611.6046930060819
611.6046930060819 611.6935860792629
611.6935860792629 611.478851018937
611.478851018937 611.3810592956594
611.3810592956594 611.647198079245
611.647198079245 611.1555112224906
611.1555112224906 610.6560477211972
610.6560477211972 610.7635243576293
610.7635243576293 611.2083830587306
611.2083830587306 611.8474365333899
611.8474365333899 612.3093317945081
612.3093317945081 612.5835325047814
612.5835325047814 613.0867814652105
613.0867814652105 612.9344820963879
612.9344820963879 613.1497128021044
613.1497128021044 613.2159806539195
613.2159806539195 612.9533035847631
612.9533035847631 612.8692668501814
612.8692668501814 612.4827299690734
612.4827299690734 612.333692647047
612.333692647047 611.7581528484716
611.7581528484716 611.8507916428373
611.8507916428373 611.9984534091318
611.9984534091318 612.3518242978703
612.3518242978703 611.8371443058097
611.8371443058097 612.0698166612884
612.0698166612884 611.8383742328976
611.8383742328976 611.9291321863711
611.9291321863711 611.7499590976296
611.7499590976296 612.3031681368383
612.3031681368383 612.5877604677067
612.5877604677067 612.7146067011464
612.7146067011464 612.8615922436493
612.8615922436493 613.4186408788094
613.4186408788094 614.0515149597949
614.0515149597949 614.5266847417398
614.5266847417398 614.6820639978635
614.6820639978635 614.3896645300304
614.3896645300304 613.8340043518765
613.8340043518765 613.9207630337752
613.9207630337752 614.1204594629231
614.1204594629231 614.528679938259
614.528679938259 614.4465872502027
614.4465872502027 613.9385692765558
613.9385692765558 614.0994134833203
614.0994134833203 613.4453044954985
613.4453044954985 613.5171138391365
613.5171138391365 614.0991970308021
614.0991970308021 614.3192162426412
614.3192162426412 614.0850895680283
614.0850895680283 614.5909473803395
614.5909473803395 615.0940032253143
615.0940032253143 615.7289728394129
615.7289728394129 615.1050740118035
615.1050740118035 614.9012736759303
614.9012736759303 614.8218380038293
614.8218380038293 614.4673016158489
614.4673016158489 614.3419460536136
614.3419460536136 615.0053907431095
615.0053907431095 615.5642856902434
615.5642856902434 615.3892132291337
615.3892132291337 614.9583365921942
614.9583365921942 615.0277161898047
615.0277161898047 614.6096386028968
614.6096386028968 614.3352809390182
614.3352809390182 614.6720830492294
614.6720830492294 615.0127428870046
615.0127428870046 615.3202663862735
615.3202663862735 615.0939973069071
615.0939973069071 614.7145074006827
614.7145074006827 614.8430830532515
614.8430830532515 615.0020991041343
615.0020991041343 615.2259372193382
615.2259372193382 615.3826365313686
615.3826365313686 615.4658293809567
615.4658293809567 615.7101537437602
615.7101537437602 615.9078588329882
615.9078588329882 616.4847988122169
616.4847988122169 616.1527346747814
616.1527346747814 616.3059092607111
616.3059092607111 616.8638857983809
616.8638857983809 617.032852404481
617.032852404481 616.6030707240931
616.6030707240931 616.9499593192724
616.9499593192724 617.4629981519865
617.4629981519865 617.1900858205257
617.1900858205257 616.6093471196042
616.6093471196042 616.9948941418362
616.9948941418362 617.133154573648
617.133154573648 617.0298869828977
617.0298869828977 617.6729941422885
617.6729941422885 617.8013418430496
617.8013418430496 617.5265676000867
617.5265676000867 617.7472932711396
617.7472932711396 617.8575897633353
617.8575897633353 617.9305906972945
617.9305906972945 617.4857692089668
617.4857692089668 617.5594162307677
617.5594162307677 618.2211687463263
618.2211687463263 617.8203596841779
617.8203596841779 618.0416122253173
618.0416122253173 617.4850498553734
617.4850498553734 617.6340573014846
617.6340573014846 617.6998591568013
617.6998591568013 617.8559812881434
617.8559812881434 617.9264672185905
617.9264672185905 618.3912777919005
618.3912777919005 618.469393568722
618.469393568722 619.0857641574886
619.0857641574886 619.1520241668486
619.1520241668486 619.0767210967425
619.0767210967425 618.9629999732325
618.9629999732325 618.286502874617
618.286502874617 618.8885184384044
618.8885184384044 619.3957624289393
619.3957624289393 619.0253731047384
619.0253731047384 618.8104671609627
618.8104671609627 618.4411465864752
618.4411465864752 618.259759501601
618.259759501601 618.8681107329944
618.8681107329944 619.0619570750767
619.0619570750767 618.4094963166099
618.4094963166099 618.812458440476
618.812458440476 618.8816140100397
618.8816140100397 618.6113611717869
618.6113611717869 618.7057761168257
618.7057761168257 619.1669778649493
619.1669778649493 618.7627462189072
618.7627462189072 618.8259719651169
618.8259719651169 618.6827599887606
618.6827599887606 619.3563255183791
619.3563255183791 619.4560583491138
619.4560583491138 619.7714970522754
619.7714970522754 620.0519500051453
620.0519500051453 620.1410989315993
620.1410989315993 620.7588138408335
620.7588138408335 620.497878148283
620.497878148283 620.3476760895197
620.3476760895197 620.5900292688909
620.5900292688909 620.0910674300832
620.0910674300832 620.2019429207209
620.2019429207209 620.5369770218546
620.5369770218546 620.937720878917
620.937720878917 621.2963711918031
621.2963711918031 621.6419697649685
621.6419697649685 621.543525968217
621.543525968217 621.4803171286222
621.4803171286222 621.765042999737
621.765042999737 622.3568479440373
622.3568479440373 622.4298201102513
622.4298201102513 622.1644847756779
622.1644847756779 621.9117748816442
621.9117748816442 621.3354729117729
621.3354729117729 621.2483364220461
621.2483364220461 620.7473050051717
620.7473050051717 620.9548982861066
620.9548982861066 620.7908241000242
620.7908241000242 620.2511797328647
620.2511797328647 620.9103377326372
620.9103377326372 621.0162097679495
621.0162097679495 620.9519514375779
620.9519514375779 621.4884797436847
621.4884797436847 621.7252171109141
621.7252171109141 621.8545428237047
621.8545428237047 622.4989762264239
622.4989762264239 622.126663236529
622.126663236529 622.2811987373921
622.2811987373921 622.1990268491782
622.1990268491782 622.8347977229141
622.8347977229141 622.5826906410368
622.5826906410368 622.6548534561066
622.6548534561066 622.522045095932
622.522045095932 622.738887867741
622.738887867741 622.262857405895
622.262857405895 622.3941206367846
622.3941206367846 622.8955219346639
622.8955219346639 623.2247511584935
623.2247511584935 623.4378336656197
623.4378336656197 622.953770741047
622.953770741047 622.4227448465971
622.4227448465971 621.7890357698407
621.7890357698407 621.1384826063604
621.1384826063604 621.4567059188402
621.4567059188402 621.6555357812001
621.6555357812001 621.8579392918251
621.8579392918251 622.3554770153908
622.3554770153908 622.8537956313245
622.8537956313245 623.0094577593159
623.0094577593159 623.1309503416152
623.1309503416152 623.2013872634061
623.2013872634061 623.1162615223607
623.1162615223607 623.464076180152
623.464076180152 623.6870409001166
623.6870409001166 623.1380442610177
623.1380442610177 622.7803117473115
622.7803117473115 623.1566071443045
623.1566071443045 623.231935990998
623.231935990998 623.2960729018919
623.2960729018919 623.2333365458815
623.2333365458815 623.3227275464698
623.3227275464698 623.6251158692926
623.6251158692926 624.1126029881956
624.1126029881956 624.1831103314202
624.1831103314202 624.2465050260779
624.2465050260779 624.3234729465375
624.3234729465375 624.882010640369
624.882010640369 624.8181505922302
624.8181505922302 624.6765546649511
624.6765546649511 624.5221739430041
624.5221739430041 624.7387524212863
624.7387524212863 624.5680687333348
624.5680687333348 624.9115522717362
624.9115522717362 624.4225874973743
624.4225874973743 624.8088019181664
624.8088019181664 624.3034828792942
624.3034828792942 624.6864509219429
624.6864509219429 625.1231095481897
625.1231095481897 625.2034849577989
625.2034849577989 625.8137213787282
625.8137213787282 625.3636924680283
625.3636924680283 625.0128315501697
625.0128315501697 625.1706229429012
625.1706229429012 625.0385830408648
625.0385830408648 625.3327248716193
625.3327248716193 625.0244455736762
625.0244455736762 625.2077023305969
625.2077023305969 625.3712792648237
625.3712792648237 625.5963144965349
625.5963144965349 625.8874550003699
625.8874550003699 625.4017048750477
625.4017048750477 625.9053302621238
625.9053302621238 625.989555115645
625.989555115645 626.5686277849845
626.5686277849845 626.8564106333436
626.8564106333436 626.7149508713424
626.7149508713424 626.9064640206111
626.9064640206111 626.5915353835092
626.5915353835092 627.2154523533958
627.2154523533958 626.9044099350505
626.9044099350505 627.0457297874785
627.0457297874785 626.6554098706125
626.6554098706125 626.9319775445075
626.9319775445075 626.5262623774996
626.5262623774996 626.2418545935463
626.2418545935463 625.8773712535831
625.8773712535831 625.7327120714552
625.7327120714552 625.8719761051293
625.8719761051293 625.9696277688344
625.9696277688344 625.8648060711635
625.8648060711635 626.3489879772713
626.3489879772713 626.9809885153451
626.9809885153451 627.235397014643
627.235397014643 627.0801760165793
627.0801760165793 627.1962030375095
627.1962030375095 627.4905505079998
627.4905505079998 628.0279173797963
628.0279173797963 627.409360905146
627.409360905146 627.5108067126447
627.5108067126447 628.1457549159967
628.1457549159967 628.563575293906
628.563575293906 628.4587684579618
628.4587684579618 628.3935333218741
628.3935333218741 628.9806710600843
628.9806710600843 629.3212490044519
629.3212490044519 629.2495605900796
629.2495605900796 628.5969987750339
628.5969987750339 629.1178988665401
629.1178988665401 628.9663623508625
628.9663623508625 628.8599800885255
628.8599800885255 629.2396325399092
629.2396325399092 629.6170561964872
629.6170561964872 630.2779394819745
630.2779394819745 630.4022904829571
630.4022904829571 630.2812792203663
630.2812792203663 629.6726232835556
629.6726232835556 629.8614599480346
629.8614599480346 630.4352773314688
630.4352773314688 630.7249616865261
630.7249616865261 631.2449415613041
631.2449415613041 630.9310744939817
630.9310744939817 630.2500634285772
630.2500634285772 630.0602886067095
630.0602886067095 629.8871650621161
629.8871650621161 630.0243233249371
630.0243233249371 629.5433608689677
629.5433608689677 629.6456625580192
629.6456625580192 629.1568307003813
629.1568307003813 629.4674671602427
629.4674671602427 629.5329969082935
629.5329969082935 629.8182211535513
629.8182211535513 629.8993004044848
629.8993004044848 630.4740050299815
630.4740050299815 630.7836063332996
630.7836063332996 630.8498846874995
630.8498846874995 630.3868407335596
630.3868407335596 630.0272003936212
630.0272003936212 630.6635173416895
630.6635173416895 630.5915035055501
630.5915035055501 630.9731015470734
630.9731015470734 630.910003904746
630.910003904746 630.4555514284226
630.4555514284226 630.9764424930637
630.9764424930637 630.6926389165162
630.6926389165162 630.7628100147149
630.7628100147149 631.3078385265288
631.3078385265288 630.6329200138694
630.6329200138694 630.7345564765593
630.7345564765593 630.8353828538677
630.8353828538677 631.1895677460799
631.1895677460799 631.3647660363802
631.3647660363802 631.6388408217573
631.6388408217573 632.0369485097912
632.0369485097912 632.2421339594121
632.2421339594121 631.8767706052824
631.8767706052824 632.034260388981
632.034260388981 632.6085365495247
632.6085365495247 632.0376193481018
632.0376193481018 631.4661300708458
631.4661300708458 631.7730053505178
631.7730053505178 631.9507225451201
631.9507225451201 632.6353360469942
632.6353360469942 632.0498885634721
632.0498885634721 631.9374193438294
631.9374193438294 632.528500440655
632.528500440655 632.1409144403146
632.1409144403146 632.3717252072314
632.3717252072314 632.6319724957937
632.6319724957937 632.9459601878633
632.9459601878633 633.081319228626
633.081319228626 633.5203860153965
633.5203860153965 633.4082550190046
633.4082550190046 633.0610953595675
633.0610953595675 632.7716109910716
632.7716109910716 632.7060190941176
632.7060190941176 633.3856127223398
633.3856127223398 633.2666565014583
633.2666565014583 633.4597851408989
633.4597851408989 633.2991643604246
633.2991643604246 632.623087900898
632.623087900898 632.9747581522736
632.9747581522736 633.6698777276554
633.6698777276554 634.1682019568332
634.1682019568332 634.8639915747476
634.8639915747476 634.3168008074898
634.3168008074898 634.2509302499052
634.2509302499052 634.6041326485488
634.6041326485488 634.4924342122255
634.4924342122255 634.211569998822
634.211569998822 633.9938115753545
633.9938115753545 634.1057371293995
634.1057371293995 634.3165622105932
634.3165622105932 634.3805721216623
634.3805721216623 634.1182252078614
634.1182252078614 634.5502725403745
634.5502725403745 634.8153448468549
634.8153448468549 634.248754199128
634.248754199128 633.6161716104034
633.6161716104034 634.285439877296
634.285439877296 634.0622337912321
634.0622337912321 634.1473661446186
634.1473661446186 634.2865109078473
634.2865109078473 634.7426240172052
634.7426240172052 635.14826745547
635.14826745547 635.3439338177611
635.3439338177611 634.9728729186271
634.9728729186271 635.0363939925236
635.0363939925236 635.6747169468417
635.6747169468417 636.2489918894056
636.2489918894056 636.9429204634986
636.9429204634986 636.8612441275696
636.8612441275696 636.7362102559179
636.7362102559179 636.6576106758873
636.6576106758873 636.0741571458632
636.0741571458632 635.5719978434901
635.5719978434901 635.2872401885373
635.2872401885373 635.7695451702195
635.7695451702195 635.1608001271389
635.1608001271389 635.7114408210343
635.7114408210343 636.2370603150991
636.2370603150991 636.1721230642291
636.1721230642291 636.0343420949746
636.0343420949746 635.9479941793854
635.9479941793854 636.4360786086655
636.4360786086655 636.016956007885
636.016956007885 636.3120112227016
636.3120112227016 636.4941143884804
636.4941143884804 636.3846625949575
636.3846625949575 635.9170418831746
635.9170418831746 636.3951106562707
636.3951106562707 636.2500269561054
636.2500269561054 636.5333554653059
636.5333554653059 636.6171993822746
636.6171993822746 636.4733854686639
636.4733854686639 636.6799834138538
636.6799834138538 636.9581718113631
636.9581718113631 637.0308027092642
637.0308027092642 637.6741800756782
637.6741800756782 637.7462277659865
637.7462277659865 637.2828699051915
637.2828699051915 637.8346601069784
637.8346601069784 638.1621537883434
638.1621537883434 638.3866745598787
638.3866745598787 638.1121735255896
638.1121735255896 638.1911500993335
638.1911500993335 638.3498947006048
638.3498947006048 638.2752567341379
638.2752567341379 638.742207974885
638.742207974885 638.5846609555598
638.5846609555598 638.2220084393879
638.2220084393879 638.0950879310981
638.0950879310981 638.019332332773
638.019332332773 638.2880648426644
638.2880648426644 638.4593353412323
638.4593353412323 637.8217602974768
637.8217602974768 637.8861412310227
637.8861412310227 637.8097902672948
637.8097902672948 638.126681576081
638.126681576081 638.6421416518227
638.6421416518227 638.7240980141024
638.7240980141024 638.990002506875
638.990002506875 638.922123296513
638.922123296513 639.0263844709827
639.0263844709827 639.6533660646165
639.6533660646165 639.8810996966822
639.8810996966822 640.2526574656114
640.2526574656114 640.7460223064277
640.7460223064277 640.6492808961481
