4 0 0.0 3.321085262876069 48892.81684971646 2.55
558.2171469310327 558.2897944352533
558.7490225146908
558.8567237124163
558.7957499452826
558.4704572234624
558.3870987196158
558.5681516617632
558.4984695636554
558.5670410550526
558.6557974181566
558.1368900483703
558.4609194388544
558.6545650692315
559.2320037562089
559.4334062987111
558.9017712111754
558.5405054918785
558.7367930783129
558.670121370242
558.4505325381978
558.1247047662189
558.7230192777246
558.810676297855
559.0905844990923
559.2778445745638
559.6386696404559
559.7142687673792
559.9490870367448
559.7508169122798
559.682305987912
559.5247663015742
559.6686207448084
559.9832158027201
559.5166330317865
559.6740368298861
560.0406346330662
560.5311997978048
560.0109969872395
560.4363266440571
560.4923908981247
560.5702341713218
560.3593038759232
560.5797435731074
560.265554800916
560.6958102308406
560.7943542973079
560.5350129751672
560.5912395834765
560.6552614035853
561.1946485565868
560.873368615223
561.0276230132799
561.1738399757562
561.1003931266188
561.1724060713989
561.6795254022564
562.2059325157251
562.1201158591902
561.7018909562717
561.3276708417
561.5456857943625
562.1240738070178
561.529155441797
561.8945334026616
562.248826690445
562.4869269669356
562.9549769797053
562.6377821428339
562.2919766609589
562.5787476660875
562.7028093173635
562.9614111497898
562.5817797169096
562.6967199915647
563.0273339133491
563.106279963625
563.4384762773902
563.9194231608517
563.6200286779986
563.9075820139612
564.1347779217609
563.8374865456955
564.1135869346991
564.1723552907141
564.3825056286553
564.2349866823819
564.5708126678767
565.1073519372887
565.2804664485698
564.8542021127455
564.3119204260453
564.7183947563543
565.0835111344909
564.7557270253075
564.8896747139471
564.7585189389232
564.8513861896416
564.9774546599838
565.1187925498571
565.2947527434968
565.5011615788391
565.427511192046
564.8559397321035
565.2296884480753
565.343649930101
565.0566537848136
565.1154987323089
565.6119872696291
565.8734785673824
565.9422911326378
566.300812726444
566.8041107901961
566.969621256196
566.7412500654983
567.0413137205838
567.1185467510435
567.0135615306468
566.907596064633
566.8257273323164
566.9741534964085
567.0394021138501
567.1182663480846
567.042456213589
567.4662065815854
566.8984962023227
566.2924161617301
566.623162571018
566.7750023284731
567.0127879845804
567.1768178378343
567.5856296594116
567.7199024418999
568.1524278231946
567.6744757484803
568.1264797098163
568.0233850588914
568.0935229160953
567.5534200868733
567.6643776001058
568.1762411988894
568.3813785821034
568.4403500392935
568.55960654842
568.3523829745702
568.418695752328
568.4897986377312
568.5847440379911
568.7097145031425
568.7707053423478
569.1743101470968
569.2985878208327
569.4376273854748
569.2052942362867
569.2880456951583
568.7655801775696
568.849285957223
569.4313385877582
569.6907396943872
570.1353743512487
570.4642765455454
570.3810214234875
570.5386714419752
570.6603289593286
570.5068892284361
570.7510693978454
570.8200003489508
570.4524797681986
570.85875485149
570.3929402244081
570.6214032442881
570.6820200600188
571.0187468219754
571.2541531574205
571.5358930201376
571.9224462490647
571.7596676915509
572.2777961398406
572.511777496581
573.1154101457413
572.7322582367678
572.6306589868485
572.4085762631646
571.9093379852002
571.8269283402784
571.6661728756465
571.3074090051356
571.2464646011877
571.3342417688575
571.4487774917139
571.3479253021343
571.952084749198
572.031064973222
572.1375961451819
572.4919241681368
572.3566009653887
572.5602641042525
572.6224240523474
572.8597269825751
572.9925788007413
573.6100768165057
573.5504659902298
573.7910639539729
573.6996460455065
573.9111609560698
573.8294382598552
573.8943570046393
573.954856051476
573.846822439382
574.2190365275552
574.3081453595189
574.7191299488915
574.505115225834
574.564800005584
574.1029817058984
574.1755152876952
574.7206662651372
575.082372158249
574.8703889370263
574.3553622162377
574.507018719055
574.8603099697572
574.7962301655166
574.9532437941197
574.6388854943984
575.0459320862036
575.2284745133777
574.9630237552259
574.6482378263033
575.0313258282472
575.1050523021476
575.4163601867795
575.4739703957508
575.1157491636587
575.608366078886
576.0694294988152
576.5442427482876
576.3995645568746
576.5374548189544
576.4468681178995
576.8170351745313
576.6622741826201
576.1623824166477
575.9490949349531
576.2160901718337
576.3569999757467
576.1218559236681
576.384671459459
576.6332562959253
576.5365164604385
576.8695740009566
576.9935442258873
577.0585814271768
577.1808385595191
577.3748718452795
577.2477642542423
577.8751198986153
578.2772620841346
577.8511057496073
577.7678398456221
578.0301632511726
578.1081783823346
577.9378787381547
578.190685964347
578.3035485387837
578.7549810617917
579.1282295001711
579.4315413035749
579.1503500652071
579.750354458552
579.2383724027275
579.014020822341
578.621200250465
578.3720855722894
578.4360461867478
578.8595083181879
578.2603208421824
578.3373049453644
578.7981841011862
578.8908244736014
578.387870486118
578.8151633197722
579.1600947454766
579.507096550451
579.5843863416758
579.1573108085313
579.6711731529261
579.7704969007043
580.2713523205057
580.1103149668428
580.0314039102299
580.4610323376547
579.9261669504639
580.3957806250731
579.886453726676
579.4171783373802
578.935204112834
578.5342648959346
578.2701320630719
578.5479315485071
578.8664768339406
578.4693060573466
578.5281202629784
579.0487636476091
579.202258022275
579.2929350992749
579.1026287878292
579.4417974686659
579.8348120894836
580.4565250063688
580.5913482616128
580.9607232068493
581.1989424754764
581.3462004148591
581.0458663006619
581.1069327258728
581.0140937827177
581.1831745098121
581.7333583716562
581.6171113347232
581.8182206244288
582.1227295648966
581.7589914941243
582.1973372958664
582.0811736881577
581.5897526503628
582.1156128675146
582.2785606706989
582.6827542872193
582.1373546796247
582.241525046411
582.4318210625023
582.7548517408414
583.3009991437741
583.2335779670614
583.1036120516482
583.1985577758668
583.6306216943149
584.1449842923018
584.386941842852
584.1787394029452
584.3643651960786
584.2929437172729
584.0038325510241
583.9044004304569
583.5085532607835
582.9801197559101
582.5911295140318
582.4621107763373
582.3637853094918
582.2174817600346
582.0688664358547
581.5475656920148
581.6312721392553
581.8284646145358
582.01756364974
581.6784979760674
581.9098603956852
582.4461186311404
582.7873180425418
583.4036462714672
583.9333695798306
583.7676904013081
584.1923461507172
584.3403602896527
584.6193957663314
584.6778971421062
584.4759603821883
584.2126277208572
584.6337173466213
585.021541304429
585.1440397235207
585.2507137837702
584.9681393738675
585.4144980719997
585.2608894699815
585.3509886713381
585.4258894619601
585.7953808174065
585.7301467235916
585.4968772848556
585.4371414404148
585.3704468402148
585.446759622898
585.5235787000531
585.987475323552
585.9199375792816
585.8561584988055
585.4689883852212
585.3823142624226
585.0354440228494
585.3338179483576
585.8051317799482
585.893661543726
586.3143073049013
586.7485216191492
586.464235479564
587.0532578473108
586.6148881541612
586.6871343112031
586.6247986944977
586.6858381243779
586.8792529913742
586.9652276779913
587.0279566988175
586.604398178639
587.0878003453217
587.5822559918902
587.6592733969674
587.7867633991717
587.9602137277446
587.8578910527153
587.7268166986789
587.3468715914506
587.2314077656404
586.9658080321886
586.4996599688002
587.0985703885488
586.9725396769497
587.2180660256267
587.4912687381892
587.6221278684114
587.7845302759895
588.1035403711062
587.4990591819501
587.5849411577382
587.6757753272598
588.0382083922891
588.1631159795496
588.2283965328644
588.6957794445336
589.2705918328206
589.1974516177032
589.6170685868068
589.5258355412227
589.7034864166594
589.5309937786495
589.1336043419412
589.4115465061739
589.165829699847
589.7657902389319
589.5995632799404
589.137682324335
588.8570488084728
588.9831619620448
588.5732678694994
588.6698929184511
589.2495242922482
589.7826099661424
590.2173154562452
590.0137347148732
590.1231405995571
590.1871737935613
590.3531584614235
590.5102789298718
591.14900295667
591.5914304307565
592.148990412171
592.2348210021872
592.6550183380868
593.2166766253491
593.4904663200299
593.6058277355916
593.4626411162303
592.9855519696548
593.4363663745376
593.6934884172653
593.5255583295657
593.4204303775678
593.7881849963153
594.2392017342698
593.8610859952531
593.6686564693592
593.269849240965
593.672241454177
593.7886720780593
593.5085345515412
593.07125991833
593.5970293727975
592.9920358411281
592.8190722191546
592.9699912820307
592.8828676252807
592.4771671162841
592.5631087984481
592.6229233095614
592.0520465453814
591.7302020749383
591.9865069341507
591.9223692988261
591.8259766475161
591.9117070401508
591.8520373303204
592.1325209601965
592.2534284024115
592.3136354561888
592.5809128000066
593.0649020420125
593.2541161412902
593.3183033771312
593.6196609804506
593.8375740294267
594.3778917875243
594.4374998176369
594.5274189097188
594.6053027148253
595.1566951852079
594.8387337604943
595.0418120040998
595.1093362911636
595.3397532491147
595.4090582667976
595.0416907834904
595.293713607857
595.4539721802875
594.8464185300795
594.9743850131626
595.1657310378637
594.7582018856356
595.1698810742222
595.4114103302634
595.6594633255152
596.1913909516938
596.0741924511765
596.1572941210292
596.2780136074645
596.3709938305036
596.3006327073729
596.4098214013417
596.3375998675061
596.1145342062008
595.631636918293
595.464692277309
595.3723991940844
595.6770205125334
595.1828418944636
595.2543122318122
595.8867636665335
596.0865040135955
596.2480715473275
596.7180879052563
596.1194438632792
596.7728309780581
597.1784658073452
597.2537933674884
597.7812287848743
597.5009898181015
597.1499736872382
596.6401453175015
596.5099942903779
596.4392838240713
596.2447177712345
596.4209639077093
596.3012574139523
596.5639515145049
596.9571453982163
597.4659130559302
597.5399449903664
597.9564992534704
597.8830627558932
597.7847524013472
597.5020653339536
597.0632097019932
597.1600050945182
597.330225120542
597.403842272828
597.4745681856723
597.7468883090311
598.2514326830238
598.1900084669654
598.554795050867
599.0666191922267
599.6321883536356
599.5382469314818
599.3408983739799
599.2585424038149
598.6050106439352
598.5158797802602
598.6606927957054
599.1625463856726
599.2500045985945
599.6022661334886
599.6737684322649
599.1707903512232
599.3203696846783
599.3910194788956
599.7477005924203
599.8458409185414
599.9582525313389
599.5336573487842
599.5947972988579
600.1526650273905
599.7631635639008
600.2436924338792
599.8657976745687
599.7011792133691
599.7708520364396
599.8319461056931
599.9021439007747
599.8108701011511
600.0692306371099
600.7021376192502
600.4129131308894
600.5156498834438
600.9082699220735
601.0707995098104
601.3071158078584
601.8210929394091
602.3968968206482
602.981179126409
603.344062318862
603.4684758244472
602.8358191607192
602.9210037298683
602.6165220396445
602.7652517176392
602.9084389392232
602.7202714912826
602.7806978942859
602.3174906976213
602.5088560261568
602.9389752262982
602.5650412856354
602.0946490569102
602.706857461602
602.4116128639023
602.278767818634
602.0018661543685
602.2594304740732
602.7039136852023
603.3445697304322
602.873858158438
602.3602908155508
602.7238056757992
602.9061261307772
602.7628893953935
603.0555885151217
603.1944716326755
603.3529592441076
603.8979277346642
603.6142127676844
604.0163899875262
604.3043926413868
603.692679699773
604.0909199419582
604.5164459186698
604.048910896601
604.1333254105515
604.2510621692219
604.6080032184408
604.8352639925671
604.2135196869907
603.968714876545
604.581571385816
604.9308064877372
605.5947067095364
605.5341397372949
605.1177418217774
605.5799839617213
605.642026543198
605.360467007554
605.2301643305937
605.1682858124344
605.0760877012714
605.2689219236338
605.1882918895074
604.6448546209486
604.2684160294014
604.698615092159
604.8617150395086
605.3354305577383
605.5700423251069
605.9727102750635
606.1484435649432
606.4184235646889
606.8368400075772
606.6937242045146
606.5258725929323
606.5927877042146
606.6887463469496
606.8569556387494
607.0035167794316
607.1514759193672
606.9715434983486
606.6000946080134
606.9997840454341
607.1395549178956
606.715065760971
607.3519916755943
607.9978780960283
607.6271742566013
607.5443133977693
607.8934032609968
607.3867779685463
607.785972933235
607.8772316070882
607.7781785622075
607.8975731053021
607.8355523958695
608.0697332475
608.1393722842462
607.7364457594844
607.631035387319
607.9819312374193
608.6231788360158
608.0206413723442
607.9079646746029
608.4132734617702
608.0818662130825
607.6298444033761
607.6999281100905
607.8548708077401
607.9804168390066
608.0850825602284
608.4540880433083
608.5243956543161
608.8865853103047
608.5926203612747
608.5183235330593
608.3230078410954
608.4253282746336
608.5262731069981
608.1183877937943
608.5342326730482
609.1837461996257
609.7406140073947
610.3525521021742
610.0776986493946
610.2781225194826
610.3856710222358
609.7398237349934
609.8018275528145
610.0052383781751
610.3724463732045
610.2845578230105
610.4017884177736
610.6283370510318
611.0217198860366
611.1438739296754
611.3798492338357
611.0288247572316
610.7935662589651
610.8908033908887
611.2104115639246
611.392723067844
611.5625529139933
611.4798390308322
611.915145663018
612.0266708923893
611.3561844669158
611.040371305277
611.3225606128979
611.7397457276318
611.8104081191105
611.389901942119
611.892931928036
612.4507761233001
611.88493876125
612.297833612062
612.1046177381915
612.4219590163702
612.7610436167239
613.1713898906366
612.744700270765
612.5912478353267
613.146801713449
613.5502883245165
614.0482149992029
613.9700877081488
614.3521993104775
614.8138678224068
615.116932283779
615.0474816656308
615.4486811386818
615.5740200112588
615.4546899418831
615.5166076841134
615.6843002374058
615.4197665886287
615.33908677974
615.2273309860052
615.5839191668804
615.0117559976044
614.4563601414173
614.8836061229847
614.334546889677
614.207668637459
614.6306701629733
615.0226322732283
614.5056859914786
614.3471931063518
614.4158772621317
613.9315291434335
614.1473344407933
614.6789371387006
614.8852808044936
615.1760889188429
615.4946433830964
615.7791149386613
616.4552360791415
616.6444057869592
616.8587542675175
616.5687069063888
616.7471989174106
617.2565230168033
616.9924239708606
616.5924458143368
616.4234512159844
616.9057224922502
616.8403701879448
617.4111013197269
617.1034077822459
616.7679529649732
616.9129874774569
616.5677607326726
616.6334859295616
616.7726655580674
616.6731526587167
617.259342579812
617.1794354160173
616.5886616671577
617.0895753548932
617.1712211260782
617.5409869735105
617.7046276087734
617.4789610857362
617.5999540628968
618.2419457769302
617.7781385756092
617.2755751206932
617.0004112558443
617.415847588522
617.5356806645557
617.667626116911
618.0209076815601
618.1378876826066
618.665989957508
618.7292478831337
619.3414776129175
619.0616635814871
619.4881676043591
618.819850462456
619.2812873486935
619.8640517023728
619.2002988424739
619.5777805152575
619.438557288283
619.6747299449593
620.3101938054169
619.8155894981879
620.2590077021883
620.727405365471
621.4058920773301
621.2835137602004
620.6038567610944
620.0346201961871
619.8357970939057
619.3926798896476
619.0588307861183
619.4148855897429
619.4770028096879
619.7365962573605
619.8577814090854
620.3366528089095
620.5972649572718
620.2091262236734
620.4976062118976
620.3364248646201
620.8883864946669
620.4895008085815
620.427103705312
620.5106520293176
620.8636591074614
621.521597211777
621.7711094492723
621.667945960115
621.5883205673368
621.010605052446
621.6820272354086
622.2094921858328
622.8061563644188
623.337547702915
623.2358292542624
623.0980542699956
623.011002404722
622.9341302758744
622.832631433316
622.3226826466719
622.1605729791826
621.8165100188975
621.8792820967126
622.0848500590034
622.2789225593061
622.6810403623987
622.0583873925223
622.3733417970159
622.810160865045
622.9598271139955
623.039495592114
623.3107025924149
623.0243799374227
623.4410441810284
623.0019719721333
623.2329364894981
623.3690344504341
623.1516308440522
623.5616682313778
624.1719573038423
623.549471597129
623.924014069843
623.3571455187654
623.991602421117
623.5313147607931
623.9216423468927
623.987447311979
623.8636376274459
624.3312503146201
624.8930393854357
624.3543404712117
623.9011828963037
624.3743554914487
624.5918885402293
624.8401310316767
624.755930378656
624.444509634466
624.1114715465858
624.3663166722546
624.9451052828999
625.0919004847162
625.0293234633273
625.501178004349
625.5693304189823
625.752421718103
626.0077484131652
626.5845801782824
626.8672029460633
626.4214224802105
625.8213796487323
625.6640369270528
625.5644003042371
625.951164972201
625.8598268848973
626.1939242870606
625.5661385086531
626.110954158099
626.2484357138557
626.1701448933513
626.5350674490662
626.6472596248101
626.9066003916173
626.8319729942767
627.4850583915425
627.258219872804
626.5914424820103
626.6953707322485
627.1445763538018
627.432257160144
627.8884400352475
628.2567871539927
628.8473538256461
629.4874112357172
629.1535343024412
628.8438494406015
628.4825972817614
628.5719215692105
628.4189852230458
628.3529145295515
627.7182950493113
627.3672194228991
627.6313614343525
627.7526528456768
627.6858002513388
627.5440993225685
627.9212801071527
628.2644291010021
627.7106885151204
627.9600246777113
628.1450797213286
628.6007835586483
628.2687067324098
628.8529898176037
629.4510648402967
629.0773366997255
628.6206162363884
628.1724361627602
627.6040677750002
627.6778779201069
627.7886256547336
627.8524172979189
628.4960920620133
628.7114125935188
628.9138861003903
629.3568990176243
629.6560115760545
629.3870560461746
629.4601421810744
629.5585033418977
630.1518582604117
630.3468001654647
630.4541917430446
630.2678141960182
630.3708362699313
629.9714790685646
630.0624017178648
630.1360127553651
630.797873918852
631.1561749536033
630.6095941284175
630.7841350164076
631.4430050802639
631.34085212111
631.215988787747
630.7533050134781
631.2637967593133
631.200631398822
631.3012898947737
631.3740851676432
631.2294098085318
631.8971042214775
631.606821518641
631.7586832142091
631.5254910341976
631.9938970392036
632.6849816319194
632.8388426260842
632.6200629777868
633.1011478421757
632.8440595258442
632.2713179257585
632.4785311384006
632.3890644368487
632.4528215947023
632.2028015646586
632.3042191847322
632.508393466271
632.71664369471
633.1958330973218
633.4083174507795
633.8724781322219
633.6144852490229
633.6859541907686
634.1361714109913
633.7367109604861
633.6542999461744
633.534693294445
632.9752125419384
633.1124773006413
633.0027598003495
632.9390422164525
633.3774464563269
634.0076953012041
634.311826287286
634.6659175875093
634.2091265427359
634.0755282946874
633.5817214552903
633.8610487698004
633.6971900798211
633.8166338346414
634.5103631606173
634.6879526094284
634.6217288670994
634.5468515130129
634.3686944943278
634.9418432836379
634.7739422669764
634.9212290669266
634.4061755792231
634.1463184261734
633.7436972581296
634.2640938948203
634.7318812106492
635.3611791253161
634.9621968438388
635.2033292282351
635.5449994209806
635.7337634332314
635.8097107053171
635.626995733618
635.9178548763982
635.9823372933259
636.1603828260139
636.339884895588
636.8231040867839
636.1338229003952
635.6324980460478
635.7494220799354
636.2480927445333
635.8964872513558
635.2336017442224
634.8535358019648
634.9177560299528
634.8121544832352
634.9633448829419
635.2735346211911
635.4098063898865
635.4963913609694
635.6508435086754
635.7892727130981
636.0620393230217
636.5340952393294
637.2091454084025
637.0216996705115
637.5718096401864
636.885886805371
637.3533012168637
637.6306138778281
638.0686174616325
637.491599824786
638.032123067155
637.6473444339395
638.2468329147874
638.435427980763
638.7109736396387
638.6344978538467
638.3262039189983
638.1801584450782
637.9372599607259
637.5059550854072
638.0962863929534
638.170177821271
638.5819970738545
638.3914624593466
638.7717816238134
638.4981041417097
638.2929547229637
638.8864960275038
638.7874126547309
638.7160346870792
638.5111084752936
638.945265864438
638.8317341169055
639.5096065853693
639.4440038997392
639.8829129679013
639.2223147169909
639.8954410497843
639.696874762224
639.5273664248781
639.2088310790688
639.1162106388132
639.5554978184595
639.759204848251
639.5144488945665
640.1755871429933
639.701431273996
639.1449273052332
639.2275326111796
639.8733867109524
640.1519966762073
640.2322961557866
640.8256134804666
640.9702018516509
641.1485410820574
641.0325908057774
640.5485743771775
640.1416159598117
640.5460096212083
640.6329243022473
640.7081167591684
641.0802518869752
640.4976996241778
640.961558123241
641.0373041602996
641.1278473726898
641.6632379190668
641.7315865497317
641.4899107881737
642.1615980640203
642.2589821248474
641.9078335699436
642.2670853535136
642.4034449396313
642.3333175743436
642.022755727625
642.1175163692532
642.2211945080159
642.5968557295492
643.2956921861758
643.8146654782139
643.9318103088892
643.7765898684537
644.4784349048427
644.572127279661
644.9771661399442
644.6024081680604
644.5315006563206
643.8785490837184
643.1951937122174
643.4900369951032
644.0974567106796
643.7748108891398
644.0847317172554
644.5685586387692
644.4637256321905
644.0871641632801
643.7919274019616
643.6792019818375
643.222984604486
643.386530324988
643.5503575842876
644.1938896230747
643.7595341217773
643.2833478363383
643.3654108353601
643.4355806839753
643.6478515866215
643.9653476141583
644.184489246584
643.5117852392531
643.7619696100086
644.3217632054002
644.5344931830377
644.7672344928459
644.8700982691613
645.2353884287131
645.3083884661712
645.8198360997641
645.4192324463501
644.967025108885
645.5323045850193
645.612913853261
645.7146418887592
645.4208560617656
645.6218384722861
645.7357414930484
646.0706811526168
646.1633205998132
646.8311983347749
646.3859082911508
645.7813430461034
645.4213018868656
645.3230063137979
645.9572002065256
646.2623608470977
646.496655231514
647.1395525512403
647.2957555517607
646.6283089467912
647.0034537169603
647.3408157742853
647.1520985273581
647.7336943034572
647.9156281196987
647.8496487443041
647.7540554392154
648.1645128614485
647.6223172170155
647.8690761539979
647.7995758175241
647.1866321051835
647.3875522440862
647.5891240951048
647.7777097509405
647.8494451623014
647.1847798274057
646.8151761185906
647.2926303685924
647.3858627648823
647.7399558065209
648.047759671658
647.9805169907663
648.2201783461913
648.4336483309668
648.3490847082822
648.4253634515763
648.8011561732272
648.9073365505362
648.7138323430792
648.4967706633555
648.5617163632407
648.6343119156328
648.7902503854383
648.6484129651492
648.9752814084101
649.2489791368153
649.5582269479022
649.4195558050698
649.1995632033838
649.0660433966063
648.5681501672648
648.7852796726439
649.0008964104354
648.6999010512443
649.3975503447604
649.3312922087139
648.7226192975722
648.9208908575772
649.3021965534845
649.9720426531034
650.5604594629858
650.068781728096
650.3940268757954
650.8242732821352
651.0352156167701
650.9345001198411
651.6458652381641
651.5107826404333
651.9888287133758
651.4780522410128
651.6157487357505
651.2264304514414
651.4982940111495
651.8977869568195
651.7532364602313
651.4075996075703
651.1343092147986
651.6611625293951
651.5895103272832
651.7641644814047
652.0438595140079
652.2983810054052
652.9242460593325
653.2760236768938
652.9839644485533
653.1298214612043
652.6354309489869
652.5250755462475
652.3272705016748
652.029150390109
652.7064273961199
652.8897727953147
652.6164968231894
652.0127322569067
651.8650999388401
651.7878944920756
651.3614151657741
652.0752294774135
652.2869783855404
652.1648621346449
651.8463265651618
651.4440026733046
651.9740827277052
652.6156607823891
652.0546708304282
652.5453698672712
651.863102539311
652.1959342744491
652.4278017597113
652.989201795181
653.3115367925859
653.7124563109842
653.0362745677716
653.461681402004
653.5584269108084
653.9370011472595
654.0057330376612
653.9237053141838
654.4617103089025
654.5411197878576
654.3394422733626
654.9393665485779
655.2740475844139
655.5974902332459
655.8372048194396
656.3608407969608
656.283694416287
655.7897797017943
655.7157070091248
655.1057257940369
654.8320486340224
654.7233346277421
654.2364081336644
654.7611184377085
655.0432603922396
655.477643569265
655.0327222237928
655.1520619079931
654.5902342937151
654.8441126645891
654.9577864949458
654.264338596935
654.4998064404716
654.7949657531275
654.8822047394391
655.0042520887555
655.4915122692902
655.7865201364108
655.6666809733123
655.8529223596017
655.9266528366389
655.6270452209237
655.6927586625256
655.9161163149731
656.2330235900175
655.5319485830585
655.1818876368271
655.6878980614422
655.2913066914623
654.8243938507944
655.5087780521044
655.9988165933624
655.5903666514611
655.7680387941855
656.0656150538312
656.1322523600686
656.5715222256825
656.3286830718159
656.4790283730027
656.5456303177862
656.6532707860715
656.7469775108092
