4 0 0.0 2.5855133652717828 48552.447882317014 2.0343403074175175
552.9440592995456 552.8368242618883
553.3312540787139
553.7682377349072
553.6090649194929
553.810849600414
553.4691909697099
553.678874444151
554.184099589265
553.9703207738825
554.2000400195726
554.2593275417939
554.3891248569407
554.9316982867863
554.375589281742
554.7869214320891
554.6122193500055
555.137899904423
555.4729512386955
555.5998231215764
555.5161682068344
555.4091130963508
554.8910060241612
555.337560156921
555.1502326729095
555.2419941005215
555.534181600013
555.2049224532044
555.3165820573402
555.8596060345176
555.5575597316732
555.4895742166394
555.8021544989543
556.0353599901448
556.5629317421577
556.1674163467254
556.4083023305162
556.3236736638397
556.5665434896334
556.2476674054637
556.3382737987818
556.5969012605035
556.6545359702553
556.7130069503836
556.8710211162107
557.0854779074415
556.6716347715547
556.9815547407088
556.5108596367187
556.606693684095
556.5482753242525
556.2290335378207
556.4999784382944
556.9396217527835
557.3218178244745
557.3919667787254
557.4498497797128
557.763107810687
557.9945422143103
557.76184608348
557.959891631021
558.4676175678366
558.5975395252029
558.7892819049138
558.6715985443207
558.7303528711576
558.845000010396
559.2190651035011
559.362778049231
559.4339726053854
559.3386755450745
559.0646265219007
558.7953108640193
559.317442574719
558.904121622084
559.4030942417368
559.7724252466085
560.1434944108439
559.552173241466
559.4678105163887
559.96634200758
559.7089275682226
559.631797959752
559.6882506976619
560.1321471757609
560.2023857204313
560.3547669902057
560.8205019090855
560.8922965485597
561.5043002906235
561.2453724675746
560.9989639756313
561.1124139085123
560.6297618490024
561.1040784767213
561.2229026880991
561.2818010808585
561.4357639964785
561.0054090354362
561.1684986586157
561.4871587547394
561.8701500540961
562.0263221319968
561.54687584698
561.4895423708429
562.0978586326632
562.5043687366953
562.2344912723038
562.7839174045437
562.8979948713408
562.680120908702
562.0788400201612
561.8935180289662
562.4055737268202
562.4871560166548
562.6094734346299
562.2528359934335
562.3565451887632
562.4725354332122
562.9914219871882
563.3412004810137
563.4066313390676
563.6607473546853
563.168633457116
563.3738993296425
563.282480982287
563.7839534659284
563.7249384725731
563.7817450270422
563.2169241394081
563.6994858642903
564.1468655623289
564.4077764264515
564.0759534821225
564.2842763072167
564.3849674621817
564.8023660661845
565.3899390393816
564.8777414269998
564.9460452439181
564.762843845101
564.1474412616861
564.3153628242794
564.5101993061966
564.580939752709
564.9512813791064
565.2939055063559
564.8773144646362
564.4822918240169
564.5388621504234
564.7110539676349
564.1900676512554
564.2847718209349
564.5010820997786
564.8839368983506
564.6234797073575
564.9310981194742
564.9938446162274
565.1540866077365
564.8148270008099
565.3584575002699
565.7977177559072
565.5978271646766
565.5290265982484
565.616679214779
565.4808079358656
565.6760309632932
565.799567591286
565.8664866244537
566.4676809910095
566.0241701395648
566.3213002697777
566.9096266996394
566.979089763614
567.0399660026574
567.411169545045
567.6280486968413
567.7680418671575
567.6953580912467
567.3800536372748
567.4637531839021
567.6917658041743
567.613145804164
567.5043541613101
566.8852333516516
566.9473284605805
567.2925536873686
567.4146165876265
567.1014998512024
567.2226060985607
567.5593410898164
567.6260731717517
567.7152553727174
567.2436491330059
567.3218565662909
567.4507195508671
567.9791300618867
568.0433498260362
568.2143501934441
568.2962560671776
568.4726973914078
568.5295487244905
568.9547583500954
569.5155118091919
569.3924868875317
569.7193123015286
569.8662465745566
569.9448999141595
570.413260568197
569.8975065742887
569.7201187167685
569.3749741902616
569.1516821309795
568.5282546836274
569.1175393558576
569.2906165505116
568.8633717138403
569.0077822869467
569.1182815497464
569.2127355847009
569.7327494501867
569.16634301702
569.2307769040416
569.3580661371267
569.4349278344921
569.6484788857243
569.8533604546973
569.6794213676711
569.9442910937958
570.3569132446081
570.9620163102595
571.2011783275284
571.3468226404422
571.6065509946302
572.2243082618703
571.8818842147987
571.9525658969314
572.3170249367164
572.5300719605074
572.0582876228594
572.6337512085445
572.4141194592735
571.9095134053752
572.2199013938518
572.4005542193788
572.3400400641572
571.9367548127598
572.3509147023472
572.6667101732618
572.3904563235664
572.5266768752354
573.1226870749618
573.0630099943345
573.1242055563567
572.8898775473275
572.4732098142758
573.0962114991261
572.9774914528766
573.3710483180694
573.9198231864509
573.9787224101851
573.6559641065471
573.5918386042036
573.7666878673322
574.3265909420742
574.7207277592398
574.2917759779232
574.10269421143
574.3180073945782
574.2231312297401
573.9928069699929
574.1360973704593
574.3667121493164
574.6562855363871
574.9465896774218
574.8858364680934
574.6904474988588
574.2452898899431
574.537077943665
574.9504923111783
574.8206610505143
574.7579126786964
574.4945795179295
574.921948081748
574.7542229857369
574.3028566502967
574.096405574917
574.3410906864042
574.4003495214384
574.7009264287858
575.024138139819
575.2393593604454
575.3043277317452
574.8646255722664
575.3286497621712
575.5987028630077
575.6594291898671
575.9283621976233
575.9973270683346
575.7163471657161
575.994202952088
576.0659863702181
576.2082663692286
576.66195793451
576.0998916989021
576.6196981983046
577.1043539412022
577.4355822890029
577.7836184552709
577.6771530883376
577.9979297598799
577.8220365965385
578.3935109465351
578.2390563414214
577.6563656983769
577.9585956528766
578.2988013834942
577.9612020533635
578.1115445324021
577.8007856020672
577.9944392359981
578.2241639277128
578.3002748158234
578.6143191269588
578.4977748617374
578.5698536865596
578.6487980589546
578.940862873015
578.6457106503651
578.77016375585
578.6739004800947
578.4613529101713
578.1551713708928
578.3522748760171
578.2875413126906
578.1350751388763
577.8274785986115
578.0173304059788
578.5989615813853
578.6646007543901
578.8369198772605
578.9217224530958
578.8423486352958
578.7817590294362
578.8456950656097
578.9072193037505
579.162757693357
579.4333853042367
579.9322044547066
580.1221909233755
580.0495232033186
580.1229192650204
579.9570408926024
580.0853109162675
580.6708776454042
580.6016155176579
580.5297350732698
580.7467340556962
580.3420792398771
580.5380093105485
580.6182634806065
581.2383493492903
581.0372205018596
581.4186892502888
581.6633003628514
581.4570383829869
581.3243526510782
581.080021838706
581.0211184406614
580.5194558947702
580.7209623617232
580.8757707980221
581.2738411211308
580.894037318065
581.2082984475594
580.6305284150237
580.04954138921
580.1458270328744
580.3928037682316
580.5889086723249
580.5096035223037
581.0531076275432
581.113210953539
581.4910422433514
582.1013315016862
582.5041421591231
582.9419835244194
582.828119559107
583.2342378056762
582.9730486938361
583.1090824197898
582.6748295933047
582.9170890060014
582.6497064561354
582.7273607393964
582.8539965779846
582.995241317479
582.4452200848336
582.5887379606729
582.6717401997095
582.8259649083475
583.0448165602979
583.1657490388966
583.487603529896
583.6204113299349
583.9729452493054
584.0699592478045
583.7589982001356
583.8717391559164
584.4057444503175
584.9747259733643
584.8751846556336
584.4757465027365
584.1053980861568
583.5309358564053
583.2588260737141
583.4081000430016
583.8572840563779
584.2079131394806
584.4831344728358
584.6173930155418
585.1941272829662
585.3520296078865
585.8904536207737
585.6914578085573
585.5331694859321
585.0318606193514
585.289173620203
585.6381760672367
585.3978997583831
585.6844174873092
585.9782438519608
586.0543626113614
585.5016038374312
585.8854888452123
585.5757716675946
585.1710481190411
584.9871854793005
585.0570427833958
585.1178703823643
585.2037513547734
584.9903286466417
585.3776946622256
585.9571519933827
586.0345470406071
586.1768494126017
585.9290560786637
586.5522463154825
586.6425538759441
587.0719221836466
586.9220176257544
586.5173498774193
587.1558613286393
587.7629592432215
587.6385471200563
587.5171524885392
587.3623207659572
586.9445638032424
587.1929190140077
587.8119820221773
587.2873596286265
587.9022405427914
587.8404012675286
587.418412059352
587.5497032993107
587.0301552931063
586.9522050575449
587.1417973007445
587.2701594650883
587.5668819015061
587.7372703003197
587.8007948797105
588.2378406755412
588.3001833869987
588.8904613314078
588.6453659270685
588.7472726747243
589.1214778777558
589.032336467355
589.2351935552967
589.1746605343167
589.0411724873936
589.406288121686
588.9849709475407
589.0750223205329
588.8191756176184
589.4586620800563
589.1564360018799
589.3112208860693
589.4332731949787
588.8561475028721
588.9711788368568
589.0541811257697
589.5867893278553
589.9231076388213
589.98290472287
590.125498992052
590.3846440861375
590.5598315924676
591.0559663425116
591.2092917169604
590.975380643546
591.2813356417972
591.3673877096513
590.8612800735797
590.4823003218686
591.0344070898996
590.6721010714467
590.9746108906147
591.0349338197824
590.4380478086896
589.8328311441962
590.370481694645
590.6903066315339
590.7718075439719
590.9511635656341
591.2571975477327
591.6603936507933
592.189995972009
591.7394208732486
591.8016800766571
591.6872575974179
591.5065838513392
591.7126158509404
591.8451097688194
591.3495431779489
591.7095071530281
592.2238223331119
592.5148066223258
592.1336650515126
592.2182787514333
592.4100648372857
592.9371527730027
593.004590274619
593.0638910717693
592.7651928023649
593.2858063242879
592.858179938337
592.9267144327898
592.8254317217798
593.3910774921122
592.9183270705627
593.4790194427901
593.6346458388708
593.7110353479698
594.098300603175
593.9734309196223
594.40842908607
593.7586539068958
594.2470444036579
594.3196517255276
594.431003050561
593.9174027123275
594.1859709830386
594.006807957258
593.4835748874157
593.168871293359
593.3023615875334
593.4494009018292
593.5101800090551
593.5756328773128
593.6431771724007
594.2767814669561
594.530290346788
594.5955417809109
594.1876880517143
594.4572425144272
595.1021913395408
594.8242588988381
595.2947996278867
595.2335213327063
595.3249204830445
595.5649130648565
595.7108495447607
595.4260564277278
595.1505061590425
595.252495935835
594.9037207035192
594.9765519163279
595.1967800457768
595.8373986186684
596.1961111909525
595.9807499642336
596.5886971205291
596.0029930366204
595.7231232218643
595.9877069738294
595.8346616820612
596.0247933065397
596.6738243516418
596.7883610542018
596.2471154101243
596.3354558797664
596.9576322602927
597.0626334745356
597.3062639006208
597.0226512411979
597.3890145011397
597.2997349106797
597.4571927126798
597.7379596654783
597.6683076625278
597.5368129041061
597.4150334236457
597.0535836326096
597.1791429453594
597.6927137767075
598.1660406752109
598.4819073338438
597.9195450624225
598.4907210288084
598.7384232819558
598.2317393819234
598.0510521052682
598.3230020653789
598.4358987981842
598.0669442958446
598.1956825679996
597.803640498266
598.0014387658232
598.2567180938391
598.8679119514326
598.8076635443049
598.8693972758948
599.2965542525479
599.3748345284697
599.1700778724019
599.6916793572211
599.6312989994472
599.5663613647162
599.7301493181343
599.814929243263
600.2297828968932
600.1327786582199
599.5880038137302
599.7625304634503
600.1691166940157
600.2293743565538
600.1092955572648
600.2133856156938
600.3917620485502
599.8791686010662
600.2088004821435
599.5700093039674
600.1146389211524
600.633043654836
600.8092276492168
600.2117400990312
600.7836560031956
601.1872295297543
601.0884817495863
600.7716293081563
600.5355222916637
599.9329855090665
600.496699343413
600.5771352167062
600.7956145981537
600.8693332265797
600.9378531969135
601.08611728976
601.3173722843751
601.8652936861828
601.466240057394
601.5870213243202
601.3257776366332
601.5149032177533
601.644061912173
601.7434026268934
601.9777617005288
602.44960836902
602.3437736310739
602.677520383957
602.6156882713572
602.537774837938
602.803249790785
602.4478038150738
602.9455090446168
602.8086464721996
602.59429751897
602.8293033751338
603.1326205549738
603.2930705865226
603.3872848812356
603.5664697665305
603.0814861647917
602.784353883993
602.9283479219155
602.9947310434991
603.1077376860213
602.6371289790218
602.9252622487234
602.294841846135
601.9159941089646
602.089784798681
602.5094050737287
601.9778650317932
602.4867053619879
602.6153383370054
602.3203080463035
602.389048100744
602.5210170116648
602.7872546498063
603.285624163803
603.4803141425894
603.5544560584391
603.7132333847572
604.2618876424032
604.8222976514106
604.5455826780592
604.7779542802061
604.8394591592155
605.0076673470088
605.076350776283
604.556969400614
604.6592489801728
605.323733512829
604.7889489262483
604.7284678111935
605.0252678606723
605.1457622347012
605.208597369864
605.4080817516825
605.531430209088
605.312649030256
605.5487179068899
605.6641755336536
606.155962978457
606.7951737484622
606.6751623504167
607.221979377365
607.1079017125512
606.6075275352902
607.1553077855888
606.7791389607213
606.1743958398176
606.3200483440703
606.8854206267375
606.5946093459244
607.0159510478505
607.604593678166
607.1362078516205
607.0016084632434
607.1039010729921
607.273252467405
607.3593400926516
607.2965349154108
607.9451904355856
608.1909645150906
607.73216139012
607.8243773861035
607.4986224817004
607.3454885257196
607.895783575563
607.5934434693932
607.7204722586168
607.6592022940296
607.588727237986
607.8744050095075
607.9998953583907
608.1278752568433
608.375678469848
608.5031718601172
608.3751480035731
607.8630994023155
607.5178928080576
607.0640536424359
606.9210488196462
606.8268390305088
606.7618371495188
606.8454483898353
607.0646601195058
607.2031674030428
607.4752621010213
608.0011741978876
608.5494839102682
608.3335914951307
608.567353621618
609.1765456435041
609.0619411210239
609.1228491863203
609.1841373167305
609.4704563713258
609.8909618989362
610.4863449698375
611.0314066509344
610.3687831610187
610.4311496436164
610.8860683690505
610.7009451215804
610.526602798745
610.1813264185289
610.0912008550248
609.924459668386
610.1905166815526
609.8574885086341
609.9500362724447
610.2004319078499
610.7407617136131
610.8566510650513
610.2965994696902
610.4126265867486
610.2488972427901
609.8897021602838
609.6487501194025
609.7130420310704
610.3266349595614
610.7156617745572
610.786464979327
611.1506373619333
611.0828890141868
611.4827778958121
611.0874426226716
611.156413873348
611.4232779772327
611.5713709160638
612.2195769577719
611.7578354667952
611.870165291174
612.1984972031584
611.7446308976594
611.8471859995578
612.3871916051105
612.3099188566275
611.9808526698525
612.5757987038932
612.6672320120966
612.784113402143
612.1935064030283
612.4168115823239
612.7773047977072
612.9901224269726
613.0567082037602
612.7339435269552
612.8646320097108
612.2794692556342
612.3417718262214
612.7361477656982
613.3777324630144
612.8633175705261
613.1287573570191
613.2083540773425
613.815408531015
613.6288780610608
614.1539112215711
614.5356613515474
614.3650786929954
613.9682304065764
613.4050018772984
613.6655379104329
613.1239625208448
613.6612465114555
613.5757513752993
613.8123377740962
613.5479252197575
613.6436374790325
614.1789777962592
614.0885418045202
614.1721450506506
614.0310417251987
614.3433133856057
614.7737443166942
615.0738937510936
615.1662470813765
615.793220637642
615.5417441279798
615.9102154456572
615.5123123678219
615.1811682637007
615.4383541548538
615.3083366223423
615.7609824453227
615.6350517984589
615.7533185531021
615.3600913427607
615.9350835080505
616.132333197914
616.2206465565121
616.5479719811733
617.1917816128134
617.3563794508842
617.2810824184439
617.2173165168206
617.3721671124699
617.1965503000433
617.4832813205442
617.234576293623
617.1257730784739
616.4876137749623
616.0033976284329
616.6675821462345
616.7321575270796
617.0975495506976
616.8699479675831
617.1668550832611
616.8247174738826
616.9440294972641
617.4481839158711
618.0673172859066
617.9991444822219
617.6697802216931
617.8256068981876
618.4807528420495
617.9252369952632
617.5762306283475
617.7600851327284
617.8227736875644
618.4661100619738
619.0781394140114
618.8928575408878
618.7488236542887
618.1330362479067
618.0685755295252
618.4616856829299
618.3479209051922
618.950947931812
619.0762943954168
619.1958117056154
619.0848367729616
618.7836821743242
618.6073725045143
618.9450897038364
619.456401651991
618.8836641916264
619.0021042044468
619.6167950214027
620.1446872135211
619.7263475704807
620.2815949448328
619.8699941437546
619.966948171542
620.434552383219
619.9998690992783
620.5993533398047
620.7435595145728
620.0721216773604
620.4007484463044
620.2552389760539
620.3510661780015
620.2596258664362
620.8584564055535
620.3577324596787
620.5660793856871
621.1543063258334
621.2194362354398
621.7803853181493
621.6327058311541
621.8853160815806
621.7267259184985
621.8026442242866
621.9377527133598
621.6974029267282
621.6287420199761
621.5539069540184
621.7137411739451
621.6447604358848
622.2674597946096
621.9179246303122
621.7838420630865
621.1272182593567
621.7057901724512
622.1982036764688
622.300386320854
622.2346985540528
622.3296755335351
622.6443302942833
622.5620288812999
623.1637726802594
623.4165748167683
623.2286481279885
623.3451360979793
623.0080411326411
622.769937445459
622.8650633870641
622.9900425885945
623.4657469319366
622.8275651001047
622.9337546451844
623.007384137503
623.663577289777
623.1903174028135
622.9764546697932
622.86460320944
623.0697249547186
623.1442488071632
623.3062213010201
623.6111741452286
623.8559978163214
624.3031054268432
624.6350823393476
625.040598238239
624.400092454183
624.5654997944249
625.1267002989057
624.7310495266267
625.1241961991169
624.792707236105
624.481317913141
624.3626339635777
624.7597664511324
624.8307966068212
624.7293569882171
624.9832523789025
625.083271700672
624.9470724156322
625.0242019862847
625.6961303671252
625.1014059122881
625.5672899829656
626.1663687577911
625.4939198460678
625.7864400426632
626.3184638793914
626.0976126279243
626.6712632751371
626.8564178561244
626.6638530030988
626.864931292417
626.1955819326301
626.3120098346351
626.3932432757688
626.7412564952944
626.804480996791
627.1839750757412
626.5812167810464
626.6585608674117
626.3643584028911
626.9860152483537
626.4065230701507
626.5309917460808
627.0733810384252
626.4409491908999
626.7834796161758
627.3726864707763
627.2669727535082
627.020243798547
627.1407163861558
627.4752477401786
627.3542878983047
627.4840848646455
627.8121832471435
628.4104610293983
628.31560150321
628.1008648693659
627.6093910468617
627.7379087714709
628.1190362145518
627.8435540410723
628.4542589220547
627.8137242130268
627.8823766846027
628.041838879494
627.9552874294216
628.5637265623071
628.6699086253799
628.3889987749321
628.4650683613828
628.7803302468103
628.8433287916788
629.274634997063
628.8657870546657
629.5187780004686
629.1520078503938
629.2243374234586
629.1343749696483
629.0545394950699
629.1786252211953
629.3147721227921
629.2382645468192
629.0452977413532
629.454162863749
629.6043122312974
628.9393085812937
629.6052644414111
630.0890778419504
630.3276361130994
630.1840147046601
630.2521085537933
630.1766136424327
630.6499533723478
630.9276311709588
630.7554708022857
630.8379765123294
631.4954705298694
630.8847915879397
631.0918213792993
630.5424381665316
630.7707484091106
631.2008502125627
631.4892390969944
631.3954377094756
631.676227862386
631.3802493494853
631.0282044163308
630.9133110885147
630.7308059254717
631.2207230172954
631.0218792492116
630.8752874527597
631.4575932894178
631.9633961754953
632.5923735826079
632.0620251428057
631.9201673126511
631.8103355542712
631.728982632327
631.1506812857095
631.5247923337822
631.72309381577
632.3649671507447
632.0592611341137
632.5690325039092
632.9112306627384
632.406066879223
633.0200212810855
632.9388031486232
633.5968144854913
633.9545771585631
633.2641089515788
633.1121870465466
633.0462604999088
633.5836664547287
633.4802993498246
633.1029672004489
633.7941034486549
633.1025312191495
633.7502711179621
633.1718463658473
633.3388660551805
633.4924755202225
634.0541613143249
634.7233740719502
634.0806525673514
633.6771022715582
634.1247133214924
634.2290451099077
634.1626365006117
634.2996893811693
634.4251580394507
634.5360577715261
635.1624501912687
635.2398650296358
635.0888967351317
635.7431745145917
635.2348183425788
635.416619726785
635.6157828083909
635.9222593626897
635.3759276761213
635.4832346028348
635.3628313793645
635.0466933680981
635.2719001445047
635.3662136176625
635.4320206943084
635.2826037188212
635.4314980681646
635.8920842662517
636.1410106336701
636.4805376205663
636.9195407394008
636.8067228962942
637.3817496078029
637.2919390078106
636.7462443710012
636.3680003362641
635.8248623068686
635.7566222094088
635.4273645396427
635.5000356209292
636.0122422193737
636.3899601369346
636.7022006993188
636.4219332895718
636.6458689702143
636.3645315070436
636.0838704359279
636.4796624266344
636.415953511192
636.565274831766
637.0654443920072
637.724838514433
637.7949239240716
637.5797678843658
637.7831741720317
637.9545946930485
637.4268662297234
637.9212943950198
638.5361358030544
638.6578469733032
638.7808534917455
638.0795490187617
638.770272784254
638.5503027216756
638.4796953131353
638.4089946170338
638.8737993073809
638.7021114506049
639.371949439206
639.4365170537125
639.1399752778601
639.2134958687121
639.0646963896666
639.3205466589382
639.2528199112077
639.1560525164562
639.3542325729902
638.6996620316056
638.8016955645213
639.1712947241059
639.4368289047255
639.7049670494062
639.303695913905
639.654891374916
640.1853150533597
639.6338508821035
639.491898174045
639.80424486478
639.473476573158
639.9371555422716
640.4576666076244
641.017377564308
641.6755240656845
641.6101877507524
640.9432332276737
641.0635989445448
640.4562371581352
640.1883300908621
640.6250212601574
640.541358745979
640.645473735937
640.2226821284403
640.5026422490569
641.0774890152318
641.1798411057616
641.7028594497513
641.8986361884763
641.4814558260439
641.3345039709802
641.0023318271191
641.3887185072487
642.0416833479563
641.9724274472675
642.3525603230829
641.8224174354597
641.8886291181439
642.2275488677731
642.4562045935448
642.3123442607699
642.729041510789
642.2024984653889
642.4342566189058
642.6929476133104
642.9378018862725
643.0270594092849
643.3200774908072
643.0990643582614
642.9759285473419
642.7179124307576
643.1003123202955
642.7997196004875
643.2952334543309
643.9231753008685
643.7516968066972
644.3100962310757
644.8053863071193
645.4569096863455
645.8408099424495
645.7641430580172
645.5101600146925
645.0210915913735
644.9494173297002
644.663292960397
644.1909950203221
643.7954738384917
644.0331069098278
643.3379028391441
643.2186445977505
642.9750124492975
642.6283250461377
642.796038387262
643.0118281363992
643.0776946103375
642.7886808009547
642.9282512480119
643.4648730693449
643.9415796191081
644.0062806820084
644.2697588047731
644.755335129775
644.9130359897562
644.8062891339772
645.1629513897656
645.664768974396
646.3207194116109
646.4347787185449
645.8133871079291
645.5444911908822
645.617479129107
645.4384544512288
646.0661847096344
645.9766841608933
646.6411867574917
646.475263221585
646.7983256117466
646.1880044615316
646.4865702140542
646.1493263528763
646.3151988004668
645.8652508548439
646.080711596323
645.9836516869209
646.4605125363386
646.5320165526113
645.880988009674
645.954154380083
646.0462048644729
646.2374054213179
646.7536793624896
646.1308076061842
646.6345035163399
646.9101419645351
647.1662166520296
647.8389119510381
647.5332426467118
647.6443152354797
647.56530715822
647.656535909606
647.8615446582185
648.3080125501089
648.6944220714155
648.2269112394602
648.3089775148712
648.4343454459089
648.7235819802256
648.3901062178209
647.9667662352234
648.5595347053287
649.1822261386399
649.0789636194452
648.5213645952572
648.6219573134724
648.0368005478488
648.2162069745748
648.3541801964681
648.183298051478
648.3248753053525
648.9081718593179
648.8377888517307
648.940308845252
649.3776836393163
649.8893014198253
649.3973363200341
648.8915439302169
648.7690906928464
648.8456742599061
648.716352785832
649.2031580365805
649.8123627246639
649.4190889529248
649.7440577095779
650.3045872149897
650.6885115326637
650.5346863667047
650.3897645328836
650.2602714245338
650.0639556108222
650.6987905646519
650.6101725917789
650.014629755333
650.0824041064702
650.150331343093
650.5662763684583
651.2553556111977
650.5590536590779
650.9967514069484
651.1535747987631
651.7422698313164
651.3930419708878
650.9760406800098
650.26101723996
650.3845358887605
649.9485316118507
650.2848817877447
650.9159955399114
651.1968296701506
651.124482823955
650.9595133241079
651.2036929206739
651.3348086323024
651.5761797268281
651.4295384922154
651.328995271332
651.5949679032418
651.7797662957291
651.6264235664505
651.9752807861373
652.5608074045414
652.445791889905
652.3389465470384
651.9537489395633
651.8453101482586
651.9645976391913
652.3860836076096
