1 0 0.0 1.6944715755787951 49672.632215928286 2.55
564.3741751943572 564.8044071819725
564.7445553085521
564.8015432437317
564.7433619657039
565.1092791330441
565.5908952904481
566.0287758316883
566.0894296087802
565.6397404195496
565.3865887968084
565.4540721527593
565.0172968875268
565.47944256983
565.6810645377985
566.1449149711653
565.8996409162406
566.5050645041331
566.1998967585149
566.1301751248233
566.2003188203742
566.302080922016
566.7345740706699
566.8811829979219
567.068579742373
566.4465324138718
566.8513660696201
567.3188049836983
567.2068304167876
567.6588926563352
567.3805056483548
567.173115205219
567.7715264038973
567.8998734780738
567.9844237138044
568.5879280884151
568.2941218606258
568.2234028329699
568.0842312572325
567.9265574342647
567.8270127283804
567.9892753240883
568.0786563070593
568.5359488983316
568.7499011030076
569.0709410975769
568.8119503449482
568.7425261406484
568.5700088750239
568.913060501554
568.625596282808
568.9656801841779
568.8769423046829
568.9632831097066
568.5023026744648
568.7078287863468
568.9731051633685
569.5113112264183
569.4247692690909
569.5293414105124
569.4619129058233
569.880319176145
570.208521756564
569.7647790305257
570.3719974795475
570.5392255287833
569.9581120902409
570.5327027439799
571.0409716071019
571.1714033910184
571.0171044099413
570.840365668645
570.9769467939045
570.806760809197
571.1069820426138
571.4912770634091
571.1676238495522
571.7071882235387
571.6366164363809
571.9420262561039
572.1769664663366
572.2721416368007
572.7220959776712
572.5109862755529
572.6244020124662
572.4528254986387
572.2767790417251
571.849822893152
571.9180434241199
572.5181584917618
571.984193386428
572.3029551330619
572.5556641688996
573.0845075718725
572.6206647687338
572.4463003685597
572.5350369722239
572.9614088897082
573.4286329905434
573.6407114273719
573.3005321563566
573.6741607916014
573.8197866580288
574.0123227851167
573.6773222499045
573.1784705923098
573.2562545201902
573.5253738330495
573.0702998164599
573.4539821481889
573.7971526951187
574.2527761325799
574.4454159357267
574.2244671812249
574.1134772026211
574.263020888376
573.9813732387399
573.640567260104
573.3944575225356
573.5118976953149
573.6774891701785
574.0283524469065
574.6338423313376
574.1523828286685
573.9760368571685
574.4350044308657
574.8687001481065
575.1666422376095
575.0015263341313
574.6143905982821
574.9021260607111
575.3415227451309
575.4161251252589
575.499021399329
575.8055134241934
576.1193404605164
576.1948962975032
576.3803139022184
575.7990230184769
576.0915310447077
576.2176753782392
576.8106943315122
576.6464270720794
576.1508021480835
576.6657716178644
576.1297999685933
575.9767080200796
576.4271689854662
576.6636907785966
576.7431114778643
577.1292194606812
577.0713552651713
576.8222550796995
576.479611047114
576.5630861902888
576.505250972136
576.7557885353364
576.9192191094597
577.275640080246
577.8704826187636
577.964445653149
578.0340850240941
578.0976108857269
578.2334288784041
578.6790372332856
579.2366764701045
579.0500648565812
578.4715011375479
577.8365917800387
577.3894398946668
577.22066789982
577.4835971940375
577.77069840189
578.11697248946
578.3820054191342
578.1943063120044
578.6682285850073
578.82435221007
579.1775239795402
579.6677153151528
579.9203962972567
579.7745083905312
579.4331343116394
579.5396063645998
580.0881909252245
580.4906244425736
580.3285582230694
580.6930077546302
580.5089517490919
580.6377774873857
580.4305759127968
580.5969298318613
581.0156624255122
580.922156149839
580.2983766046043
579.7855713322741
580.2499149771877
580.7113463304802
580.5723655378407
581.1015736970892
581.6916089681791
581.5348210671934
581.2449223421775
580.774859196521
581.0117228244312
581.0768553396597
581.643630512901
581.7459258884952
581.2795074720094
580.8841006640291
580.9492088191865
580.8387516364073
581.4758524794128
581.3731773581079
581.692247408189
581.2442510093323
580.6842687247288
581.018381789674
580.5641481734623
580.7204477158195
581.0536777566845
581.1341768591037
581.2055159777963
581.267181187949
581.7652003026895
581.9362096619009
582.178095857921
582.2614388803559
582.3772809189594
582.664435839567
583.2129584700871
583.3260939884983
582.9416599018336
583.0895890100905
583.2045836195904
583.5423555664229
583.626494266888
583.8967381291188
583.8016274034032
583.2527846453755
583.3468542649399
583.2879188772038
583.7572271420752
584.2002936756516
584.2803878641711
584.3866853087819
584.1689065266062
584.3748649586473
584.7009252685659
584.5734948933424
584.6829420409343
584.7829892401218
585.2299655378752
585.2908703742995
584.9692788467947
584.8111681713716
584.9298345978574
585.1476260759697
585.7687291318766
585.1423576040571
584.7103835786193
584.8498747076321
584.92259724477
585.1906852605515
585.7870218371003
585.8573726386485
585.6065154480781
585.8370032230338
585.4786994211072
585.5905487196775
585.5142669795746
585.7817541502418
586.0892948477385
586.7267493165418
586.8336266524394
586.7629422384555
586.5260058660687
586.6045131309535
586.7515834710871
587.0462945085629
586.4289098598732
586.9202125704743
586.4987937039605
586.7411852117742
586.1715101777935
586.4920234194544
586.8420383257516
586.9179495769095
587.2047188786261
587.8072378516573
587.3907120901949
587.712736783788
587.5699959543755
587.6717692326092
587.4399098127295
587.7362081016574
588.3380697082325
588.1484759768704
587.6714364993297
587.8283684753707
588.3192244782972
588.5621815590467
588.6723183914249
588.5425916392571
588.3873867939144
588.4945933279017
588.6581384172903
588.7977852733957
589.3051374675803
589.7536124984683
589.2711531331469
589.5780989759264
590.1709724824113
590.3510761001697
590.8412266297422
590.3163347313149
589.9788034551567
589.5087999742343
588.9071381741707
589.4620419352632
589.5482869892909
590.186932902863
589.7530517007816
589.1058646025986
589.1916543804361
589.3185127023355
589.4594830154551
589.7196504817535
589.8467415007361
589.9739502671055
589.8813788225991
590.0980822302093
589.8952377624032
589.9956311839015
590.5770874671518
591.1429434852863
590.5409800629309
591.0414341778663
591.1267049723097
591.2257250043622
591.6622080465144
592.2042289908187
592.134399455797
592.6906423529349
592.6290811238125
592.5048068775836
591.9448543559189
592.1502512480691
591.7591111518493
591.1567532622969
590.8047342916097
591.324467880907
591.6696741926884
591.5910834562447
591.4242353683543
591.4842919569858
592.1085178984198
592.2796453640443
592.7023706258011
592.6311541497562
592.5291317458737
592.6132432047292
592.7367252954051
593.1451530450903
593.4058509107443
593.0460185245769
593.1294346515915
593.4071897375921
593.8523168850666
593.4288219621832
593.094663112716
593.3155181600828
593.4003961589351
593.1286953397523
593.2110535624065
593.4233134487262
593.8859111224425
594.5323025772574
594.4498481113864
593.9871139359996
593.8736391880676
594.217621653651
594.1483055650095
594.280108407318
594.5005188272579
594.967179427875
595.6076345144669
595.1920135443431
595.0437806509041
594.9267427690705
594.5870997653121
594.7874234804075
595.0398671941258
594.6934063242455
595.2551215501054
595.5953587798369
595.3853262259207
595.6774289932339
595.9126372016608
595.3240569454564
595.6356237996621
595.8162455705378
595.5660731876063
595.6780549875651
595.2697980869121
595.7433867505783
595.8419210274296
596.3912992033739
596.8040788360198
596.7351514917303
596.2937850553859
596.811749496729
596.5710477649878
596.0901912723768
596.4486582284746
596.5083388857718
597.0848123880952
597.5626519580571
596.9716410450627
597.1978116974983
597.7960583545063
598.407356792907
598.2356082053271
597.7039263541569
598.0755020565329
597.8527406545735
597.5926299024856
597.0744346751028
597.4504839016164
597.6562862724301
597.1753691838518
597.2815042527014
597.4425243683037
598.0297393418559
598.5736467398747
599.0196870989737
598.7206496491658
598.7956263301538
598.9483766474495
599.1462843696473
599.040954717485
599.1173736842417
598.7848745142855
599.0695099661438
599.1426619264452
598.7216391294928
598.8142757834822
599.0338510910555
598.766240254163
598.9061356669774
598.9742552466744
598.907139133624
599.3815708364413
599.4831031472883
599.6990946184897
600.0460081825552
600.3052215105619
600.8961182213342
600.4606965251023
600.6294041481806
600.9014231809697
600.8282239625514
601.131337885441
601.0397797537794
600.4387266644454
600.2961560875954
600.0603744501524
600.3127906744328
600.504962979694
600.8468318846557
600.907314800486
600.9686362665402
601.4055517565644
600.80471138804
600.6792414846343
600.8042412550286
600.8814340660499
600.9801918078641
601.0714097183481
601.2542756419938
601.565179699821
601.9957344119952
602.285979465502
602.9288565150475
602.5122077707177
601.8690845014
601.9664397993951
602.1012114096239
602.2571558406938
601.7353193952359
601.8531730047059
601.9691493136038
602.2907633229192
602.7975420351961
602.6713921632255
602.1394796103675
602.2107942963062
602.3446700630282
602.7387578673993
602.805211245261
603.4449564504087
603.6828620166262
603.7580792241698
604.0479857956682
604.2021247107997
604.1118578200881
604.2207545352051
604.0725084555052
604.2088646958747
603.9844360994128
604.4371457472148
604.2451218101128
604.3282805095592
604.007201432954
604.3620891551685
604.1690824664948
603.7524472376609
603.9319246324156
604.5833790771826
603.9936389131944
604.1710336598954
604.6342184641393
604.90054059565
604.2384902850987
604.1733330671562
604.3366735473895
604.7396442085504
605.3360030641206
605.4531198136171
605.7914223894735
605.5722234436446
605.043945472679
605.2115717564675
605.802877314081
606.0880264275307
606.1978147764848
606.8276525034616
606.5651854517612
607.1235495508805
607.1923120026989
607.3022283382918
606.9793289168292
606.6818582217085
606.5724499332972
606.4380340427238
606.9193883934728
607.096129051645
606.9926986935164
606.9065824209948
606.6883151811375
607.1703529036674
606.8481177778916
607.4368121365445
607.8024431564352
608.4333352825159
608.0836690853049
608.5882595056661
608.4069614222647
608.7892491451826
608.7189489866117
608.9640524741164
608.8036475929127
608.4116356920277
608.1425468169476
608.0760125271796
607.8576382157493
608.1942235211665
608.5981747573993
608.8763673060837
609.297773055637
608.9888310861228
609.0817579043828
609.6219122496108
609.9210928488078
610.4982552144143
610.225280334693
609.8701938934821
609.2313847355373
609.4011387555262
609.5016272230141
609.643543752046
609.4944386313833
609.412804042463
609.3453707945961
609.69220283282
610.3534377113365
610.2854634558013
609.6246033615488
609.3997292401557
609.1930967841357
609.2709549016699
609.1056947731099
609.543207991438
609.9660171600153
609.5159434318734
608.9503261074901
609.0962728816427
609.4857893308728
610.1379037432907
610.2051144888128
610.5916576437945
610.7266575990055
610.7995630841884
610.6891807671545
611.1736556018717
610.9302661375227
611.0944767812776
611.5401453365487
611.7520389580651
612.0474422380885
611.7900699711256
611.1818803155962
611.8418479540546
612.0902035087774
612.2184712488698
612.7551319736864
612.9805383113354
613.1250761880327
613.4096102460763
613.3251629374952
612.7520445712715
612.22519668196
612.6306490218906
612.3461946319959
611.8954074386495
611.3607186956422
611.6040915363292
612.2649441058636
612.3296475495465
612.520879117727
612.6089152885071
613.1714080401861
613.7975820292662
614.0452588811927
613.7457646663169
613.289795915292
612.8150313186266
612.3192187058011
612.1241329160107
611.945079135691
611.7145702952384
611.9893222033204
611.4608489497091
612.0530616565502
612.3925123681084
612.4855265491917
612.5561316309391
613.0906278323417
613.6142603607301
613.678643856951
614.2317731638392
614.8038564040523
614.7319451048903
614.641454861786
614.5383665485053
614.2814340283921
614.4602383804939
614.8060812114505
615.3485247399939
615.1543739863426
615.2161650873876
615.317873120202
615.746252575865
615.53043062248
615.4139457437939
615.0746023866296
615.5761006500896
615.1194599041226
615.2322765063132
614.7371412417865
615.0090930658322
615.0757126369224
615.613628643776
615.6971075438356
615.8139210848369
615.9825955429158
616.6467123571638
616.0587928659318
615.9966400966324
615.3680953591111
614.973061944209
615.5935871429589
616.0465538191132
615.8450923265626
615.9993797558654
616.3850131932859
616.9809478774581
617.1926722599619
617.5459387062685
617.6689912930675
618.2223709678858
618.5601207444057
618.115683432759
618.2548303399708
618.3664767288212
617.7080314691534
617.7840872582049
617.6155382412451
618.2343278595106
618.1484139836178
617.629751414032
618.0114790921277
617.8056150829658
618.073931930732
617.6055083455558
617.7011344219972
617.7817320689418
617.886907033193
618.387660552005
618.5262413515609
618.8678618387311
618.6860452790688
618.8286233971402
618.3496584643299
618.8608340139236
619.4015404721073
619.2076771620318
619.4101144568976
619.3192795788034
619.2524359012248
619.417622148846
619.6601957347314
619.970581491308
619.2924183470976
619.501065258904
619.4180188122504
619.1591984450948
619.2649550441095
619.7310143551676
619.8074309168094
620.0216897798559
619.3711822004692
619.5099366186544
619.5763362001845
619.7770131664737
619.8439185375299
620.2083621038844
620.3537888434998
620.5219142811638
620.5908510968746
621.2306738579358
620.7361847036482
620.8556283089193
620.1966656339058
620.1052549122721
620.3217081568101
620.4914689372756
620.3708183466847
620.8123806165963
620.9568788514708
621.3120558951965
621.3761383235246
621.282711585164
621.2021163720941
621.02344258918
621.3268010286064
621.8105931267792
621.2393064864591
621.7746282509463
622.1438045046898
622.6437275177734
622.0508819462927
622.2706018109529
622.7678926961296
622.1415335545264
621.9654464944964
622.1338173861329
621.6195986023544
621.9209954374576
622.4567261685261
623.0563991225883
622.9762637484844
623.1165452841857
623.7535817223453
623.5603146683886
623.3720043295975
624.0157955554915
623.7514837647078
623.8761254700006
623.7378727422301
623.8295661385212
623.4842602226214
624.0675758128468
623.4290881350511
623.5907268862637
623.7673063249956
624.1627467928106
624.2815971284914
624.9148050541116
625.5752408468189
625.1087786169361
625.2781243739745
625.0833622080011
625.1499426693936
624.6893194382207
624.4370988009971
624.8306486816956
624.9633595803515
625.2106702223535
624.6291575827595
624.7279028426013
625.2009752013358
624.7301809029258
625.2413289076137
625.3785858040764
625.6191135494007
625.5109325842545
626.0489070737707
626.148172823766
626.2823560671341
626.2139084551268
626.3923687129876
626.118714898489
625.554743695571
624.9923778153642
625.4058955949055
624.7943417210571
624.9356622759575
625.3963878638889
625.4989605087186
625.5817998206506
625.7315836713076
625.8260024034827
626.0780082044039
626.3111166337033
626.4083493954602
626.9660687265816
626.8781304647121
627.3271962464103
627.2473616307741
627.7791508312088
627.2095335917711
627.6370680155688
628.3165300953888
628.6484019679112
628.0375719667721
628.1746577106824
627.8775561695898
628.1595090634062
628.0742629343573
628.6376917646083
628.7112917089632
628.5986509175702
629.0125309106004
628.916619481904
629.333534661152
629.234193632614
629.4655080132068
629.869621688373
629.7100426870315
629.2102897745988
628.8830237377729
629.0127629122619
628.6625619445516
628.9085080380446
629.0092423125689
629.1831724238792
629.3467437735115
629.6493195438013
630.1362891527493
630.5191988998349
630.7916350455163
631.1667014191911
630.8954365815243
631.1745450884858
630.6021699050333
630.8884600497795
630.9686848403741
630.6890475671685
630.3546718614054
630.2718598285468
630.1864722157662
630.0405969044181
629.961308527626
629.8572143871615
630.08800005463
630.2485894032533
630.418814464742
630.8281971330141
631.4204602772295
631.1886503186461
631.7215443333847
631.8426091470056
631.9934797338308
632.456916734487
632.0893426555097
632.0072943809896
631.787001511366
631.6069831395439
631.4084168047859
630.9493592431043
630.3027460025402
630.4613380539483
630.9158729471833
631.0198763177316
631.4015987104751
631.7593159213104
631.881320441949
631.9547301204335
632.5442357095135
632.971504763672
632.533872298159
632.8254060308191
632.9843768027805
633.2522141016963
632.9294317380478
632.8493489514398
632.7852463750934
632.849077533559
632.9290305763028
633.5657340523298
633.7258530259876
634.4213337314899
634.0601184504441
633.8416013318272
633.9135439908687
634.5774404000204
634.6821491747347
634.1081931210532
633.4614983030204
633.8829499121659
634.0899204444223
634.7748154554046
634.0930938247138
634.6943507955917
634.9774664478041
634.5562218478491
634.7667495289577
634.7029996879106
634.5486740209294
634.050176385579
634.1846416608463
634.4388600153223
634.8984936044425
634.9691254959749
634.8715204942793
635.4248741783863
635.2594085368911
635.3555726760288
635.1265838808137
635.2315714742832
635.4934436758826
635.117614543203
635.481890730173
635.9849297820109
636.3277893554723
636.1023254919289
636.5584167567548
636.071967458311
635.9959697469942
636.336090915328
636.096795641805
636.3701591788567
636.5327912167962
637.171045463439
636.9747610891416
637.0961333330114
637.2999516354308
636.7657995117376
637.0305158736314
636.5204221224092
636.6983217247465
636.7982421328359
637.0479446979393
637.1906582470309
637.263299888109
637.4571181051493
637.3209639511973
637.6327922478689
637.0395306961303
637.2552050771623
636.6985834591288
636.5761251230534
636.6665396897531
636.7359460275827
636.5083007329509
637.0624083238522
637.2233370718781
637.0964686276441
637.6452332337237
638.2788799616274
638.1649770394623
638.6781934233627
638.3376013771208
638.4201843007588
638.0263933422731
638.3765444148094
638.843773674521
638.4139600058749
638.7453182511987
639.4235785882051
639.9245015537102
639.8416110233801
639.7227457963771
639.5429953080616
639.9303213627885
639.7843959282582
639.0998555650239
639.2200375070918
639.4394164450198
638.7852403699248
639.3572214449669
639.0794479836172
639.1498460616008
639.5790257248315
639.8772302523303
640.2061734526454
640.1353846480788
639.8091920614024
639.3457007688403
640.0412994475655
640.1695966556565
640.510473270081
640.42664695031
640.8520496402664
640.6018610032532
640.8584119085953
641.218399191545
640.8251943215107
641.4531777186558
640.9047618230982
640.6141698363575
640.7466256565262
640.8860311342532
640.2718379505314
640.5421577017713
640.6083859015218
640.9608857244898
640.5635600128511
641.1340119167637
641.6720206191459
641.9174473038408
641.8528416446992
642.3795601798372
642.8404251847379
642.7135544711452
643.0442905972766
643.3752879598428
643.2924284195661
643.0232544617935
642.4578411779394
641.8379230634025
641.365146900647
641.2564998446339
641.5373094640189
640.8725186647537
640.8072984019531
641.2921974005329
641.864989013531
642.5449989142836
642.7436667648236
643.0533505028704
642.8596561908724
643.2808087778849
643.4632339704225
642.9033506884075
643.1692169045656
643.5423305346743
643.6496712266529
643.7933231633283
643.2249709952071
642.7049328410998
642.5057380545865
642.5779252046079
642.8477213926229
643.0691958938794
643.0041672518013
643.3692276722818
643.6447135822265
644.1448849889791
643.7646476659153
643.9821108543468
643.9176773560454
644.3482932101725
644.4785990275122
644.709989981961
644.4755186466733
643.8019541261507
643.6533049311668
643.9059916515738
644.2659969108486
644.5763109484097
645.0267754551278
645.6144896239325
646.1488071083965
646.0132136033735
645.9483477721769
645.3748681674922
644.7125627055993
644.3073960741831
644.9842848526483
645.2461592252871
645.127512173813
645.2188463921602
645.3060455649787
645.4388973056612
645.2762930987354
645.4069749105735
645.5060939788021
645.7890653420186
646.2188297969121
646.4899423739827
646.1262787095053
646.1919969590281
645.5254312633015
645.8282191864968
645.9060833573994
646.3303851198679
646.4541883405057
646.535331359116
647.1568402481486
647.2592663418827
647.3860272135643
647.1317852212908
647.0562900780201
647.1421472450139
647.7111707068332
648.3731554571823
648.1537190846434
648.33133250114
648.1467288401011
648.8159017185477
648.5821976160464
648.3600090374217
647.9804626799281
647.7919046897623
648.1858962389829
648.768579247922
649.1070732552148
649.5443227976423
649.4453533547372
649.3733937369805
648.7354266223108
648.3893818671554
648.074636862693
648.1500422214212
647.9550893124491
647.7921609793092
647.7084416204711
647.8287210580245
647.7463380675223
647.9683274401157
648.4404192115015
649.1222432945502
648.8448720658149
649.4362652730492
649.5041767375458
650.0933274138969
650.7267978336026
651.2773493310677
651.359223232032
651.9357843425561
651.4488246586835
651.6734956388275
651.923288810924
651.7699274769923
651.3664710816067
650.6676049671602
650.1723971079663
649.6307602244849
650.2323104419771
650.6379242291821
651.0885142245978
650.8003995486393
650.1549040004911
650.3302668022694
650.1246569486077
650.5053330256018
649.8463217240973
649.9278947240424
649.9992375172412
650.4387534052968
650.8359114509022
651.1268961261395
651.3560764689191
651.4265803182125
651.4917271120746
651.8374182566631
652.4576417336577
652.3402031018888
651.8900046395718
652.010182648087
651.3523982930385
651.5565616328529
651.630733825798
651.0669372546494
651.3221301268677
651.7846717861867
652.0358690676302
652.5765063466871
652.8528638377477
652.9953362003513
653.1025175774942
652.9936631350896
653.4856433871968
653.6047113941936
653.5309537766004
653.8781502667631
653.793540005012
653.8615888021221
653.4581075942899
653.342763974031
653.545652272439
653.715477028522
654.4137875555296
654.8862284425816
654.9734762969496
654.5594539502587
654.2100251982035
654.2875139630165
654.4453378030968
654.9360001428878
654.8695420661621
655.116554413268
654.8176516693418
654.5558537862277
654.1184277661091
654.6128567586064
654.814495966224
654.5707487926142
654.7109107786998
654.624812878009
654.1910660993099
654.4401919829099
655.087669402773
655.7506469824016
655.6081855778028
656.3088037545667
656.0916000681186
655.9456749192806
656.0424977218545
656.3728737950427
656.2373050929378
655.6371431159124
655.9216656063189
655.9907300156846
656.3080035897881
656.5592437068232
656.436456333805
656.369223071438
656.5364247309693
656.286857851087
656.4640116037159
656.1532506719278
656.2846008332942
656.9973753356054
656.628192853102
656.2891528471964
656.3550832434319
656.5092265762821
656.6761306731391
656.954934513979
656.4495583980024
656.3569401715497
656.9655235824031
657.4096296487983
656.7480009727566
657.320499961621
657.991725162545
657.7919277444532
657.1338489793859
657.0396803483824
657.7326215999575
657.4883969423803
657.7738177994672
658.0429190746382
657.9582157297044
658.0429376863527
658.1871479990251
658.2532032144187
657.9915475641618
658.4556736293919
658.3470635948066
658.5494910464071
657.8927471080938
658.021474340543
658.3853358362767
658.6069099802432
658.6836297563716
659.2368519503806
659.3058964425056
659.1768409629531
658.863574990711
658.652476928613
658.0584578182915
657.7725806344076
658.289968560821
658.3565791874261
658.6557916592368
659.1524184045874
659.3252880855508
659.8395736597779
659.6245837039214
660.0533312180838
659.8646139660555
659.77878585206
659.9580811979679
660.430046887181
660.5056046923183
659.9419520978444
659.7645244604054
659.9949938094305
660.4716302204457
659.9397951202553
660.4141911770826
660.4812303754159
659.8811019216728
660.3103657753239
660.9248625084341
660.292407148164
660.8840308493892
661.2236224610219
661.6203904851042
661.7697371815059
661.8734763680452
662.4146366506238
662.6342460483245
662.705391371938
662.2391523792577
662.3740708349485
662.2812722689995
661.776984587009
662.162576588649
662.4486567230873
662.3665048348996
663.0706212952982
663.1510386235275
663.3854687942317
663.2695563424239
663.028548180285
663.4785900179506
663.3987952334547
662.8414469618561
662.2418340313135
662.3175423203245
662.4583756802281
662.9542642405108
662.6770903295525
663.1378972261202
663.5493155998665
664.158375767077
663.9092742620147
663.8101073438287
663.7311766828132
663.0344980047478
662.9022820236733
663.0011819434294
662.9011649218413
663.3934213615407
664.0204339828164
663.5571920241752
664.1184833956569
663.9908889142338
664.0972069476984
663.5830026230864
663.7954254372996
663.9644011002339
663.753953662697
663.6668276826978
664.1218800006645
664.33766840774
665.0054490244389
664.6657452331186
664.1196611151053
664.6397690239297
664.7109411451792
664.8986412464127
665.0493875446734
665.2629379454029
665.4484999153543
666.0418637609746
666.1265842125425
666.2815623236571
666.3482732701373
666.1381361971
666.4397855624898
666.8021750079027
666.7354283194165
666.5987537561409
665.9852585929623
665.7815402204591
665.8846300293394
666.1463791282431
666.2256461736197
665.5717428190212
666.2826495182679
666.5842206576121
666.4405947146895
666.2374759252866
666.6411083006276
666.812595158991
666.3356491671781
667.0188497965552
667.3976913325356
667.03176172762
667.266858998965
667.6220287812256
667.3246871807622
667.4212724900237
667.688298083495
668.3865790343673
667.9375310696668
668.5708244417787
