0 0.0
543.9711515103974 544.1316879430586
544.498797244477
544.4282325353815
544.4827938914148
544.225870109866
544.1690390859346
544.0622297935241
543.7276260652503
543.93179225583
543.9937331480062
544.1422869589883
544.5686910193575
544.7368169530924
544.7912957980711
544.8475475932252
544.3402977828949
544.4000834558831
544.9041366846978
545.0459795781068
545.1244487736925
545.6701794161193
545.7330683651628
546.1159000234758
546.1773181785549
546.4549474705099
547.001920120449
546.8305532942866
547.4273118493496
547.3541829109591
547.0784663848399
547.1335409261977
546.8808237126614
547.3463195109091
547.2881502447514
547.7983881172519
547.9972116188392
547.9153884292408
547.5523311986354
547.7836415114543
547.6548594084308
547.3951182993437
547.893708281496
548.4685224097918
548.3600789416562
548.1522438509809
548.4456811396434
547.9394852026774
548.044299464813
547.7095953094619
547.779785085979
548.0099417737196
548.1504083716519
548.217122461786
548.4213691700975
548.852972016106
549.4538169805797
548.8572163829311
548.7870451216801
549.3631078802612
549.4260192737795
549.679792544501
549.5625493915965
550.1648371508226
549.9265858728752
549.7955136205519
549.8581275235591
549.8006852347261
550.0206285187437
550.396019171491
549.8133794791987
550.0821489196261
549.6999304685455
550.2723998850907
549.7982803675388
549.9867894663829
549.8793271567275
549.6016144546078
550.1094066789129
550.0240921711621
550.6014897378631
550.4174401982327
550.6282979823999
550.6890274552977
550.505434383674
551.0622247089237
551.3612809494573
551.1470185961064
550.9578242961867
550.8917966053286
551.3861314723782
550.9990277408056
550.8947999100358
551.1168977200286
551.1965203890949
551.4572835604919
551.5368830709896
551.604430306903
551.7201282060295
552.1193510461003
552.1799937186394
551.9484604077275
552.0127856112548
552.3751646888226
552.8587710488646
552.6293552801084
552.3142029146833
552.7239918324161
552.1388467074325
552.1990142793998
551.6357738533509
551.2922622416226
551.6987208541194
552.2801091944515
552.5542692661212
552.7447909707247
552.9586914308405
553.1495597577373
553.5417826740752
552.9960870607024
553.0846160611436
553.4113557246866
553.55465742366
553.3317714418264
553.56921236572
553.9561706879036
553.76791323097
553.917355389923
553.4354608450863
553.520115330946
553.7940875026297
554.0317955356313
554.2480892694891
554.5262475492461
554.6547921536581
554.7934735490136
555.3623393572725
555.0215876128889
555.3836014112899
555.1204569528963
555.5651578458151
555.5095118799554
555.432566905268
555.3435022087958
555.1909544550667
554.7636319638531
555.0503329884349
555.1857890663595
555.766524804484
555.8622697228966
555.3914584318666
555.6101458763249
555.9762225918968
555.6083383710524
555.8070253050047
555.7254043966562
556.0113229905829
556.0972454432292
556.4334661240132
556.5319764655167
557.0292624534933
557.4678423635521
557.2966713648698
557.3564290881844
557.480834286249
557.6551198438631
557.0659143402158
557.5774899118325
557.2497857797439
557.4865552221654
557.6561781526399
558.0697327519568
557.8667396687817
558.3674293230391
557.8208959361116
557.5160919290142
557.6026286826198
557.7338804280694
557.2104757360718
557.145081578644
557.33639678254
557.4069839829999
557.9603477743833
558.0257192111293
557.9286874405306
558.0456386494711
558.6431769925603
559.0127243775308
558.6790010842634
558.2944307553211
558.3504489447205
558.0864152194014
558.1818948422127
558.4579793836546
558.5370150764056
558.6148198476137
558.9503626021352
559.0108662152578
559.1073286560496
559.3287548811783
559.5728649552906
559.4329594322463
559.0065670387697
559.4013072206593
559.7584519578454
560.2915745529699
560.0661174722843
559.614021974824
560.0423292768148
560.3341447329445
560.826655726151
560.8875054627671
561.0823260443342
561.3301463603785
561.2620534724003
560.7451364275669
560.2544017124836
560.0887028821957
559.7810855762147
559.7203336217408
559.6629791690323
559.4206604584546
559.5053844492278
559.7739983152577
559.4893316089351
559.1060941316679
559.2286896098675
559.4462034580448
559.66187069998
560.257446511475
560.3570389463129
560.4228629526336
561.0053387557534
561.1061213517349
561.1730970265792
561.3184473262248
561.3796210118563
561.3150972217148
561.4202063398135
561.6139866496655
561.3705301741418
561.7813304830886
562.3805610608607
562.4704355805272
561.9191139761195
562.0404619537109
562.3748476198305
562.7555858757709
562.9535818877331
563.0426202628471
563.2608462966821
563.6248005262846
563.0600099878054
563.34869948196
562.9592622985002
562.4737894270415
562.4132527333383
562.0788599267254
561.6228692437106
561.4577822542618
561.8010632775676
561.6848525273704
561.4250681718839
561.738396728193
562.1436325209186
562.5744419656149
562.9862940610662
563.5708007795927
564.0687384281299
564.5325227776391
564.451590925196
564.6065228121956
565.2226584200216
565.481949958225
565.5795038102247
566.0268411268108
565.434919583846
565.0976374533052
564.996283039078
565.190665039057
564.7447026212773
564.8968223500037
564.9553793534072
564.8168181580558
564.7595250070516
564.2452808735463
564.4974753982286
563.9332940481265
564.2214819815727
563.7324009620721
563.9040324784905
564.2641589426312
564.5412372273423
564.6790284394763
564.7396420765647
565.1245454161927
565.4511475707544
565.6304992464865
565.68956029599
565.6164530976388
565.7185386549656
565.848358679038
565.9384047180251
566.0777224904007
566.1392965024626
566.5447335303365
566.826890481593
567.3241746339236
567.0811922712227
567.6375296109301
568.1802731417097
568.3885806912828
568.9962598984208
568.8335885537863
568.5397037461419
568.6060997774005
568.0211215301699
567.5419738250772
567.6438637688751
567.5868318533168
567.6888211232813
568.281266929249
568.7169429527496
568.5193971153526
568.6803259173719
568.864427808108
568.606745675681
568.6799547127596
569.1786999901166
569.534923744709
569.7494652008838
569.9696524479145
570.1938854435842
570.0018847105985
569.901271727994
569.9616370820067
570.095330299938
570.1546724444041
570.2127549927917
570.151476393964
569.7043081737469
569.2036927465194
569.4030841131622
569.3388581229098
569.4040903527739
569.5606504577914
569.1832248108186
569.24582255588
569.7715606917168
569.8416667094893
569.3731376054297
569.6685056627452
569.8303362187356
569.9835440796871
570.6069673390716
570.8855225750534
571.1173289646015
571.2871779443013
571.1852240321604
571.7608584786932
571.3890382648225
571.7528488536938
572.04878134532
572.3273386576531
572.6782627980585
572.9101457335632
573.0244978921102
573.2989134528841
573.2294109939152
573.0509589707702
572.734013138769
572.9558314861378
572.4297795771789
571.9858408467013
571.8833445106543
572.4401464696931
572.1361393656922
571.7844297389695
571.5344384702296
571.4662931059278
572.0345862630232
571.4274328086722
571.7678676383243
572.0186744283656
571.7286610436998
572.009697914816
572.4887396203804
572.8105923130497
572.6522675838103
572.7359426171424
572.2054168037356
572.4818514914124
572.8914599115369
572.9836993071748
573.4238496783134
573.5400737059225
573.6880875289128
573.9513638347928
574.0449528266702
573.4799635842828
573.6848729651778
574.2053710741452
574.6102775960472
574.5128553852007
574.8428594838339
574.4258323170689
574.1618990916345
574.0701321359265
574.5578757718044
574.6167677585045
575.2220718588832
575.7534404382174
575.5295239401781
575.5875471084983
575.5268903587679
575.044477058688
574.7986224220654
574.4356652816491
573.9597892604547
574.1924999882453
574.6158585130145
574.3030063532198
574.9326263021503
575.0437407191966
575.2444460760929
575.5542222412155
575.6664687192563
575.8940022194873
576.0100607933043
575.9065821588307
575.5059056041073
575.6821190406461
576.2588226298842
576.4106416428282
576.9371315868308
576.7293777451971
577.1693918151879
577.249620571252
576.8417966023919
577.4586070446754
577.128668576414
576.9163836630458
576.4101337191724
576.0153977086704
575.7605704466166
575.6591076069064
575.3807808650826
575.9676314084288
576.0897162173732
576.2211950483978
576.8300960086475
577.3286222479339
576.8617937553731
576.939000232542
577.0300780179017
577.2570416367819
577.1781928265236
577.275855509085
577.8334801164265
578.3901704777797
578.803383473991
578.5439235303832
577.9877368103699
577.5969750845975
578.1011292016541
578.1715421727556
578.3637754339037
578.6332004797723
578.2990585564725
578.4677396847098
578.5913005181732
578.2435851327415
578.3018876900444
578.63114339902
579.0943610143191
579.1697727384453
579.7539916273003
579.5621274248823
578.9416240251701
579.329605235872
579.9503775660197
580.0632833905689
579.7048662008231
579.7638951087749
579.9876879839672
580.2397871617295
579.7516329011696
579.6649519977437
579.9758038399839
579.5370929638734
580.1129822001116
579.480685153802
579.9320439443037
580.56253997231
581.0104546778163
580.9480695413037
580.8327852994572
581.2766425278636
580.8521156690264
581.1209514045121
581.5813593522937
581.6512242320216
582.2134646670894
582.1551238782667
581.9508453169375
581.809606282651
581.7482562736278
581.6244826378297
582.0409460370755
581.8556265018561
582.3230089234613
581.9140879863937
581.3418700397324
581.1543464473115
581.3186931361322
581.4741953448873
581.7269266103436
582.0787636404566
581.9356117255369
581.8090858996535
581.2085626014081
581.5859328871034
581.9862248243876
582.370605353976
582.7054456529922
583.1380377136458
583.5007086317536
583.5621247567625
583.6237445707952
583.7023964749075
584.1184623148358
584.4681180503095
584.2479304586632
584.4963163035485
585.0666884436486
584.8125685799234
584.39158240774
583.8483683915096
583.9585943083002
584.1595062172266
584.0982005036734
584.1641682060964
584.3801159964713
584.7731835771729
585.075095505635
584.5334027058922
584.2814945947358
584.7594436436074
584.5952325168925
584.8543007823777
585.3891778056537
585.639212519491
585.0137593390799
585.2197802800532
585.5553203321585
585.1170021835891
585.2755163805538
585.3357797237428
585.6718070901279
585.7831637771145
585.5483747641425
585.987597179065
586.1321176963407
585.9990193059574
585.6000123155171
585.536796254232
585.6318083304176
585.3410627094144
585.8493813093257
585.9434245193322
585.3992179583132
584.761252431607
584.9137674202427
584.7437945404959
585.3514472076475
585.9488151313028
586.1432240659136
586.3423025953805
586.1815656697592
586.5230417170922
586.5862656136416
587.0799753855044
587.3012510443028
587.5076507949353
587.4487162934258
587.6139563256974
587.416599834075
587.0039394407517
587.4471965059294
587.6882453281268
587.4398214975663
588.0628484784185
588.1612909870763
588.2707251081677
588.4033792254
587.8273220770242
588.1318848518292
587.9724541756785
587.825083359558
588.1382250621122
588.2061911749998
588.0711693759514
588.1394655718727
588.518605292524
588.6735701220085
588.7831156409811
589.1177531991062
588.615387803965
588.936192478684
588.8724423280704
589.2921602919422
588.9115434799
589.0424806319642
589.1379938164213
589.2045975875315
589.4934589546601
589.4244889567561
589.5082428739257
589.570424419814
589.7164782138647
589.4329046101228
589.5047896801817
589.5683327965498
589.8549807073423
590.3063045796724
589.9363353828677
590.2866883758043
589.9408263106009
589.3786209981542
589.5794562606138
590.182909476053
590.3248350702758
590.2464217341164
590.5995487286646
590.8640094648331
590.7595986840762
590.837372080452
590.6658496827177
591.1412327673605
591.4547297508611
591.2061374515371
591.110524594717
591.7452565678009
591.1470046936618
590.9246918976352
591.3678987964125
591.4380907918215
592.0371859566338
592.4762242986181
592.6675740019374
592.9062282403705
592.5870332144797
592.3982686960069
592.8887602478945
592.3817250663512
592.7959929252958
592.7206754232659
592.6520066070595
592.1461278344308
592.3412702284448
592.9612065246017
592.8468860622937
593.3330358033401
592.9917719256568
592.4322413873306
592.6159271835753
592.6758914913881
592.7571815177458
592.2113312372686
592.1422826542788
592.6347207130539
592.0730377891078
592.6179163522429
592.1149203793539
591.7122524867456
591.7748717807024
591.2639302529284
590.9778153918413
591.099232120522
591.4983872793335
591.4147408162127
591.9168388499494
592.3328128692073
592.7321813656764
592.9420099417638
593.375520707998
593.4545049841605
593.7318905825833
593.1383298409265
593.7851902139352
594.0378295801858
594.6805677736675
594.7522442241906
594.4810990923821
595.0942228427122
595.0295888890859
595.5464515252266
595.794179159657
595.9995515534828
596.1727327153819
596.7362519852633
596.2532512869385
596.1725020887772
595.5961346237518
595.6694385409539
595.7745142808436
596.1155887237206
595.8291600238805
595.2745419924817
595.3530268610949
595.5042652716094
595.5685191531092
595.2903041024722
595.7231806002981
595.1839557029786
595.2669805671627
595.8971914108637
595.9769100785513
596.1785214601675
596.509158620216
596.6996636520443
596.2576070687371
596.1329888829378
596.6358690372356
596.1288227488188
596.6241781405006
596.1011539927417
596.322523316742
596.4085316507179
596.7216740468084
597.133458184488
597.4680395219466
597.3682889221161
597.8163118433547
597.6460519170594
597.5825176015961
598.2186252886153
598.5043867319113
598.2618048276944
598.0080791387072
597.8394542591006
597.32459871206
597.6965438112121
597.5739330632807
597.7694563780094
597.708582466804
597.9026696860353
598.1939527180534
598.0816255442958
598.5341211685676
598.6386189897153
598.9777970829592
598.5825073333369
598.7741953329862
598.8348135204233
598.9827628585438
599.1185750087807
599.6927027359158
600.0936622067373
600.229443857537
600.0422807982496
599.8105480456394
599.3098459850161
598.9702863436099
599.1458790453187
598.9985104419578
599.4629588797826
599.5487811517098
599.8354507308748
599.9618079078041
600.4254650888956
600.7558407963792
600.2955807832922
599.756955323798
599.9851140113893
599.9070884993725
600.4477456819516
600.2608213466502
600.4769786620963
600.7024152066306
600.5320873945647
600.7847536826614
600.9187661799475
601.0647163015261
601.5518065497853
601.0488062887764
601.184781344496
601.1237960784789
600.6466598713127
600.45795209562
600.7042917506045
600.9577894064461
601.0625998174644
601.1276797206555
601.3227293712052
601.4656922732183
601.5679317854505
601.7661170110817
602.1571792321095
601.8805169456803
601.5242497511991
601.7080162054345
602.1929185451621
601.7427378444788
602.2756694418714
602.4335432884872
602.8184638699306
602.5994504963701
602.2789115112685
602.4150151922752
602.6185017228019
602.6856354936466
603.0358060807118
603.5202309054476
603.4285310206212
603.7296687233471
603.8670612071797
604.4607062911996
605.009220252294
604.689402772394
604.7500104759014
604.3358352682717
604.2035100001871
603.8570076858938
603.6931854686061
603.8808249340096
604.0518188677529
604.3638435551694
604.5277296126295
605.0371212233772
604.9764656652598
604.8026177492017
604.90971890893
604.8057109315381
604.9513180283839
604.8547411321364
605.511594486806
605.3367653832913
605.8820783160818
605.3334373404133
605.2467531749206
605.8368506874093
605.5627500172026
605.6788740870228
606.3034113846171
606.642884102877
606.7584732503387
606.622354817657
607.2703886946466
606.8292894835432
607.3366553565195
607.1570709591308
607.2579437058715
607.0729871332047
606.9273577379995
607.2702696744605
606.9287991085655
606.4115682077565
606.669055155982
606.8756634262861
607.3170062037185
607.0715906294082
607.6818640161999
607.1967247516109
606.9017440007776
607.0847026250808
606.8483639228748
607.3220116030537
606.9098239459271
607.1388215284537
607.5298666111474
608.0563769997792
608.464230569303
608.4033150906514
608.0547125674605
608.3252371881564
608.4573510770674
608.2961397061606
608.846572012073
608.7845335743842
608.6909116972876
608.3419327243639
608.014712668104
608.3473725859244
608.8416184830469
608.6197905655998
608.7669216569348
608.2098494599055
607.9931784765782
607.7778830741534
608.2588861065113
608.3651343018541
608.5289399748357
608.6768612652999
609.2777214556057
609.655872435704
609.5069022792721
609.5750376482121
610.0018135671055
610.218156575603
609.9867289704248
610.263338915086
610.3301651763448
610.8874348284405
610.6678380739766
610.9594984483765
610.2966213894158
610.4297928763706
610.6670446276072
611.1564443099597
611.3597917872945
611.6745874859039
611.539023508861
611.2507058709427
611.4677007281206
611.0596571290981
610.6895987512083
610.5400551486322
610.8463856517686
610.9141628238259
610.8470491970047
610.6602570233342
610.2334848680017
609.9938657038838
609.881870070363
610.1327119838254
610.3816718060264
610.8323245933369
610.9690925052432
611.3343730841107
610.9150297861572
610.9976184405887
611.0736764108185
611.2226076549387
611.3899714033233
611.9909890285695
611.355870874288
611.5728710165905
611.7937024577512
612.3913846243938
612.5302808871481
612.0368885081659
612.6681858238759
612.8746046440738
612.9594940184685
612.8380097664497
612.7543093006129
613.2347602210232
613.8422989623356
614.3912422751736
614.2427988945033
614.1765910695079
613.8828038736439
613.4833326293989
613.6406624782921
613.5711832539536
613.7086606091239
613.8336089858606
614.0350842568802
613.6673216153663
613.7316978836707
613.944892204605
614.00635807133
613.8965194397493
614.4507488232379
614.6996187313683
614.0806248765754
614.1790173848324
614.5640197624609
614.4924735745088
614.3258759233338
614.1924877806947
614.4741559267659
614.3277149653416
614.4160238946839
614.8910343414241
615.5075351531615
615.8959856544003
616.4797865973457
616.2865450919357
616.3502540208929
616.8461146128158
616.4733964254931
616.0648143520749
615.8323269337684
615.9131232410263
616.0476855094133
615.7749102215608
615.9360454840406
616.4011492487169
615.834256017646
615.982943305681
615.7349926543837
616.2762059454885
616.1947155529282
616.5119182606633
616.5744614380167
616.6792385088477
616.0017873395053
615.5052252281016
615.4315655880362
615.9384681290218
616.0024476776324
616.6147333731001
616.7961528543715
616.8855658076144
617.3290380647202
617.2672928892372
617.5610648775823
617.6845073665847
618.066723189787
617.8240312262755
617.6752461851512
617.8373412015738
617.7529494838553
618.2194422325135
618.2848924520921
617.6235825057148
617.1833583021852
617.7405431739271
618.0008882105598
618.5391614665501
618.6018150416651
617.9447483466716
618.5536419843206
619.1572567277794
619.0073855542907
618.5532432938382
618.0472938551417
618.1700816703261
618.4363760216443
618.564776247224
618.6267642889187
618.8125660977125
618.7345497050319
619.2838056191188
619.8745578445383
619.3685926766092
619.2952214797992
619.4070453869804
619.0918183769235
619.2107557745894
619.3868865670257
619.6958936190844
619.4959686141921
618.8256793940758
619.1734719169846
618.8489927098914
618.6087651660673
618.8676578761919
618.7395220785398
619.2306603437185
619.3913962161535
619.7714472614945
619.8505642776494
619.9288578006982
620.1402585149349
619.5728182546774
619.8377993390448
619.9113850571239
620.1207002417053
620.455870459214
620.2162646465176
620.4131831831185
620.9101314044836
620.8479241748987
620.7858020852575
620.7236393074234
620.1334939300027
620.3125246866063
620.5899984368185
620.4410164495317
620.994572475144
621.0844112015234
621.5326857907149
621.6763588730681
622.1099143403738
622.1856858894128
622.6672941356577
623.291499100132
623.1358357701714
623.7128878642224
623.6052785076613
623.5211549938241
622.8437136427278
622.9476996144292
622.71709516232
622.5347040908325
622.7359899767387
622.6359869960967
622.5376439369066
622.9752186780329
622.3374379817601
622.8043325441505
622.4936255092895
622.3664549528817
622.5853478990921
623.1760266298826
622.8375992023241
622.2140291427477
622.6601601252793
622.4599059577037
622.1684961409813
622.3812988433125
621.9521885594876
622.0903528135818
621.9274664963608
622.432930304172
622.655863249769
622.5930540922174
622.6802634776374
623.0843039929223
623.181102438497
623.2522634791454
623.5298578768178
623.8584699253845
624.0288569672039
624.5552796820963
623.9676696890924
624.3796653583919
624.0175760349462
624.5247456873484
624.6564905495827
625.1925557923149
625.5076997890203
625.3531077147566
625.9046318387501
626.2841789552971
626.6083604552923
626.5279852616777
626.4507463350336
625.9399819695902
625.7069501976317
625.449821414851
625.3864146853643
625.0569604226772
625.2976379013344
625.234879770379
625.545850828806
624.9402745117465
625.1599160357086
625.2552885787957
625.0491829440108
624.711358450862
624.3851102901676
624.3126017412206
624.9747734757395
625.0610838130332
625.6868371234889
626.0897491522043
626.7157270331253
627.1237417875501
626.7829795145831
627.287727696797
626.625581379623
626.3749277958444
626.0216045464897
625.8911764926609
625.303438709585
625.1044898314876
625.4645218829135
625.8690012758009
625.3762342173435
625.4642262498015
625.5489374192742
625.7544372303349
625.8305275645077
626.4343147990027
626.9404108534069
627.2299526241369
627.3841543968774
627.9745917825637
627.9095038291456
628.5205913184885
628.1643210392713
627.5690348591894
628.2474192114523
628.1843823977445
627.8548621862095
627.7036763771001
627.766895260095
627.1528357744347
626.8964680716321
627.3218270819165
627.9666128852167
628.0587171749969
628.6037919062967
629.0227548358214
628.5134372894935
628.9928055675524
629.6069531135141
629.4738567156379
629.1003657799134
629.3934514068859
629.2492910622063
628.636702826268
628.8120485923355
629.3179727893187
629.2243909734933
629.7805705795636
630.1224626002237
630.0110521742798
630.3216673620892
630.3855495436953
629.9877041353403
630.0830017438761
630.372361409025
630.4439927513922
630.3781881960746
630.9259798165272
631.2984802639479
631.174029933616
630.9581082378969
630.3576876144206
630.2599769944836
630.0034264358471
629.6810977970609
629.1711741465839
628.9125367418063
629.1822555878139
629.508255606913
629.8632376874166
630.1595347879951
629.7476299085507
629.6456229446882
629.8211723096545
629.5699519990127
629.9595079349239
629.3410347008852
629.9010745612501
630.156672790944
630.2557884901103
630.4080111446546
630.5556036968244
630.7595499029833
631.3496081510929
631.2636618295369
630.8161362077263
630.4445064018803
630.2831685684178
630.8794174065589
630.4531772849169
631.0469775271621
631.5574334395014
631.7515231566434
631.9637104688874
632.2141915220406
632.4468868588048
632.8536277229883
632.7107994510228
633.0460627589565
632.5451801006765
632.7295592907916
632.1876541164079
631.9813052595949
632.1401844561767
632.2577461858463
632.3769941837086
632.44316642446
632.857134848632
633.303280850918
633.1745088910353
633.8666255283579
633.3127090947696
633.8096015038444
633.5745637806557
633.7031173138903
633.4956678310904
634.0279362143662
633.698361900407
634.0776206192173
633.9104274281518
633.9776418892811
634.6285661465655
634.4311412879662
634.2855075050916
634.5061810989645
634.2228236327234
634.0980471303192
633.8230063669406
634.1082001147919
634.0211329593164
633.5231720365855
633.3788685977436
633.3069710789504
633.1407849352385
632.9479315125581
632.3440058923733
632.8801646251196
633.1454736484524
633.5620121335409
633.7353734674982
634.2787712386952
634.3441539597616
634.7437900957319
635.2465647033374
635.1702742217341
634.8909750100248
635.0372157972749
634.7816314118013
635.2779412557903
634.7765972175292
635.0696173336402
635.4917730723752
636.0427937485766
636.5274008657176
636.681290985309
636.7634036848382
636.0994594670192
635.6727401163472
635.7404207931322
635.3765291463887
635.451115359685
635.5477214330674
635.9242921899726
636.1454115825602
636.4324232852822
636.7603010338711
637.232420628878
637.4976169141585
637.5629052062159
637.4757388219942
638.0899654276508
637.8418484511058
637.4144814153739
637.3448636966283
637.2794683937162
637.0477819412063
637.1807852288849
637.1090338034306
636.9661732610224
636.7019390736388
636.9877288732671
637.1243227739888
637.7583251122718
638.1302793095025
637.6346687900888
638.0067635779656
637.6485738801761
637.8301707648493
637.7428180326018
638.0435807326031
638.107408240919
638.5595497360614
638.330131683838
638.6036927897304
638.3635535869365
638.2436384932105
638.1718308293157
638.3526125585715
639.0109008910824
638.5786872798282
638.4571266495035
638.649794467118
638.8935726100514
639.4518486439853
639.0125185796968
638.91975097561
639.0608839066332
639.1320667308522
639.2385234749045
639.3849852027621
639.1547050382906
639.4246503971683
639.7497140761632
639.575216288485
639.4157999902384
639.5718895655243
639.3354407698281
639.4362249517893
639.9087134628788
639.9955285622977
639.8791431053539
639.559682142778
639.757061339279
639.479831907916
639.555579418856
639.7220624668914
639.8753979691226
639.9773820070625
640.0551895223876
640.3035594163933
640.2011658447094
640.0252349611334
640.0935975370841
640.7778838377336
640.9465895367299
641.5871146421689
641.1187705721023
641.5936152743884
641.252056329585
641.3649688409961
641.8187013515418
642.1268128661375
642.6287220687103
642.5628814347859
642.6489492090012
642.5799076747859
642.435126963032
642.6815554936635
642.6127937126678
643.2595953153917
