0 0.0
539.4919856582286 539.9917147103165
539.9043193091835
540.0919286369929
540.4173411615436
540.8512091332022
540.9523147726801
541.477371322261
542.057373909059
541.7453384166179
541.1989567783537
541.7398832061615
541.4308601084944
541.2706766731649
541.5192357972351
541.9334513276431
542.013723293584
542.352860443768
542.2472787106951
541.8991067030775
542.4173354400777
542.5891783850174
542.4850939195588
542.871660958998
542.7457661168779
542.6213099967118
543.058642166853
542.9400346866901
542.8620476156141
543.3293599816495
542.9977287333143
543.4357734261762
543.8674914264351
543.2703174650492
542.9638178795874
543.0509626870208
542.8999500556098
542.967638139813
543.5434561001285
543.4340867728755
543.5113372127277
543.5663973226089
543.8052251995565
544.2960391178908
544.6787253991895
544.5278472314684
544.7412134813508
544.2760280122576
544.6804576138579
544.5559774448806
544.7625389476348
544.7079395633464
545.2181968574861
544.6782911702013
544.7597294673516
544.8297726303077
545.2085002087914
545.3872154656448
545.6682507234491
546.031297320363
545.4814120148668
545.0766480123403
545.3606814956355
545.444999805961
545.5090280478335
545.5732993026804
546.1067583579401
545.8501175136187
546.3121234666279
546.2518429137415
546.469198670908
546.0722808556045
546.4775088402599
546.1510395512322
546.3151921210982
546.8720778162527
547.392805396186
547.0243078547898
546.5985342828561
547.0029161981536
547.318518354267
547.905234431599
548.195598478219
547.9450492118721
548.2300283290771
548.4476318079094
548.5527894213759
548.643652657777
548.8893277754745
548.8062878919321
548.2919782514011
547.7622177381194
548.1349397479505
548.0465062979259
548.1897904035159
548.418502744344
548.2263166995593
548.6267967894131
548.2979462409834
547.8624617798665
548.1295183541924
548.3286784441361
548.5714956615334
548.631032782316
548.0909595629348
548.625155474459
549.01785278212
549.3766171985271
549.5335833244136
549.5902829406704
549.4387479948424
549.6266431689428
550.045497749153
550.113668816813
550.6144322903001
550.5179671038151
550.8533280993106
550.4312492750068
550.6600365698652
550.2327873279443
550.7253601257148
550.6190496546993
550.2046305865193
549.8919938255926
549.9490458176806
550.1052592676891
550.6380884779184
550.8405502498264
551.1237867937094
551.3342497091727
551.2431202372043
550.7768387088266
550.9956119441086
551.0683486722437
551.2261361204371
551.3956592845043
551.4512506434331
551.53837401612
551.9500283240789
552.2663071461028
552.3223632717735
551.7527920511981
551.9827705947768
552.4749187141025
552.5472886185223
552.7423957227647
553.2378794254986
553.6954362426585
553.8295236267157
553.5545265957815
554.1379045615995
553.9719744296002
553.5214414416515
553.9569882870995
553.854701955002
554.2792657517055
554.1509120300417
553.7954517838133
553.4355614862448
553.1848016052783
553.2710161253201
553.7843306079942
553.7198634729633
553.6504549972728
553.9404135707822
554.1788888992565
554.3126096433219
553.7769556610291
553.9915027073448
554.5501179053958
554.9986138182088
554.5815075544507
554.8861764605357
554.9751527352712
554.4288172580438
554.1560793803178
554.3232473111945
554.8766865407503
554.9342382217363
554.992275494195
555.1887926789782
555.4098394122007
555.973485436411
555.9055518381961
555.3291665878803
555.4095037975267
555.5935192743839
555.515513969428
556.102396346852
556.2634650311529
556.1658583076178
556.0999699768652
556.1620104120298
556.1003828210933
556.1560526946297
556.5926748145044
556.660866505547
556.5410631062299
556.9172778189221
557.338985012745
557.6501065128473
557.7099040252795
557.9690601224859
557.7889763343658
557.6399622546887
557.186869762632
557.7483382678668
557.6458426855484
557.7108743439131
557.5618863119754
557.6527113161811
557.2182037036289
556.7052620325401
557.0932524600607
557.5062408013531
557.9039429842393
557.6397040318633
557.7723348206289
558.1635594680355
558.3480282096094
558.2818485163868
558.6405354752438
558.0685307454975
558.1790390673159
558.2791546767235
558.490761860783
558.9310232532647
559.2927175941205
559.6513417117067
559.0575492802335
559.5345720970022
560.0891348830459
560.1559310610221
559.6831198050918
559.7674188079443
559.4170608065938
559.9880704158542
560.5125808455596
560.1653148221877
559.619480897274
559.7611466804498
560.3303180982256
560.2140992493719
559.83797361278
559.8941316469571
560.4180618915037
559.9899308990396
560.5125121421576
560.6097750011271
560.6715369013375
560.8597367421543
560.6619664423902
561.227070679538
560.8106287565051
560.6659090669361
560.7754726332107
560.9181249066003
561.4033754415951
561.3380453681076
561.2326427293273
561.4765686175988
561.5651497494858
560.9577202953093
560.4743814506196
560.5527062817062
560.6674227653507
560.8753285405145
561.1607563877802
561.4993569758038
561.6347100785194
562.0746205694056
562.6195796004516
562.3695049137967
562.683914963406
562.1237214435376
562.6938810033383
562.7655472688712
562.6330775955443
563.1871545801376
563.1307258089855
563.1998540188736
563.2985661491701
562.6852039886126
563.2818579257741
563.1969410097023
563.6661539879647
563.7532815971289
564.1848650982434
563.5683455723157
563.6913586902338
563.7498881929218
563.8489451535409
563.7037821763885
563.7975977348692
564.0739272630252
564.1327795822187
564.444681953824
564.5197444998921
565.0799889926096
564.7614442149969
564.6827027040836
564.3404340975859
564.4630605034798
564.1856212265662
564.245081538856
564.6998620695759
564.3556040549232
564.9362407406205
564.7622461311504
564.9901583963322
565.1498420823539
565.5382978942899
566.0005374224112
565.9434047573334
566.1418601812034
566.4367765660481
566.3749086298683
565.831687690313
566.2345418043092
566.6723202870877
566.2091120540069
565.9531308131599
565.5703676270041
565.9883682673429
566.1079688507734
566.3375958104159
566.5216451906006
566.6588489013369
567.2081330526826
567.3210735631429
566.8103153605593
567.3759642876415
567.6382425588903
567.1422023696775
567.3577416032716
566.7580191317458
567.2163222949475
567.6090587591866
567.7917670378423
567.4217806109745
567.7958435605395
568.0116115207941
567.705700730777
567.7653519659166
567.5157219441141
568.1010544223857
568.7015616125703
569.2641762724011
569.1696796166601
569.2783591891036
569.1634533696626
569.2265074746786
568.8503369810107
568.2809563452274
568.5124502565527
569.0977819148904
569.5533362216103
569.1249048080382
569.0641343427812
568.4762188914023
568.7259440596896
568.3986790850968
568.5743567490397
568.6520957717404
568.9677069402845
569.1855449247457
569.0547775364514
569.6211335701406
569.9697900306234
569.5569621500139
570.0396723086636
570.4725902810392
570.9734797904007
570.4250430242871
570.4830769257109
570.0192761142683
570.5369901454843
570.9703232746583
571.3890998299328
571.2342234292497
571.3882134489312
570.9377140977952
571.2791625579096
571.5003108892502
571.6496607254187
571.3018911623443
571.2394512620376
571.5604662143006
571.3777729173557
571.6650213060379
571.8054721140488
572.1887391769701
571.9826070599375
571.6438757109347
571.7948503051749
571.5680447873075
571.9868700741499
572.3429465924529
571.8594992990526
571.6796091744403
572.1723965733871
572.600309943154
572.3951307892378
572.3267957597778
572.6893847226287
572.7774092821828
573.1182478926765
573.0597278041388
573.2392642534536
573.5515119051335
573.6258302687066
574.0591012505979
573.7617568634654
574.2701058197533
574.3839133831168
573.8009066571199
573.2968108285938
573.368040749811
573.6952439387028
574.1691032785848
574.0788074253521
574.393745050182
574.7229537554055
574.496881617532
574.3133541011484
574.1931199305036
573.9754583069835
574.5273118105481
574.4264519497785
574.5682055704553
575.1504630599527
575.0564089854176
574.9603400253054
575.4782020102961
575.0753890054706
574.9257018105619
575.2056945585165
575.29484448364
575.4110341251805
575.2182643700335
575.3576344220689
575.693966779189
575.4086402581714
576.0288796112832
576.5830991823632
576.8565276902042
577.0159972977731
576.9377913918959
576.5863560668947
576.5239819984557
576.221037537155
576.5295389665521
576.7451311326537
577.0680472485598
576.501865926401
577.0257524572489
576.5244034274278
576.6026137859034
576.7010823387204
576.8967288309894
576.9752470441106
576.8587920168495
576.9817729925721
577.2445729256297
577.4297697680023
578.0306928442308
578.3448427574632
577.7615264472217
578.3117231211984
578.2086345963854
577.641456116947
578.1632814026887
578.1053214027473
578.508919307507
578.8563780490286
578.7641126343984
578.2785259816753
578.1697637141799
578.6591446039741
578.2819188341037
578.4411322934627
578.9626517978227
579.1352366664818
578.9817693474984
579.1120668743131
579.1700008013621
579.2534744083395
579.720358957533
579.3399911543572
579.9343184337004
580.3391065284995
580.4025091068763
581.0036605875869
581.5546271119993
581.6689505626487
581.9714510142331
581.9107407140361
581.5280354726394
581.0518831033829
580.9711836908932
580.9104504599856
581.2883807312202
581.8333496611604
581.707567234904
581.6334361423766
581.3625510412128
581.2133387524186
580.8430873848373
580.5816054401848
580.6877811110521
581.180191472584
581.0180377051365
581.4606735162641
581.6225233561795
582.1152020008362
581.967059848261
582.35164601334
582.8982472034061
583.01499055948
582.8010312564448
583.3369476410573
583.6028828486573
584.0353267654817
583.7639942134045
584.0203102681346
584.1316463545924
584.4980067757662
584.0419203558979
583.6558094386639
583.8106316745672
584.013622387897
583.9332164750223
584.4768140970477
584.1765562822255
584.6053119337654
584.0628304491249
583.609425238477
583.2432852917226
583.3477835033273
583.5090501804957
583.5745424155939
583.6696052419436
583.7476609757445
584.0762584181743
584.3301682864914
584.661296143094
585.1686643553164
585.2330514823781
585.1388709835066
585.068659792587
584.4397734071277
584.6563474323812
585.028509808029
584.9649849110848
585.2243879257258
585.4194465109247
585.5929601190635
585.9260898644419
585.8322098310616
585.6660373774711
586.1061111541524
585.5174881089408
585.7824901592948
586.0663018360549
586.192263322828
586.7698674191287
586.204124484192
586.4214327988975
585.7906433932833
585.9542459743244
586.1952909702219
585.7074478657407
585.7983548460813
586.258576135881
586.7109187201482
586.6115478130243
586.6757905740992
587.198419655465
587.0301816474187
586.6253186242632
586.9711271915398
586.8162964341241
586.8973650897159
587.2748771388316
587.810181320671
587.9362510699797
587.7083197230115
588.0828103862776
588.1520113872506
588.4021853033448
588.4731967162563
588.2566829373532
588.4427214324758
588.1561056003164
587.6118159005041
587.6933539873951
588.1963908110753
588.2686162040197
587.9272873207638
588.2883614590542
588.8154439833362
589.4567196326782
589.1463601965094
588.8392415887662
589.4078664466012
589.4956632127335
589.187769132681
589.2561233439164
589.6121798828694
589.0259981752824
589.3389709720657
589.4719903829549
589.898440502344
589.6417440503918
589.8336506006835
589.8939084007516
590.2201328792298
589.8120112344865
589.9352673285076
590.0528436741414
590.4258520159634
590.8101877471803
590.5952666351728
590.9092741923239
590.8395150230291
590.529397052147
589.9816408706229
589.780034539098
590.217313900999
590.2789421124311
590.2010906146995
590.3712646184828
590.3094687889927
590.0744507416694
589.8313831457878
590.3391745884385
590.4155455386613
590.1802858843214
589.8793572730191
590.0352773712624
590.5684046020986
591.0108129797877
591.6099885561376
591.0926930583641
591.5179973432307
591.6414303197308
592.1358018709802
591.7690438903709
591.6839177052001
592.2927460284179
592.1009002890725
592.3788078115182
592.9058868892771
593.157765086577
593.0179610665418
593.4601976796307
593.1763704553084
593.0616889894461
593.2109897554781
592.6781150883743
593.297682357776
593.1737655440152
593.0569552481757
592.9439415105903
592.8777406384785
592.970001693772
593.504017820852
593.6005735983093
593.9119043240528
593.6652454897411
593.8489626315804
593.5203299511088
593.9011203083464
594.416900441791
594.9086084243937
595.3725321144791
595.0888941364346
595.2512670483737
594.6002887086922
594.2849507470895
594.1667093742727
593.7177992371742
593.8009551927297
593.7086318641054
594.0438884252289
594.396234528862
594.481686935433
594.8034594056388
594.7369032792833
594.642807608482
594.39768650679
593.7584911336958
593.8257930409704
594.3571317941944
594.5144874611925
594.5746594348691
595.0499860527029
594.665007241433
595.2061775079138
595.2898165747038
595.3619631436073
595.4527316886686
595.8859849208952
596.0302070973395
596.223979752137
596.0522139353648
596.1447063197418
596.6450823650378
596.4301707430782
596.1616140577737
595.873349122082
596.155023562973
596.4343667215346
596.2619156897676
596.3309484951694
596.7109019080672
596.9685351680259
596.495805792964
596.9336853541203
597.1398007785494
597.059687237105
597.1745070415974
597.3242757044045
597.7681397131906
597.704058401209
597.5445959690029
597.8771953377931
598.1156949879758
598.7464488675236
599.0169371586682
599.4268330175894
599.2019287127636
599.0968064730226
599.0228523739638
598.523759295863
598.3181043007093
598.2551238498953
598.0820226586958
598.1513875512788
598.0811247291028
597.4882263925962
597.3613661672273
597.6796942021261
597.6118715619549
597.3603041502738
597.717297045161
597.6574653028563
597.7989424375924
597.9321362574782
597.9963434277013
598.598688242087
598.4416710228048
598.8134016000726
598.9735570143027
598.6738157243079
598.7661760814807
598.9674728091204
598.8535423578734
599.2572618244201
599.5860130561754
599.873768480407
599.9792981539731
600.4727415881648
600.3305673548473
600.7778464358554
600.6526616847913
600.3203015600506
600.2429004301553
600.5922281909094
601.0076211940451
600.9472755725408
600.8730296484364
601.0420897606144
601.4886365702241
601.2668505279044
601.1720436984514
601.0181327429219
600.7988753566964
600.5709083869073
601.0830277263874
601.2236075804889
601.8210835424707
601.2731216124322
601.2031738456129
601.4742306915466
601.6712397686765
601.5880104849043
601.6501698075313
601.7652239940955
601.3216977278552
601.7243508938803
602.2117858990703
602.0105089418665
602.2524239111641
602.8559667706306
602.7767059137619
602.9635744817868
603.1395746377771
603.0393793941345
602.9787715865349
603.5334505943879
603.4552608815804
603.5237853890563
603.128037435562
602.9051034642708
603.5476435017973
603.4411821574239
602.8141289926558
603.0523836693403
603.4693029769169
603.2263100334582
603.5594375977314
603.6647768950762
603.8842158573216
604.047979495685
603.9666995789556
603.7289650538665
604.0558272895323
604.3158339575726
603.750120472748
604.0826431401701
604.2405077528326
604.433723385535
604.3127351184355
603.8442008452877
603.1936744275404
603.62622007179
603.9248442416415
604.135934653732
604.4901443789754
604.571050507485
604.6349208435059
604.1816206456632
603.8542238848063
604.4423722355323
605.0494251958994
604.553308635148
605.1521664287682
605.5664135537689
606.1861917060378
606.0789115958697
606.5870338343991
606.4959904442319
606.7225241178485
606.9336373486462
607.1896110372211
606.9854902558689
606.8346442670802
607.0834626166744
606.8339585533549
606.7328058020821
606.5947666331897
606.663915829
606.2404596883842
606.3036485690545
606.3711123444912
606.432395018649
607.0594817778949
607.2261801953239
606.6536546211847
606.7255985703522
606.8515955984989
607.2172648024845
607.1152433139016
607.400304300891
607.6281001051466
608.0957156796713
607.5721904085871
607.7701836072297
608.3598786789493
608.1896255154261
608.0187620335212
607.6802083870657
608.1516931327102
607.9911196659217
608.3815567380667
608.933636473103
608.6582310650723
608.776567759955
609.2530605256163
609.616680900596
609.3704533269349
609.1503098013235
608.5889838562949
608.73995018369
609.0255839868995
609.1721441437604
608.5149369003069
608.578943187332
608.7635328721796
608.6049436779625
608.9253422289397
609.5626834013904
608.9066114356478
608.9694233540844
609.3681873444481
609.7471968095826
609.9916218704988
609.930346414886
610.0487762158725
609.7042506109235
609.787504151632
609.861009929397
610.4678730762328
610.9078607177352
611.1293140128613
611.1909923306249
610.9842780416255
610.6859407504173
610.9057686833114
610.9905057635391
611.3737721741937
611.2673074086819
611.4130457226089
611.9215561536784
611.775803023434
612.3351817090108
612.2689369304323
612.6777899862558
612.3234116976207
612.4339969556071
612.3449027860291
611.8934999355606
611.7168282739788
612.1264852048976
612.5706170187052
612.222037813095
612.1152371715115
612.0257018562382
611.7043970007013
611.2055958649138
611.3569649636885
611.8218470323219
611.8998307191807
612.222112703227
612.2907116737075
612.40206653166
611.8914414451639
611.9736351799769
612.2538998379947
612.4166925691197
612.7860463715008
613.2659386850097
613.7339093803797
613.6063299313054
614.0042281555295
613.9004118766496
614.1782170789742
614.3524980788818
614.5524842733923
614.4204908461463
614.3182327432912
614.8801798999696
614.3452746475441
614.718019481202
614.9016936363344
614.8215046747479
614.696984337787
614.8259680168998
614.9873013980384
615.428054037634
614.8221038709423
614.5424996053739
614.7561976681703
615.4036406492398
615.7501518846422
615.9718920517606
616.059767411407
616.6227219237742
616.7897890992675
616.2875582805714
616.3774408990699
616.0728789395102
615.6961385531451
616.2233948186605
616.1357182043675
615.7437195855676
615.6614595453347
615.8599759735367
615.9392578780704
616.0633345138484
616.1997352844292
615.853332755913
616.4404215234332
616.5864561386003
616.7812823779236
616.9920428771306
616.3502725913914
616.549190124611
616.7896060950021
616.9000255657465
616.7959232318069
617.1478112173155
617.2356440134373
617.9107712136786
618.1912963555877
618.025784897238
617.8344429609433
617.6623744419188
617.7793786392488
617.7085484074706
617.7748361852708
617.6928521258333
617.2163554417784
617.279112745222
617.0098282028993
617.2613029267916
617.6748414864674
618.0540540305353
618.518576170598
618.2844531078081
618.2139372218567
618.4808461881224
617.9922669088602
617.8004436559241
617.1830001275689
617.291661258935
617.3937775388658
617.8221565226055
618.0605335197907
618.5935716279492
618.3879463929134
618.6669043196864
618.8648531588551
619.5010040204118
619.641529798858
619.9682609585624
620.4652312629811
620.9259802408565
620.832316568101
620.4264270838539
620.5262946662044
620.0369666877164
620.6354794883148
620.4850477382515
619.928409682819
620.2244537268591
619.6709998895946
619.9453579025992
620.3439555237434
620.5340730940278
620.3114996190153
620.5853811623863
620.416466609175
620.9311081745312
620.8685034025742
620.2219980097365
619.6235109377632
620.1723618667049
620.3870692628994
620.6322625752954
620.3706883254213
620.7407983238171
620.4516468887576
621.0999591311136
621.6763762233396
622.1972471374692
621.6714158538971
621.5449826012863
621.607705891303
620.9627035513623
621.4440031317049
622.0148045794355
622.5913627397186
622.3139032141761
622.3995720614747
622.5902850130359
622.6705027414275
622.6067909587465
622.5380388520488
622.3317957667292
622.4162440598185
622.5986251817658
622.0737309763401
622.1715999200036
622.2516668781496
622.439528104093
622.7061889986734
623.049147665261
623.6553158284365
623.2198252502905
623.6392629025408
623.5676760185802
623.3156998638727
623.2276962600228
623.5186991095061
623.3886409980854
623.1944220875818
623.2903069330573
623.0785048339714
622.9789464309307
623.0416403747064
622.9748803117475
623.2500461130568
623.1815112874582
623.2520226671379
622.5814798841169
622.43853546561
622.2103303266149
622.2911579295139
622.3790190979239
622.7192930844635
623.1852444377107
623.2843708588379
623.3500572034555
623.8179387377801
624.1750368331652
624.5842906205664
624.8190395364483
624.4705759007762
625.090801299611
624.968259975785
625.2194641410023
624.6958662739696
625.2332072216547
624.911722979233
625.0059360042125
624.5304908351873
625.1701264789413
625.4776011573408
626.1509160299721
625.8811763543769
625.5144171600042
624.863456108899
625.033399255505
625.172026221747
625.5562198550892
625.62875027275
625.9440157774338
626.4000865373935
626.3093567955791
626.8672091050813
626.6576164408668
627.1335816223495
627.6877280484722
627.4157289858821
626.8197223645388
626.4462321734649
626.3266197228314
626.4453445605595
626.7577350954695
626.1887209610147
626.544025332795
626.3360478530562
626.839774032496
627.457209820817
626.9827729473619
627.4759174153703
628.078296829655
628.0118665387299
627.6099676802183
627.0499429744755
626.6796305253437
626.0748787898591
626.2392792991111
626.7079006850038
627.2156650355203
627.3614887684575
627.5500134593291
627.7372169933465
628.0951853818892
628.6622035379022
629.2923039016582
629.010192516864
628.9472420866716
628.5923796412682
628.8909683126267
629.1506817772045
628.6016394204114
627.9816931375782
628.4728661334126
629.027742161981
629.2297589673542
629.8894083657021
629.4690988607887
629.378586172817
629.0918625242173
629.5482918153642
629.3941091365449
629.076799188282
629.6521283741148
629.7199864831181
630.35791286363
630.2619222881082
630.0617445138697
629.8981555288017
630.4056638711587
630.3203563477489
629.873005547522
630.2094933828027
629.6822566998753
630.3258979772861
630.552310516671
630.7294336661366
630.4481644465661
629.7682876857457
629.1964681104158
629.2666392254146
629.3717191537049
629.6304297458296
629.7362984539752
630.3384094581445
630.5183595005593
631.1440677846276
631.2387998900174
630.6673322349974
631.2716262684498
631.5641985317137
631.3436348562078
631.5191406924031
631.8569257723294
631.579523395631
631.7118197672775
631.6119653310664
631.7485326396927
631.2272369843214
630.6153719398114
630.8369271214628
631.2056473844825
631.774869060105
631.1489145574994
630.5175612165718
631.0075211272648
631.2626592008882
631.3479245455537
631.5443983267501
630.8620174832208
631.4274402509094
631.7891911844106
632.0104722119052
632.0844472067422
632.679620433818
633.1719240905454
633.3824486222102
632.9636388633144
632.6884641698381
632.0631747971507
632.4350426311952
632.8253982475097
632.8924829095221
633.1059986036372
633.6173109993074
634.0803329440519
633.7152512023588
633.5101958450165
632.8786005079687
633.5416561751191
634.0568427105751
633.9016250065787
634.0482877956134
633.7740287447028
634.3998633083012
634.286185759678
634.0081347950576
634.0738383807832
633.9106762439731
633.8032671516078
633.7153780532806
633.8648289105048
633.9651683271259
634.3840505152614
635.0757520391875
634.5641440901596
634.7602300741814
634.1467603463365
634.6572096244568
634.8072925611692
635.4007952214647
635.2259456714489
635.086887773354
635.1746905396285
635.7443021886924
636.0013310015768
635.7183420857315
635.9851781701648
635.5735099102467
636.1395756353404
635.6392965936794
635.4936861177473
635.5961183755388
636.1084207690351
635.9838188755969
636.679337347219
636.4147051903432
636.173631038594
636.0915340131245
636.5187249469626
636.6604107049886
635.9798704023265
636.546096420871
636.40025322452
636.5906500271273
636.7626376852002
636.8475470088366
636.9219955269375
637.351057329899
637.4711992087066
637.4058016956863
636.7097829934614
637.0729289203595
637.1706516825943
637.2930108580993
637.8895382457418
637.8107635202676
638.4244875482037
638.6038725703745
639.149121757081
639.07428508832
639.3228787115868
639.669764139606
639.7381244272418
639.9924999790269
640.091980728456
640.7464398444095
641.0074932662995
640.4290769894208
639.8237582288652
639.7219430008167
639.9674392883053
639.8031828445773
639.312181459794
639.1165117267972
639.035079815625
638.8979984291318
639.4289536112448
639.2981927066402
639.6178540986718
638.9891002313382
638.8005000607569
638.2874664283386
638.1698654798674
637.9978601817979
637.8053631959881
637.8916170161351
638.3295961866805
638.2308333537685
638.0682536906888
638.2907351642076
638.4264926119996
638.9393989471267
639.4412223806515
639.6580296642604
640.1231448492165
640.5044831024761
640.949585507535
641.0477489995394
641.3522022185862
641.7008892460018
641.6319195491672
641.5361596961874
642.1673953773127
641.5463575931079
640.9703359275313
640.8701697824569
641.006740969325
641.10682347515
641.4186053680346
641.14157620566
641.2428749738336
641.3225365815024
641.8500820297371
642.463178103733
641.9475041187522
642.0257077218976
641.9567966397492
642.6273591689455
643.2302094083205
643.1346357887322
642.552557786119
641.9878946972734
642.4619085496827
641.7695156387813
642.3641487087345
641.7071183206709
641.5894293357557
642.165853751385
642.10073099825
642.3333950487156
642.6590706453197
642.7491839051687
642.3119130266456
642.8481656894642
642.9323906373908
643.1538402626013
643.2624445186892
643.8631693299342
643.3053045070587
642.6839109644603
642.8431525968082
642.997679485785
643.1548530829352
643.3116372260065
643.496633133811
643.9281915567067
644.1349361041625
643.6905299707789
643.2253253346828
643.5506934287822
643.099738013296
643.3076028172737
643.5721078956925
643.82688574677
