0 0.0
540.2706682210306 540.6585730210683
540.9517890050014
540.819312531873
540.3500713995485
539.967987710003
540.3595805945885
540.0390021832652
540.3385914839382
540.7187411907687
540.7729043924851
540.342824282798
540.3989649563196
540.646245216784
540.8951728579983
541.044653125311
541.1278609976555
541.186872269396
541.0948968949602
541.3938845042314
541.4760837917175
541.6584977969907
541.9846319783991
542.385201757748
542.3017833683192
542.1716137332262
542.1168320821965
541.8394660636944
541.9101457999232
541.8388706203143
542.1308102666396
542.0764525887204
542.5664307311193
542.3948575992788
542.1211759914554
542.6740335583692
543.2377229636757
542.7556588204014
542.6970652132792
542.8055588364473
542.3962638365375
542.4732500431717
542.5987679592877
542.7890319809159
543.1826737805357
543.2546272211882
543.629042867986
543.5671047931617
543.6511677914124
543.912721810237
543.7099042654423
544.1482047923208
544.6493156619463
544.205982680017
544.2910811433251
544.8035267451775
544.4572744258777
544.2542480163326
544.1987259471322
543.7608918025528
544.2629132609725
544.1506117083342
544.0814360517696
544.3125671003783
544.5289694090459
543.9344249609503
543.9958847153832
544.4290415076846
544.5297804561797
544.4361824331124
545.0099225157979
545.0756407099523
545.4412182760514
545.3249357501943
545.3965572523232
545.6408961761854
545.7750932777114
545.9927859695804
546.0768521204903
546.1708597150354
546.0733667673037
546.2956134679682
546.4898193035989
546.7984379611866
546.2919576911429
546.2301938094481
546.5408789714552
546.9926961128143
546.6037966127167
546.6840589939891
546.7477196217967
547.0695530074347
547.1416537407754
547.023883288219
547.1331318537812
547.2649621945214
547.3197535161266
546.8909456922789
547.1128374332571
547.3473338111988
546.752452429624
546.9712088089337
547.3452083240942
547.8466088776811
548.4156270694406
548.5965613493917
548.6564369118719
548.2268201227577
548.1303514881251
547.8282962244314
548.1177912427885
548.3876375872413
548.7614416719721
548.7064443530212
548.4779909092935
548.6140192187885
548.8381993086508
548.6401767815036
548.7400520813146
549.1667702634284
549.6976092750226
549.5930426575384
549.517154579635
550.0398527298148
550.1351278613846
550.2079951634026
549.9305248972939
549.4263628964851
549.559540298715
550.0714484726307
550.6087278097491
550.2971600825709
550.3553126776145
550.1197691203201
550.2126228851519
550.5361085533187
550.8406380413709
550.3892414779015
550.1866349094369
550.1292176616448
550.2536291400447
549.9127681170479
550.0358907151056
550.1124702258244
550.1827156089034
550.3480921463248
550.1305838210393
550.3244385463867
550.464607921031
550.6999982970136
551.128432482555
551.266065117781
551.4341011647655
551.5610463799092
552.0242893752494
551.5621631628215
552.1052069568302
552.3183534317343
552.2295196662691
551.8121885274562
551.7078573153324
551.6108601169246
551.6773178817153
551.7595463254473
551.2453244152246
551.4264404030812
551.991437166344
552.1871276745932
552.2698165980227
552.6398962303599
552.5738109826484
552.9711899546215
552.8128818437904
552.5749687027878
552.8064169114156
552.2087199177728
551.7935197279485
551.9494189137487
552.0617190672698
552.2107435146369
552.6614410642565
552.8666120918526
553.4059812964263
553.4950184805161
553.6907478633175
554.2265508874655
554.8197788765165
554.9021298589354
554.7832528490984
555.1942063275176
555.0725805725122
554.9071195660688
555.1099965545362
554.8233106889803
554.5048952081119
554.5644987861648
554.7701652179002
555.3628041539566
555.5930468420698
555.1236984092747
554.5742538821504
554.9551654262152
554.6300303947316
555.1112664600453
555.2001675966723
555.4689927319404
555.6832388729831
555.5900517862132
555.9220618407768
555.7705907617234
555.8392987615055
556.3699553234543
556.4256497451086
556.1041091347219
555.8598849780927
555.6034430847393
555.0783958333664
555.396834672265
555.9669749156022
555.624735782467
555.8749413385983
556.4653102986535
556.7115551742278
556.7673072909101
557.3767487447416
556.8372646813752
557.1490014848359
557.2873599321572
557.3650274500849
556.9888898375234
557.1064795124964
557.5144419384272
557.7664126930055
557.5750800157795
557.6523475875833
557.7352098777936
557.8020277970662
557.9773121568394
558.067919315938
558.0049346079079
558.0613146216361
557.8265256701727
558.0097303572064
557.9398886508102
558.0362472854388
558.0987917774905
558.300491227977
558.5177027818821
558.9101413561325
558.3381953571968
558.5821083580695
558.268173289788
557.9193657412355
558.007835477903
558.2889922662356
557.9577077230532
558.1107440911638
557.8616512248693
557.5713694560671
557.6365064575992
557.7630765693168
558.1703354563914
558.2418909298905
558.7958151149751
559.1378819265436
559.2371975646348
559.3505273679206
558.8341543462742
559.4173017574674
559.6505385236665
560.0531226565481
560.2714671321183
560.7223899611403
560.4758852807521
560.4054247508858
560.0025006399452
559.9407835786724
560.0307933802987
559.5786415650557
559.9100264097688
560.0441560590356
560.1946115186645
560.4851850299663
560.7856271160499
560.7268353602013
561.0130291370507
561.1383341595641
561.5132650620709
561.434391597615
561.5937534668068
561.2873060824837
561.1346542302742
561.190927190262
561.5237575714243
561.7614497823029
562.2285361348581
562.1473017723155
562.0283240600914
561.6390730502532
561.0548441382097
561.5839073501128
561.1403484456022
561.4305553099802
561.2868476182078
561.3627246573994
561.5822769349871
561.8632755982028
561.9468027903795
562.2355317706927
562.4603353557188
562.5900745604289
562.342495317345
562.4007058192987
562.3071950858366
562.0557793511842
561.9412397213259
561.8763750671848
562.2245044310058
562.1638614638315
561.8735426918146
562.1583511212193
561.8302201887226
561.2420135048206
560.9867891786158
561.1524485672334
561.2128069766466
561.8116566875118
561.7120860038817
561.8330985935753
562.347334205612
562.0852626084464
562.2518636513349
562.331261312373
562.5117965334113
562.5904744140521
562.4926304669616
562.6619365285109
562.785949464319
562.8774816723673
562.8193291924675
562.9972590956731
563.2589000547671
563.8047390746184
563.5828627941776
564.028876043232
564.4286186970046
564.5351750733879
564.7440683020233
564.4290467502217
564.0596457418551
564.1163858206783
564.2610948505502
564.4674607891476
564.6076464672831
564.0788343025891
563.615938058665
563.0098735269702
563.079368327496
563.3813151567423
563.3138244023768
563.4135350671935
563.9396389683918
564.0297034252469
564.1257221976003
564.555567456819
565.166055999007
565.4028314326342
565.5240835897389
565.7502943645758
565.8599569122803
565.7163174778932
565.792787538091
566.385661497691
566.8714356367922
566.7951052618088
567.1156095845041
567.3410488143572
567.2831949499757
567.7118939617691
567.8905612812248
567.813722968722
567.9074177011789
567.7980780083988
567.2390721566659
566.8972300717948
566.475379361467
566.9612928085112
566.8039211533113
566.2048917028646
565.7137238245732
565.954001298631
566.1583553873811
566.7773779308119
566.9805878463409
567.3385705686952
567.8732013435579
568.25426242397
568.5639563316033
568.3530869842391
568.289078504334
568.7394520629468
568.8382686932293
568.7707680771515
568.8712114940549
568.7482695350425
569.3496895472115
569.4363665037919
569.7290695839582
569.8810105920669
569.531899827201
570.1178181255751
570.056048279742
570.2824110207762
570.8295635927755
571.2147479605757
570.6745559021424
570.3435436024404
570.0767400908957
570.5735927800215
571.1858357049382
571.0305625444186
570.8735187965744
570.6680923289128
570.5923148206804
570.3840567626288
570.8056137825109
570.3262589879216
570.4132092487991
570.2610928796739
569.6843846294897
569.4390719823571
569.943594745635
569.8653035133246
569.4030618690916
569.6130182794427
569.1725603867586
569.2461045923854
569.5779062827469
569.9624544382698
570.3681805230849
570.7133022488968
571.1810593464232
571.3128196924348
571.6329305312992
571.2686152644288
571.773824431595
571.4845183243115
571.6418293684465
571.7066409952077
571.8323567634828
572.0697887868005
572.1757243329273
572.4718602296258
572.8622749804824
572.5880844947186
572.9777710642613
573.2308631498219
573.5027855969234
573.5685924533285
573.0295033099808
572.7905722920041
572.7290364485585
572.5692802087657
572.97514668847
573.1292965411297
573.2871378384808
573.2247444320631
573.316870159295
573.2390772792183
573.299597027712
573.3578660184307
573.7034992435798
573.6268857181261
573.0857422464811
573.6086384883592
573.7258148154983
573.8335173479701
574.1681246915806
574.6994773739817
574.8236525790802
575.1000356006739
575.3616527431523
574.8846332408915
575.0969665995299
575.6958949930757
575.0698119227926
574.4558375744849
574.7190220083171
574.219748627234
574.2918567447748
574.5843787793505
575.2132039382172
575.3159565866239
575.6375829197452
575.7371615404346
575.6374460550364
575.5667048656524
575.2346004306885
575.4990145831043
575.6354342295281
575.4449287788735
575.5274260347525
575.5993035280352
576.1493905668989
576.3464903622513
576.5901401142974
577.1276150794938
576.6644631870787
576.7895565472719
576.2782617548618
576.6981413215252
577.0064549319655
576.7023445122155
577.334234949456
577.276499992148
577.4706232527003
576.9928216745926
577.5315450185185
577.9942464710803
577.772285783943
577.4217721769683
577.3448845959554
577.4033292309595
577.3173712717347
576.9924223842007
576.6860671022262
576.3166767262096
576.6754837963468
576.8412301210091
577.1899693418846
577.4063844366689
577.8214637281114
577.4912698544698
577.5970465716978
577.8449540423304
577.9066823164825
578.2262245272201
578.8491905625455
579.2965439805718
578.6654826718684
578.8944604813458
578.9571037885987
578.329486614203
578.4666366811
578.7325134237547
578.9931504152117
578.4771097689628
578.554689498441
578.8366870932487
578.9678624518002
579.3829093160842
579.455299239894
579.8088630300537
579.6490709863548
579.9412719824721
580.1240957446681
579.724346578871
579.5069288588846
579.8080455436381
579.6269094967233
580.0786896501095
579.9999290370649
580.3864078171231
579.9750896026327
580.0402427760031
580.1674381946435
580.2502163300845
580.308377332198
580.7902416907305
581.0065233115799
581.0747675786422
581.2591305066544
580.8242181283636
581.0381737115866
581.1195598166701
581.1953583840144
581.6645310431331
581.8768095721317
581.7925320183926
581.3043611679722
580.8830903578009
581.252935036927
581.3737697382393
581.0064955223348
581.2949239374689
581.6977765643047
581.9767273684765
581.574838250234
581.722756452716
582.1058445150908
582.1693974204564
582.0729425254104
582.7078599010907
582.2762694705578
582.6379283957455
582.7508725774372
583.3187116158149
582.8279406069421
582.4287295364686
582.0921127448864
582.3920888378179
582.4930440078608
582.5636565477678
583.0752627996311
583.412232341046
583.2644744476247
583.3229126095362
583.0050799365399
583.0816296176399
583.5762212382343
583.9764107290615
584.2290459964619
583.6781066902804
583.9020413630034
584.0838133428626
584.1882186428743
584.4380518580665
584.1229011806081
584.2511260040892
583.9784433979531
584.3992609833947
584.4804473005012
584.9369368619218
585.3710444558993
585.8138755392891
586.1207965550741
586.488909061981
587.0438936483383
587.3462534899045
587.0484717074936
587.1422534629285
587.517317614094
587.7499954316957
587.3997255951892
587.3399100866438
586.7411946906444
586.5498996870379
586.4216792826119
586.1385182601189
585.7656444880611
586.3528305583588
586.4285424304138
586.6408700790461
586.4529434197291
586.30745240153
586.3661539980292
585.7521591489692
586.0057996748238
586.6355960923717
586.7632749628052
587.0712879411277
587.0090419808045
586.4713473049411
586.6101126758965
586.9298836659706
586.4953506974257
586.5541457527272
587.1052722753666
587.2511900381271
587.4384951956939
587.5501014262943
587.4257208537825
587.8422548794393
587.2955042255578
587.574224556951
588.0490863929906
588.1141554456539
588.4638489873691
588.4040804082575
589.0408169189157
588.8775100391969
588.6795851665785
588.0663031163001
587.8816411261855
587.9408386748676
587.8737700748948
588.1463885707971
587.8319411503662
588.18257022074
588.3977971967075
588.9393979878643
589.2327514724199
589.5879732309146
589.8129853853662
590.3252762647787
589.9920308880961
589.3506989102075
589.5098837523107
589.9380364977079
590.0676772410205
590.1274732173724
590.2726931136997
590.4369534728318
590.7345049499955
590.6749043189952
590.3725308004546
589.7607335951498
589.6960306072426
589.1387391045768
589.078182833803
588.526736738976
589.1618702814809
589.0301231545543
589.2471463360034
589.7807887989445
589.9087543577879
590.1541668380867
590.4565560106086
590.5241278182563
590.6692886957023
590.7610950941498
591.3870136756808
590.8532756558521
591.4593920101009
591.3084955933715
591.4550717201643
591.5144868087848
592.0771447575812
592.0043243050587
591.695315635462
591.17890677251
591.0841383860729
590.7942543064416
590.507844408077
590.1890419082707
590.3251464429901
590.6963218916787
590.8182559366664
590.6236878458388
590.9515044717117
591.0566957117862
591.2361703815576
591.3260719665907
591.7799580107396
592.3850488151924
592.7099481717937
592.7703832281204
592.5380081845017
592.9696741164597
592.9090066506468
593.2113167888959
593.4785506882511
593.2059345322423
592.9365929254318
593.500877857155
593.2299462957135
592.7968161473348
593.0029359243857
593.399533194376
593.5827428129786
593.2459457326661
593.460054568607
593.9283087039391
593.5064685434955
593.9103087626054
594.1272839725355
594.4487883189347
594.5747533014759
594.6679088959876
594.2020911912443
594.6011884741155
594.4809903319161
594.2322378962622
594.145505612349
594.7788801371784
594.7107667091991
594.5735357681533
594.4830995116923
594.2456561071057
594.6916375259799
595.0269592334328
595.1696422377638
595.2908403981393
594.9696559315429
594.7406977986942
594.8041774642008
594.9069389807526
595.1640048628717
595.6257626103038
595.5593017786822
595.685387686078
595.7529323124143
595.6398240995596
595.8225423328345
595.8934801036947
595.8325646883432
596.37367791499
596.4353501268052
596.3745984423616
596.8554750945152
596.9187506077157
596.5590200108338
596.4050120907222
596.7821117413831
597.4311047003241
597.637126641521
597.824573273015
598.0353936290088
597.621033880527
597.7212878894095
597.1191780554094
597.6079457343916
597.6686855598714
597.5472769747296
597.0287881721067
596.9638451445107
597.3265842351999
597.560820087327
597.6600814329577
598.0714357011266
598.2548780134437
597.8345968568469
598.2365951779708
598.791991167412
598.3287928427378
597.9571797180087
598.4667949534065
598.2226104075452
598.8035638046423
598.9679643555099
599.307788832752
598.7369553826601
598.589974762357
598.9045518905596
599.4863949497187
599.3557236262998
599.9596986692573
600.0490456173519
600.1139092935969
599.5890721538044
599.1391024880309
599.5311010940551
599.6069391640121
599.7477930935801
600.1341838157431
600.7462196524117
601.2821832162268
600.7327474290065
600.5324449627009
601.0639994590442
601.002086847397
600.7052122453701
601.1985747584025
601.2758294606125
600.7694032553287
601.3564982279266
601.2595996967194
601.4675212196637
600.8565934830965
600.2500450292553
600.8022688362272
601.247718036612
601.6118507829834
602.044613259309
601.8765491976784
602.087947509482
601.5434696455036
601.3767692536188
600.9071734812696
600.2781880280448
599.9185310459745
600.5171458528989
600.5878611125939
601.0841903941035
600.6291141369977
600.0739035189839
600.699733485474
600.9574626155097
601.0811860366472
600.8333067665544
601.455687002074
602.059354326639
601.9891241847961
601.4359992608812
601.5175886283077
601.9160083118916
602.4691584383377
602.6871583715717
603.2995857801897
603.3710733661075
603.1695510146253
603.6141155823582
603.5536480678319
603.7121701956299
603.6327619409493
603.7116377938187
604.3361972153068
604.5155305926181
603.9537688398917
603.4598188633571
604.000846821723
603.5624419475824
603.6497921777136
604.1938366890245
603.6534761688846
604.0918718775932
603.8562535328025
603.4532418995332
603.5497822799936
603.0703554588982
603.2286203047566
603.6132838184376
603.7554113984402
603.9013030134491
604.4487996216698
604.6550778379561
604.5769785288157
604.8956314283853
605.2325379040062
605.1517644956652
605.3805950738438
604.8252480820761
604.9464222709819
604.7024848795418
604.9771053808727
605.0847313262128
605.294167709734
605.1933389973602
605.7720067572722
605.9360668211153
605.7046840890424
605.9571248239673
606.0193021510228
605.6187960286067
605.9656741075327
606.027850686832
605.4703343224725
605.9045463981051
605.3737373651161
605.5725227969558
605.633414916187
606.2236813635207
606.3861391521795
606.5379173501292
606.2208473621623
606.8446191377126
606.7587321923862
606.6848894914638
607.0459645579089
607.6148949809021
607.5521256578972
607.4826298285917
608.0596654427101
608.3972879224283
608.0742976873839
607.6781597158745
608.1970593480462
608.1332758041073
608.7109007123522
608.7819205390472
608.4941397142873
607.9649109237967
608.2299411964866
607.9053845285046
608.2672211497749
608.4180072458763
608.5056911872019
608.7265954821135
608.3328649823246
607.7903270745774
607.4627791174646
607.9180186272413
607.621017682626
607.8892052215524
607.958109084055
608.5673123010836
608.6564513074608
608.240724514839
608.3708807874339
607.7666734951691
607.4196490589212
607.2364884225505
607.029497637818
607.6509666036476
608.2400343441805
608.4296505195359
608.6408991163069
608.8552126498241
609.0958574451448
609.3597682254683
609.8225287245377
610.3291059350713
610.2680197977885
609.6531494333319
609.0915472462743
609.0254568463971
608.6506593749726
609.04987525034
609.1121925334452
609.599896031493
609.8875079465904
610.4268629625726
610.4895484534196
610.5689105940157
610.7285124690895
611.1297475414315
611.0254637846225
610.9224999035234
610.9864689568856
610.5443999151651
611.037494383849
611.5392900819437
611.4580947049218
611.0980060693867
611.1728658039334
611.7656050421253
612.3739464059488
611.9332370967318
611.776763262354
612.1350591034646
611.9774818300066
612.3972811566045
611.8647300171305
611.9537540606432
612.2216978943981
612.5426178298299
612.4809524363789
611.8544268720533
612.5077561893233
613.1032053499307
612.9867166893813
612.7592699400253
613.0437742722273
612.6605108931966
612.542560810254
612.4807812033272
611.9254918395901
611.9896611829082
611.6461119460479
611.7246830098767
611.6565210926568
611.5952843793934
611.8797512513062
611.4117244612858
611.5218472233754
611.8932423856602
612.1437618831144
611.7088931448741
611.7934429584267
611.339157465905
611.9843307788826
612.153642333998
611.6844456367503
611.1292988811801
610.6640139468028
611.000609658931
610.9063903447399
611.0108531241343
610.8451740141954
611.3039403233067
611.845025899442
612.2048068962907
612.2983746047826
612.7240384358245
612.9162921773841
613.002810563919
613.0648798385685
612.4988619691985
612.7822688833793
612.8468216040952
613.1604377094915
613.2680756397324
613.5954282323695
614.1880970934174
614.3786297610816
614.5077662334429
614.5704112045526
615.0139381731448
615.5333143433755
615.1655553905599
615.2951346667171
615.0617025608325
615.5358267355388
615.0633116779582
615.1507650637877
615.5753807177645
615.5121054759717
615.1784566196079
615.7294329897925
615.3811890097437
615.4443130360725
615.9068596104128
615.476579520117
615.9024774493984
616.2072247535787
615.9682317444184
616.1851795260063
616.0052171715
616.1413320054635
615.5206594775342
615.8531968221416
615.4711942629434
615.9434808238847
616.2088958801843
616.6009314139706
617.1305043114426
617.7887666171707
617.276871217286
617.0363525552859
616.4862794827324
616.3375369977463
616.5651982009701
617.1401442483826
617.0417395494023
616.9786700148038
616.8520490101586
616.3521192140802
616.2192782711259
616.0337359486026
616.4194993358527
615.9368886700875
616.058769199671
616.2850938422281
616.3873635475612
616.9956544716962
617.1223683004444
616.6245611064555
617.1097667244477
617.2610314016827
617.3667373200974
617.4536271048225
616.8161072435231
617.2350651595526
617.4437020682676
617.5618339553697
617.7110630924344
618.3619404721657
618.8973180932481
618.7895237617413
619.3645299378429
619.4473279256474
619.7165221816128
619.3128551908768
619.4430140228081
619.85800563657
619.6601236660786
619.5368365118586
620.1890144166426
619.6445098367087
619.4944422778042
619.4064879286508
618.9894581516394
619.5574816967702
619.3030002656228
619.8073992951115
619.4890058006577
618.8650509912422
619.083572156775
618.9382215939585
619.0027689651238
619.5293679068218
619.75916759679
620.1318199781992
620.3468252251396
619.9293348536306
620.1241184384816
620.0374654170402
620.6171723260763
621.2975739781049
621.1772557755681
621.0931671931639
620.531447826511
621.1017986222358
620.657219997504
620.9620215026464
620.6375969012172
620.56704361649
620.3778810837895
620.2755969166119
620.622332788807
620.8106686345235
620.9282669175163
621.5521789693759
621.8034297902636
622.4856433289413
622.2025946448048
621.774248210985
622.3896708972131
622.6606850489669
623.2765480233038
623.1442992882239
622.4660803597795
622.1209847314027
622.223779292615
622.3308574493354
622.0730659571639
622.3997975047656
621.7543758878954
622.0211438319988
622.0865762032686
622.2029511769091
622.3803222040113
622.4625768602973
622.2923526379636
622.731556271952
622.0949755741275
622.7253805248421
622.7932361378992
623.2003355553227
623.0466152050564
623.6767392051129
624.2287463300938
624.140331863352
623.7936518953633
623.9037441435165
623.2254352879162
623.2921149943772
623.4896628069408
623.9829559925248
623.3244803009582
623.4369854735799
623.5239289702114
623.9302247516293
624.068128782958
624.4926715440245
624.0360371967037
624.2179601402808
624.045445764957
623.9801187978321
623.7471496925658
624.2324631513372
624.427048915726
624.6389016733644
624.7695874487579
624.6060577301635
624.948757128911
624.8265827439512
625.2537714255639
625.0051736533486
625.1861373327214
624.8109104549151
624.9519566331893
625.3434092468336
625.681432320108
625.5951937695659
625.5171060174935
625.4354065743015
625.3043881904994
625.7334377609791
625.6402866585619
625.5317338512036
625.415337138981
625.352713422287
625.8087924867008
626.1897332894525
626.1270320135591
626.2336073172197
625.6322652780364
625.2404692564616
625.0679508398695
625.1306449394895
625.2681116999892
625.3926038666027
625.0719438670353
625.6403819191918
625.9429480826693
626.0535157210837
625.8591278121833
625.9742802030387
626.144533503576
626.2239504561046
626.8662265151663
627.0565439049
627.4929981221064
627.7136343165503
627.8333976134119
627.993519444203
628.0584994469518
627.8167891839956
628.314656162984
628.4670685940309
628.8806718605467
629.046956823659
629.166868543939
629.0605867260634
629.2684732993337
629.6652019898518
629.2920018610729
628.8724341553157
628.4868004536539
628.9212918877869
628.6143270771555
629.1861034105492
629.0654750666389
628.8955610758246
629.1457092926931
629.8021757308159
629.7184784902188
629.3918899098252
629.8599434852532
629.766665991967
629.468318571738
629.3369872663662
628.6465077563074
628.7169860247495
629.184156019911
629.5818124287056
629.8547831766647
629.995316102446
629.7834750199564
629.2857484511769
629.6588140932494
629.7227251721548
629.9519137729872
630.1061917134261
630.4406864624202
630.2885497726871
629.9631156532485
630.2962238084706
630.3827160846073
630.9237164280416
631.0361712802819
631.1264411779268
631.0376719073987
631.4299409060922
631.2903872409523
630.7369302680803
631.3068862419146
631.1007985670957
631.1697637569415
630.7678935079836
630.9321409049779
631.3668912016335
630.8030654452606
630.5063723850909
631.1541748787549
631.229378255938
631.8248196576712
631.2024975307008
631.5262218029494
631.4337795888081
631.7931135506558
632.0991335587189
632.0305510124848
632.2985978338859
632.6704526191644
632.2569327354943
632.3547155219665
632.1172166247661
631.8246237375138
632.0663144651116
632.1426687751721
632.5386478366985
632.8765709724488
633.5492660800821
633.483895517331
632.9574607269464
632.8058677307258
632.7256522996568
632.9639063742084
632.3486335401051
632.1218103509764
632.503407031702
632.8351781380874
632.7658192204666
632.8587884032335
633.4542205579643
633.2082137462841
632.750932667361
633.1964573271227
633.8485541236046
634.1317677381502
633.921765063959
634.1786357091729
634.4318814148963
634.0624202524689
634.5027656980144
634.037082128714
634.1005076896472
634.7540802920715
635.1343967893662
634.8319864441625
635.4304623376783
635.1581006611116
635.7846090708391
635.4970814067538
634.8517918760217
635.15105390161
635.0772715108396
634.8070700772943
635.2471757468375
635.3531325386992
635.8432164632684
636.0177465670224
635.9246863458501
636.2228246891225
636.1101552695617
635.6679180689284
635.8646411483371
635.2555214819931
635.3256152030369
635.9883290579986
636.0964019011003
636.0313431475645
636.6121846237064
635.949582885963
636.6015072727345
636.4296001052059
636.5199084370784
636.6611910199199
636.8711372716114
637.0395504944244
