0 0.0
551.0137406162013 551.5929886811117
551.7604046633774
551.9143150940616
551.5497094764908
551.7849788672119
551.903252835784
551.9614363374487
552.037181326299
552.4825571488773
552.993132948824
553.3947104667958
553.1902837086537
552.8673362648811
553.0606420324217
552.4672591545162
552.6490111112936
553.0731456135876
553.1669516564899
552.7024971245344
552.9249230382156
553.1681743510121
553.5446297447796
554.1318490800005
553.8694444714974
553.8140042990289
553.2643368186897
553.8573289053558
554.001487937405
554.4959776477242
553.9259214172247
554.0149490746986
554.0761720012262
554.2075315540844
554.3316381917958
554.1838641018254
554.2853080388226
554.6390420425786
555.0348393104887
555.4980835089477
555.6046667014926
555.3057256074144
555.6586207694954
555.4324443150459
555.0985075554592
555.3952441243026
555.693857493195
555.3800483543041
555.5886632600273
556.1560927790633
556.6432202339655
556.8976920788417
557.1447016256915
557.042458506654
557.1414338802986
556.6592556948883
556.761041720067
556.5333500972182
556.8388894936643
556.5208189476065
556.9379923376773
556.7192580031505
556.2462754240698
556.5460841729907
556.1196607556104
556.6333956970832
556.9367107680436
557.4775909507289
557.7178088039666
557.6608336237686
557.5388430319514
557.1889776339323
557.6774679228228
557.1392497527988
557.4525872463332
558.0177247187235
557.4855812060947
557.5911208521441
557.7929798058221
558.0407502476587
558.3710904779197
558.6497030359449
558.5925785502425
558.3262440022677
558.536573187072
558.3963960767057
558.2779073777441
558.5468760291142
558.9472362668055
559.2905366302296
558.6877110490738
558.807553058339
559.0764136956375
559.5686982969557
559.4786412497913
559.6886994066359
560.0369793429671
560.1032767696499
560.0337827314552
560.4003410978514
559.9650123523468
559.8841688757766
559.8125962130637
560.0513076587898
560.5921649423074
560.4016801977064
560.8923745975871
560.4370614575217
560.110920942383
560.570515110419
561.022027467664
561.6306573333475
562.0173396417521
561.9610375859942
561.5006533787644
561.5832662015567
561.2340710483911
561.6391386034893
561.277984980298
560.9051011468524
560.9624301916906
561.2324913120592
560.6267412070771
560.5575490390426
560.6256103591486
560.6850390481785
561.0340411711258
561.5261582958597
561.717595152421
562.2283922625721
562.4245933059111
561.9482199802071
561.6712624699763
561.5285732528115
561.868975877423
562.2735177298339
562.3567940432772
562.0915039283058
562.5639046371915
562.7260261531403
562.8074368386568
563.3514934163658
562.9155918886674
563.4905111699089
563.0254832864554
562.5259866659924
562.8042023477167
563.3719665686572
563.614266392947
563.2922427332846
563.7314057400193
564.0007865883757
564.2203485262686
563.9953472219063
564.0595829792471
564.6086250744246
564.4782998771061
564.3138216655104
564.4916799465678
565.062785446427
564.7585205445477
564.8383410160171
565.1947071199727
565.7407412125508
565.6824284174478
566.1275993955932
566.5684893254963
566.6358456721955
567.1847817247102
566.9215442830738
566.7978054296512
566.1985247976787
565.6506814025431
565.9726458419175
566.0588664254864
565.8244544109718
566.4112369926032
567.0061210867117
567.133136111745
567.6265574610683
567.0864872769587
567.5366681058346
567.600240468698
567.481547425667
567.1253374297248
566.8944904708493
567.0100112062229
567.165802091869
567.1011390326945
567.4151330231425
567.7920748202114
568.0934881361135
567.9969311207298
567.6690030562795
567.0694290296708
567.171428098689
567.0870929142515
567.5355818456773
567.4727815692854
567.6842829321143
568.2573635795892
568.4178678294927
568.2713501913124
568.1154014873946
568.4503758668277
568.1026924851626
568.6553006427235
569.2030254428523
569.5332413891621
569.8117349444444
570.0218446976866
569.4990851709853
569.5563555582697
569.4280915484777
570.0511708820353
569.6367151219033
569.8427215527523
570.4414961024831
570.1831077224094
570.762091634046
570.8281510825283
570.7347651595552
570.5302984160618
571.023220047878
570.8484321637561
570.6546969677644
570.3599342973595
570.4189070533289
570.8991987770212
570.6431938192032
570.747429044332
570.3046539371273
569.9922705982117
570.0600504454136
570.2713577142198
570.6330611869738
570.8825265098764
571.2066822865172
571.1220573274919
571.5144606355091
571.4565528503855
572.0673634596649
572.4049740091115
572.3066477998607
572.2443992074809
572.1855097316726
571.9952589826637
571.6866258478161
571.8769277777849
571.9366588762799
572.0821782429568
572.6416602638051
572.2711883235594
571.980399498017
571.6452325762272
571.9017505735784
572.033703175509
572.0940851060777
572.1665123992137
572.4995757053715
572.8886265021092
573.3391568958344
573.1054593608958
573.1978047859038
573.2983701540011
573.4849955099281
573.7001855247773
574.1403674526505
574.2605826076989
574.8914902530195
574.3558722257372
574.8987308113611
574.7392011640209
574.4355399593871
574.2133790408703
573.6562388158871
573.5582373563018
573.2430307885039
572.7529824747666
572.559298293732
572.6256649192392
572.6842869686997
572.799943947951
572.5576154685905
572.6503782071275
573.2608189401657
573.6076830505507
573.8089882023387
573.8807049380097
573.9731375091112
573.8399245540182
573.7617345494699
573.8409864649864
574.309671775553
574.4240142621526
574.7820010737204
575.1755341912634
575.017937916453
575.1262726215454
575.1974315004684
575.415805022478
575.5912333289459
575.7973913237755
575.9151689715166
575.4040439064793
575.4849301855216
575.5967489753195
575.7357848330806
576.116936954845
576.0384129418334
575.72787080058
575.6025072821822
575.8515274076589
576.3448203944679
576.9195125083239
577.4208108990682
577.2737148839748
577.1371733433581
577.5739273403941
577.130294949265
577.1934937102585
577.8156217297635
577.3469614091172
576.7921737800499
577.1575839468412
577.3986448913722
577.6125735174305
577.8228480588657
578.1537055627673
578.2609135074604
577.8989545406323
578.18476304839
578.48788329886
578.6563584065108
578.3896904283823
579.0056995866972
579.6241315150032
579.7792896558805
579.8510335180425
579.5520014622032
579.4925857635794
579.5593698993019
579.1405239728122
579.5325471758581
579.6596520289464
579.4359746497349
579.5508623474958
578.9665857918815
579.5795842187149
579.5135561221513
579.5956574674075
579.4628210083225
579.0246349682386
578.4466494796642
578.8603186756123
578.9593343257875
579.4984940346226
580.0172074893005
580.2162310826346
580.6068389139372
580.51544946108
579.9631109887503
580.1276721866813
580.3820479490616
580.2225489334952
579.7824668898934
579.8584688699968
580.0339575907365
580.6470543600661
581.2507633723487
581.7901812840405
581.902843041003
582.0244713248069
581.7793871508089
582.1912771184901
581.7519265936621
581.651708384379
581.7370293367578
581.5720151724787
581.9670520691786
582.10159657391
582.1629262198446
582.328700331759
582.4775176469399
582.2217959381034
582.4087691249978
583.0126145963892
583.6407247091012
583.9549482487197
583.8622562200921
584.0596836357962
583.4331261417805
583.0965247474448
583.175875496625
583.3009943055621
583.4507427311268
583.8036191181118
584.0658172527897
584.6007757058464
584.2093739483466
583.6865401249947
583.7736682933088
583.9203901276413
584.463976003445
584.2610613827612
584.8995555188226
584.8281895151533
585.0657654700423
584.8967345026607
584.3031691591017
584.0845671905237
584.1902489876468
584.5848144654296
584.8300156267074
584.9367316850987
585.4455677271158
584.975681256603
585.2880596297005
585.1732735060075
585.0730549365707
584.9070514096373
585.4813644887416
585.7493419267138
585.6868443451789
585.5997858656746
585.4953226966051
585.6739876659417
585.5879258259562
585.5221143327211
585.1377585474085
584.966080332783
585.0686322663612
585.6502302093503
585.7395062971922
586.3205010634097
586.6858972517628
586.8002954242569
586.8834784487055
587.2484101657808
587.0074603529458
586.561033858197
587.0589327236787
587.1659780392321
587.2485378236031
587.6567218874806
587.7628202625665
587.6538161796215
587.4111797863069
588.001310433118
587.7572249320093
587.6224086059326
587.5269589125633
587.784701770925
588.1686746898372
588.3790171009166
588.2644408233406
588.0023607029918
587.5288101782656
587.6801139271453
587.8808961994924
588.3112376792108
588.5133721521755
589.0750208722421
589.2234652260078
589.375779175126
589.2236317342403
589.5059262994248
589.5951049768676
589.2473231195057
588.9148809325087
589.5001589549074
589.4148344407407
589.2026018720413
589.2876777724629
588.8120255321182
588.6688175696614
588.872706871355
589.0339267396974
588.9318366950505
589.0161659356346
589.5298870072489
590.0517931911477
589.8167912462036
590.0175186336747
589.7765305017753
590.3210194498158
590.5005670249504
590.7662035532022
590.9904562809064
591.0730225870785
590.6299325246666
590.7897979384661
590.2619151394078
590.7946724030552
590.8856418576013
591.4869481473792
591.627586768108
591.9201563748682
591.7851858627432
591.3178658372041
591.805649187447
592.328198256196
592.869824780826
592.4747004559439
592.5340095405768
592.1591242756765
591.6812220133714
591.4527373874923
591.8011977139137
592.2234258243417
591.8482374056259
592.4418422629585
592.9703899095178
593.1540586458798
592.8687892354073
592.5273560454482
592.7993699302486
592.6920290054901
592.7566642969559
593.3043241420436
593.9017922523033
593.8244030593899
593.8851408953298
593.7781911095257
594.1072148870445
594.1846346101759
594.3883713930776
594.4701753858009
594.1212200296336
594.1848174766875
594.2493323596059
594.873792730159
594.2304681267287
594.4244653778065
595.035401573886
594.4231404754358
594.9387900850566
595.0054495925817
595.2961387645763
595.2189726762277
595.132134862666
594.9774244707393
595.1809330343199
594.7702539866945
594.2586175549094
594.8397927896739
594.2500212363387
594.1878175376067
593.7463567224602
593.6561076091873
594.120706329732
594.3421126918373
594.2807133039516
594.3423919163973
594.4851326566876
594.9801449610806
595.2803899399179
595.3419908061396
595.5581121569729
595.8117933369157
596.1862873128407
596.3676814490393
595.8347053709714
595.6167648991543
595.9808920409806
596.339091926587
596.0342523033565
595.3868800053452
594.9429250845533
595.4499166922996
595.6880847903303
596.0528960220433
596.1709000420392
596.6651064804186
597.0068369673634
596.5876599204073
596.6914973250748
597.1808839075406
597.1092839534703
597.0471749252308
596.6338571834217
596.5439126950164
596.7909132889989
596.2532088845292
596.595644313483
596.5032676185967
596.5891563247928
596.8636917249252
597.3284477819434
597.2568616749772
597.3787047408347
597.2374997013302
597.4178811331793
597.975811030238
598.1626010369168
597.9065411839391
598.3130578892794
598.5867658849445
598.988634129243
598.7673243163614
599.4028401624051
599.8180589995875
599.3390618741971
599.0801161490612
598.8814974934337
598.5590111489481
598.3453342633568
598.9685621252455
598.8304904000978
599.0064312198261
598.7750928362498
599.4283270061934
599.3462709454227
598.9020347351341
598.2928645979997
598.6358552998269
598.1171925373401
597.5827568569741
597.9435889798734
597.7132773890683
597.7909132580593
597.6606276873631
597.8129788292924
597.9155144675192
598.0022668816503
598.3575505150415
598.5123158774786
598.7588543224624
598.1956180835597
598.3755739427113
598.435816823904
598.8899745094808
599.4745661159574
599.1132424753114
598.9705338977088
599.2540862006093
599.5054883549632
600.0272216981858
600.6214196900725
601.0040480487644
601.3763166251982
601.2526239335039
601.0124565107424
600.7033309876235
600.5919535500797
600.3509831155412
601.003561192567
600.7755622129707
600.9256720911144
601.2824647623928
601.7362810410724
601.9509806001553
601.8067547894775
602.2212263685691
601.8095901767524
601.4660548840333
601.9091585820978
602.0774875094249
602.1790431520843
602.2394499892398
602.3393925566014
602.7807169685154
602.7138412045825
602.633973853464
602.5168339528802
602.4559847561092
602.2916089763843
602.604123830643
603.1306102920006
602.608907753339
602.3118673478516
602.6032270151227
602.1318279846927
601.9820837199541
602.0573437786564
601.992470995627
602.1109687217921
601.7352674129003
602.2844878433278
602.6434351812396
603.2652666677914
603.656609272249
603.8217556597091
604.4821890386701
604.3269455825482
603.9395583103756
603.5248153347612
604.1036761530597
604.6048951978029
604.5443125137045
605.0529934491855
604.7821456001021
604.5274354067477
604.1676096270593
604.2451359765079
604.3336991013322
604.0735895289077
604.4084308007109
604.3458548001381
604.4380641063175
604.4985550674938
604.8319060273334
604.8963895099329
604.9569467750488
605.2093759500275
605.2842528215615
605.5445426367152
605.4478277876985
605.1530445761377
605.2249086021754
605.5254522936991
605.8864344150636
605.2933546007789
605.4868709544346
605.3256264401324
605.2306196206207
605.4945107034299
605.562145871757
605.7147798998434
606.2643096871453
606.0083637641756
606.3771256570947
606.5083466161491
606.8555979354018
606.6950018351802
606.8910617832496
607.5019892617203
607.268203684299
607.1066231960004
607.6335641518817
607.2329221598111
607.3676447900972
607.5112343625835
607.8210230173087
608.1624703415565
608.055742162647
607.4711334663081
608.0121634662959
607.9009016810346
607.8205227095624
608.4097551973395
608.188488399765
608.0605976225905
607.874377081773
607.371588079131
607.2132181926954
607.6672454304937
607.7996892295882
608.36596019113
608.2234728283341
608.3211005106533
608.144531051989
608.5705228444509
608.9220550146072
608.7484220497957
609.1731757243933
609.61655912739
609.6844799596134
609.8280450144059
609.7668626716527
609.700581397913
610.0587948905137
609.8958797380745
610.1599195230417
610.093128030879
610.5166938917693
609.9499432573357
610.0494481491326
610.1997554834965
610.0412834786084
609.8286000174828
610.4058394073444
610.2524382501623
609.9069071626348
610.3987503539806
610.9527299073953
610.8763876047954
610.9825833391961
611.4931034500245
611.2530304760479
611.4026474755127
610.8719673316384
611.2075389406958
611.1303931690518
611.5458763168798
612.1997745123267
611.7105339791186
611.51625074327
611.6559906330125
612.0130337664267
612.159257895502
612.2341712407554
611.7357050403439
612.0222032151039
612.2748930602689
612.196913062918
611.691459819089
612.0932899640517
612.690418706685
613.0732819435004
612.9777469777857
613.451068615706
612.966058248568
613.5234299527681
614.1489504012312
614.2118909215111
614.0013999928741
614.4513139148039
615.0204686193214
615.1741528779506
614.79754895173
615.0593877610182
614.6336653982693
614.7108131423853
614.158574946723
614.5044063694505
613.9205357149547
614.1695999316204
613.5297595661061
613.595485030587
613.6785958207922
613.9759659924623
614.282987282055
614.4587550201443
614.3074953776678
614.632131483615
614.7178762216804
614.498136270414
615.1221616634826
614.9437374730215
615.6072197106909
615.6745545719144
615.5127197173888
615.611210361267
615.4156122469725
615.8572796503129
615.237110910911
615.444936145161
615.5276584100184
616.0730094073399
616.5913122295807
617.179779853994
616.9973333942713
616.3319270791409
616.5547655783735
616.107338709397
616.3610323504255
616.5532281521672
616.6647341205215
616.2524578995443
616.8822509749463
617.1351590909933
616.9691000763555
616.896447605557
616.7502009749044
616.6036584663326
617.1116237122181
617.3258116344898
617.9278153062354
618.0825190461765
618.2500153879907
618.0708986704232
617.7820745631877
617.1060664482326
617.2711688725783
617.0959129660476
617.1714142848836
617.4990745316376
617.5614551414124
618.1628041561976
618.5445384649978
619.0539612622456
618.8280414808561
618.9077655944468
618.516657550983
619.1738583969942
619.3559531474802
619.6673973384807
620.3201849806013
619.6524584309285
619.1799038221201
619.6382354017442
619.3231280716798
619.0135793232204
619.1548275240239
619.0837929770765
619.6668148014661
619.1014763473686
619.1674260971954
619.2298084735064
619.4318349863642
619.9573299235789
619.636901235439
619.7282878285655
620.2466266501974
620.1261390044517
620.6029386933538
620.7436910468438
620.6370939435635
620.9126863157677
620.3106694297651
620.7079378938313
620.785571218619
620.3138702269855
620.5409741659998
620.9676759709566
621.5172117462818
621.5937844711343
621.4842528453748
620.9242233553922
620.632266919316
621.0574909459968
621.6731675258075
621.6067594245985
621.9343787932174
621.4352847923756
621.5088189082787
621.2258759728556
621.7396078897451
621.3680027923454
621.4426017963266
621.897542147757
621.5118582461621
621.5816547393721
621.6890680246888
622.3701524929047
622.8489952020174
622.169789727887
621.4923159448
621.809493619678
621.5797909079898
621.6894166670348
622.3144562494191
622.5702996561184
623.0613263829681
623.720638741071
623.3542568551463
623.0484921667196
622.9112460590316
622.3305867122198
622.8346832800207
622.9316730017415
623.0366613396681
623.7107459619406
623.2564156452456
623.6451296214126
624.1280817075366
624.2262692748353
624.4106532725064
624.6923780534408
624.2080344862944
624.7362034009759
624.880939903483
624.7867094396157
624.7242274178199
624.8019401429616
624.6598183464088
624.4351531064552
624.1718854027165
624.5570121729521
624.2338400396663
624.8082347461774
624.9326986020709
624.8519815713562
624.9207092444149
624.8489058915287
624.9505438220934
625.3089599143635
624.8271485538985
625.289893986419
625.3653597203115
625.8946973396295
625.7325996715559
626.0300643958972
625.5390860976592
625.6665829491573
625.2334270754529
625.842345941243
625.665989931252
626.0873279728851
626.6572027427609
626.7199060335682
626.829054756253
626.7582692448973
626.8817624733051
627.4225367574409
627.9936093135088
627.9129829369023
628.0272828334786
628.437576477078
627.7734365148962
628.4525001965216
628.642517270236
628.3022909240718
628.1212558344658
627.7378858461988
627.6290215562847
627.9301364147253
627.3715363598988
627.6535312259635
627.0624724997215
626.771082708796
626.251607675155
626.4915974773666
626.7820070450194
626.9380600048646
627.2632815936593
627.6925179606736
627.7688425913694
627.5796918267876
627.6522745383076
627.8838844669569
628.2037415963148
628.7925910180724
628.7158743600168
628.7895098086811
629.145396249562
629.2695133544714
629.9219541365815
630.3836205820768
629.8178233308465
630.1966533691572
629.8962118391689
629.5927965364278
629.4657851968217
629.2343532885263
628.7869527254286
629.4214056332327
629.5152292834632
629.344153853711
629.6464122812132
630.2837125211706
629.8646022579853
630.4657991943462
631.0599031385806
631.1618857598022
631.2325939467123
631.3846142164759
631.0340954019639
631.4070092836221
631.25610518336
631.1895365101406
631.7836340038734
631.7162116571067
631.4653728382318
631.5398249174473
631.4526686441559
630.7980419252376
630.9339063963649
631.1666252424743
631.4589046929165
631.7353633101786
631.2143838189068
631.6278920803393
631.3916521257136
631.9116520923145
632.0756994053181
632.2643896866358
631.6966291355036
631.9772686269458
632.3299704442645
632.4732179627573
632.600692132828
632.8181720875061
632.5925719465296
631.9645893936477
632.0303560140344
632.1723123698001
632.6122067964641
632.8567107077789
633.2241486450054
633.0378890039357
632.9729017258294
632.8600599429006
632.7465952556066
632.227115802182
631.578755373759
631.1470157094076
631.2491746049756
631.4833656119265
632.0854153702759
632.7066878890702
633.259404803573
633.4781324802269
633.5428927093002
633.6170713320081
633.5274824538169
633.7533743360908
633.8220173867816
634.0052227571646
634.1182495603799
634.5097571225588
635.0417985005721
635.204169183264
635.0405991303085
634.6665258894723
634.2147505172615
634.78533679713
635.2332565272314
635.5167843146261
635.9184125059301
635.8300027443797
635.2078375835331
635.7363739591489
635.9864382052002
635.8509311339392
635.5782459635869
635.8061086480775
636.4497398700188
636.2422606562119
636.8856216553985
636.4472565413844
636.2770256410057
636.0962578089366
635.4190746254803
635.8659692120384
636.1767207503724
636.0329419012504
635.5455626495612
635.6179664119854
635.2246001646777
635.5074252289825
635.603050959539
636.0756264373216
636.2778140667225
636.4160088256918
636.9897879278033
636.8256908504623
636.7519839799634
636.1980192726238
635.9078353784589
636.5698640107462
637.0997677644499
637.4032776471664
637.7171628691268
637.7835379552914
637.7054094191643
637.5966752666699
637.0270388499971
637.7002595862481
637.4693930643238
637.8749217659436
637.7612381619562
637.6042962928583
637.6887678216311
637.780622230577
638.0580244496927
638.7378732342219
638.2139226628697
638.6859286397963
638.8987826906906
638.5814742670954
638.8570232991839
638.9265950492091
638.8265686259123
638.7412899558016
639.1243404455984
639.0160866595777
638.4042304006334
638.3010656035259
638.3736189154134
638.6449869909053
638.8365850815547
639.0566121251485
638.370182849351
638.3021182927266
638.6647555308703
639.232003948827
638.8399124325757
638.9440529279332
638.4717639375725
638.9563013145344
639.5619239727406
639.7967857314976
639.8664789121419
639.6471209172776
640.1324851118854
640.30375460162
640.7810474367698
640.1352395857346
640.60214981764
640.0965112808569
640.2553245405422
640.5869211381145
641.0423906009948
640.7129344376774
640.5351387888741
639.923308062888
640.0758660067835
640.6659695480141
641.201803679154
641.7530590474735
641.9684544432097
642.0350504797054
641.5802173416288
641.6463889597808
641.7949489155721
641.4793771768351
642.0506637649455
642.5776869466171
643.0672924631991
643.5262472634905
643.1859940677311
642.9157832761515
642.8267393372915
643.1620559582072
643.6404049437637
643.4181972904822
643.7011244123554
643.6345143454384
644.2814622449735
644.3480248681915
644.0219317320001
643.6030844888007
643.5288217879696
643.2202415487128
642.5545028699876
642.4138289787257
642.5030283839948
642.1748770544951
641.9122615250468
641.2673023035424
641.7204464131271
642.3853932356642
642.8363775534145
643.0195230385717
643.6483892925781
643.3073416367846
643.4731344310135
643.9488535271722
644.0984288823697
644.2020629741972
644.5690837435453
644.5042212405319
644.103198622593
644.1713757161272
644.7497433049055
645.1028232606646
644.6967330125885
644.2106996445093
644.0188844866709
644.1433609177207
643.7347695863923
644.0615009784462
644.3280370863044
644.3930673252812
644.9736535840422
644.8697032438404
644.9697343598025
645.1634166344371
645.523976833628
645.3497718357276
645.4571020692333
646.0740709557638
645.9998878305724
646.0825255810527
646.1495709145561
645.8268741173139
645.8933984511249
646.5639240720566
646.2309826528166
646.4816347811945
646.5841397981266
646.5108937849792
646.3359336405085
646.7043680164875
646.0863834637187
646.5513302032341
645.9410946090271
646.21352866117
646.6335195104123
646.5673764820319
646.6321380232092
646.7579026232626
646.4387176039667
646.7375326068546
647.3769950170521
647.2227693663538
647.4118996996992
647.5192437509538
647.1814127471187
647.5023213564307
648.0287123198059
648.1272902717543
648.2086233797193
648.1331436322859
648.2079147624247
648.2727363260458
648.34330377213
648.6426336441582
648.7270052560265
648.6271066817283
648.2598540878414
648.7310899042484
648.6540419699592
647.9947655988091
648.2224161162018
648.6234247392846
649.2343943299684
649.0752491006122
648.3879905031077
648.6521140828523
649.1684536717447
648.9754213652174
649.526285027548
649.3337631324939
649.412195590785
649.3292121217926
649.8472110929034
650.2579023943088
650.8071868448079
650.4080832628566
651.0523796134048
650.6552153868048
650.3198174570122
649.7544197627486
650.2122111191256
650.0359262899167
650.3203126426223
650.0524667236537
650.1614048322249
649.6128021434305
649.5357831482759
649.9105002572801
649.6408065078942
649.4772520127765
649.3344248511293
650.024545782938
650.6751743054307
650.8025008896243
651.2858077832808
651.2160688206228
651.1264512315732
651.2213241866066
651.3312681759874
651.4330155357915
651.9828517615173
651.7737731975884
652.1112110322174
651.623910538343
651.7344342597981
651.811935605423
651.8849551284768
651.536328384178
651.8179526345859
651.7231507173204
651.382401955991
651.7271214133162
651.7997404704338
652.1666739311984
652.309244093029
652.8269857290389
652.6218783566368
653.0991414344344
652.632886621398
652.7266754108177
653.3203053440888
653.6009381400993
653.5354975625828
654.0808807042143
653.671980071571
653.5882760615129
653.4151693761618
654.1072507491723
654.7022936998177
654.5031020484503
654.7300406380823
654.6470696208505
655.0322884028869
655.1292346322653
654.8512081571419
654.7516986501838
654.658646477433
654.4884337859994
654.3283106485455
654.2541854352052
653.8456154752063
653.9256439620073
654.4726669918554
654.8036707651397
654.590800464056
654.8722743924704
655.0075197305367
655.3896963463538
655.065094789931
655.503122336739
655.7969236272224
655.1961854445387
655.546344910715
655.1596934367474
655.3937144845023
655.5945460670126
655.6617267644314
655.7279918550017
655.6326275083013
655.7065718980506
656.2185655906746
656.593076407419
656.4943048893334
656.3398776159457
656.1090485273457
655.4696500885343
