2 0 0.0 1.416818453450885 48865.557170700195 2.55
557.6199570035926 557.3785023977271
557.4447121002735
557.0391556009407
557.5671448822958
557.6865112271325
557.782494199337
557.6378383416045
557.7423221923978
557.9434124348764
558.2052579674634
558.4745836607474
558.8729692461237
558.5690242666881
558.5129913863624
559.0870225936694
559.0040634127035
558.9414822508817
558.8826305126232
558.5819102714088
558.4321895074654
558.7016657852688
559.2467395309486
558.6874821387304
558.9884612630055
558.9054749778212
559.1061883444253
558.6365711173228
558.9187643163439
559.2029228896663
559.2656755546697
559.7005060876211
559.9120095728796
559.7730268106897
560.1676538143925
560.4626786046738
560.7340670282969
561.1053862039704
561.4769430810139
561.1764867534968
560.7229264111066
560.6646739166498
560.7924903403423
560.9230939430698
560.8072569701451
561.2794161962116
561.1610357684073
561.3468551310573
561.5693413859209
561.7877594030574
561.7275420285397
561.6604131937978
561.5459576685851
561.1443144131399
561.6888197454973
561.3286726643896
561.0790018941617
561.1762232250868
561.1113597796891
561.7163289805151
561.5004678145248
561.9980410513801
561.9114668833255
562.5130743805535
562.1821493211593
562.4917222579454
562.635786054847
562.9919477749496
562.909901875848
563.273089248826
563.3362118866398
563.5048153022693
563.3202431217252
563.4100997632439
562.8269651022835
563.2484330061108
563.5651262497438
563.2168711004841
563.2875260521081
563.4073935440596
562.9223993355952
563.062223377302
563.1884204277102
563.2586033663075
563.8189496375325
563.9644242989282
564.0476294010421
564.1108752607366
564.0298081268002
563.7339747017272
563.8179084008158
563.879009576229
564.1903303692558
564.0001913683308
564.4247758817511
564.9172603722751
565.1907094451635
565.2721146132949
565.1345409673274
565.6694056263608
566.0918953387459
565.5951689063526
565.8359911632881
565.9472060119438
565.4185367734117
565.6160078518177
565.3348058374513
565.7243773844957
565.907464156177
565.7562757613466
566.2224225025728
565.9172091663268
565.9742098456315
565.671841215997
565.794248089723
565.9579193078631
566.2145852274905
566.354494385987
566.6472295017835
567.083110625203
566.5299882087947
566.6872089294772
566.955745500655
566.6826597689927
567.0713593761739
566.6621555337225
566.7721601928183
566.8718257653226
567.0640145416503
567.4864353484589
567.793874327466
568.0137981578168
568.0830350185369
567.8845836606663
567.3441727592734
567.701284976022
567.4332949710295
567.9228060168097
568.1614762810877
568.296031830664
568.4362669316425
568.5887716391175
568.3407989284739
568.9507214937428
568.8722712860479
569.4279047187639
569.2058198493402
569.2826310914055
569.2075161758459
568.8780059689749
568.9646424254098
568.6774081962684
568.9714772212074
569.0891717962376
569.2333026360191
569.484289104458
569.5731600877843
569.6303658807789
569.7078474843507
569.3548442964725
569.6337468331501
569.5766061647182
569.6336114721779
569.1855487790054
569.1124816603136
569.2650518837893
569.3307916463393
569.5794302664777
570.1422106281474
569.7403118224935
570.2721244486263
569.9105724157303
569.8535800681726
569.9291602617934
570.3644097196204
570.5089733406378
570.571801225005
570.3998862329527
570.504945228227
570.426932321981
570.9605014409784
571.122549177527
571.5547770652142
571.6121297560858
572.1888973153937
571.5652024474157
571.6546601966393
571.732760736079
571.3028435542624
571.6831748571277
571.8080952693107
571.219379653688
571.2855608701102
571.5211478603773
572.0094916258304
572.2841519204701
572.6665829428943
572.988820764174
572.740946934639
572.8187630334805
573.233445659091
573.3474101207102
573.1734515633972
573.7410548147732
574.2834661091059
574.3488234312692
574.4470535564027
574.1640138446801
574.3926394675088
574.1616098614886
574.2896932462567
574.6527834427613
574.8528245391734
574.7382191758267
574.66995544359
574.5345938934109
574.9315830158931
574.6987157633383
574.9890532303817
574.5482954587628
574.0727510906947
574.1305513674088
573.7374020988439
573.8467093937556
574.1132047088101
574.3899808188936
574.6239424712595
574.6843785770076
574.2274460276009
574.4522807942002
574.2599591447877
573.6603658547681
574.0549200059229
574.2933042984355
573.9756111283652
574.1446053321052
574.458126627997
574.5880867212114
574.5286385854315
575.0810689439481
575.2370768738664
575.6805687589491
575.5094944483752
575.7958198443454
575.4358824837294
575.631409001485
576.1108226318121
576.368653198655
576.8000886510939
576.3351778651538
576.2775437022815
576.8628691256406
576.8018642964222
576.9051042589634
576.7208149645547
576.7836127195666
576.9249563027539
577.3992593115538
577.3292624205142
577.7115656359214
577.5084020029851
577.703768960535
577.8752655840839
578.2950270538167
578.1498840050671
578.4766770294593
578.2708583585896
578.3367379403866
578.5429941985029
578.1883774434151
578.6393604768953
578.2096617544497
578.3152415547881
578.5199967299347
578.6575589263022
578.5473694881919
578.4065306347071
578.5582620775175
579.1427178151484
579.2014232882417
579.341835336161
579.5935640044928
579.0501530751661
579.3132679830361
579.7840609270868
579.4776805108795
579.1432785541333
579.4529682689313
578.8322086686891
578.2098718812219
578.30836367665
578.3716264844569
578.5031184020945
578.644187307433
578.729474542055
579.3265533619317
579.6443929933191
579.7711161732477
580.1609778698934
580.2421598487898
579.9727997442702
580.5273660242824
580.5854669801103
580.6516671154898
581.2329185537768
581.0822777820821
581.1452223681266
581.4821452709318
581.1623167285957
581.5692745682388
581.463745443713
581.3867266225035
581.7139329046
581.5204851866582
581.9350748823615
582.5379843733206
582.3940615052115
582.6637625865649
582.8433775792228
582.6912178977685
582.4718709490144
582.2375237682471
582.4756451881254
582.854215720194
582.7332268550567
582.9228981353434
582.8189690297024
582.8901826691454
583.5039852732882
582.90308488867
582.4637338902339
581.9194835538516
581.8345717439709
582.229707994634
581.719662686974
582.0708402142855
582.1493236124409
582.3254707465767
582.0717886686491
582.3021177149046
581.8714942078846
581.9423214065915
582.3266384552641
582.9400380356072
583.3915379844511
583.7835701937682
584.2521668143642
584.7462432613578
585.329791577989
585.3934277231014
585.2420619184412
585.7955722755574
585.2038847847981
585.0209557673486
584.7918125641968
584.3903275206621
584.5966298441842
584.6959689640006
584.8273261918545
584.9145701102331
584.3908485092564
584.4496671986275
584.7877497231592
585.3251114363646
585.1395558021709
584.6505443871818
584.7114855072668
584.252504330178
584.3114029007016
584.1688789958541
584.0996103277479
584.1589705197508
584.5317237503145
585.1067670017072
585.4962586456681
586.0103200023908
585.5889948826546
586.0386946160783
585.9696273597289
586.0986851123782
586.4762522979681
586.7166312394979
587.0469382611301
586.6341349451028
587.1179318871876
586.9944895583164
587.1633164607238
587.0352829835629
587.0993782006459
587.2969647272506
586.9030523095504
587.4465491807873
587.2271457601296
587.0738897698785
587.4646794798492
588.0075560843131
587.9128386550109
587.6876465591779
587.8913908992084
587.4553910045045
587.5559752770945
587.3056753972073
587.3646035810875
587.5353772099788
587.6514554660822
587.9556965546199
587.6733346601479
587.4283197359447
587.6628772508939
587.7354610450328
588.2392602477562
588.662924275677
588.2472332663724
587.8681585978863
587.5042859934592
587.791253746229
587.9552042513853
588.0508714327627
587.6166330749751
587.8341825749802
588.480016808553
588.86462444476
589.4328289866634
589.5801922065939
589.41975353522
589.7410907463285
589.9098094836595
590.245376632297
589.8039383281206
589.5871970074269
589.527016859815
589.9311430340761
590.2838537793829
590.0509960476453
589.7508267368602
589.8738828452854
589.9415514239638
590.5541842958751
591.0419753767181
591.5514911674811
591.8457024058897
591.2778574669978
591.1005472008324
590.6380660666947
591.2649024878191
591.0958548396112
590.9328360134482
590.4977864591382
590.5757063978489
590.1927603203732
590.5556137450405
590.7202418152947
590.8096917370416
591.0640730662246
591.3146609891871
591.8929763995984
591.8031014195792
592.1195373304565
591.540093723637
591.8336709386426
591.6696844668222
592.118218940658
592.5364721835
592.7787334611536
592.4158855391923
592.5692682864428
591.96646430682
592.1349749865392
592.552180064708
592.954265959533
593.2076133418012
593.8386511696993
594.3045676426607
594.3756889898925
594.2085272614592
594.1455665946521
593.6028375595456
594.1160540141307
594.2813235718065
594.7068587676351
594.388969021931
593.7535176708844
593.8528386433019
594.1168870013826
593.9526149506295
594.3295378741224
594.5869606475416
594.4516511670749
594.3145111906713
594.6851491730064
595.03954443545
594.8640029596166
594.9853220817605
595.5633341630693
595.7254858567471
596.103567648253
596.1688971448617
595.6610387429863
595.6003660056272
595.5260454945991
595.3017744791357
595.4503817540548
595.709171795439
595.8768696010126
595.9651577047111
596.3178669634307
596.5278456388918
596.4252663707424
596.5187671249852
596.605811497102
596.6695516241831
597.3035894725829
597.2037679704911
596.583714235053
596.926816392888
597.1644303271842
597.077585622787
596.9677761979425
597.1632249515919
597.2649730215961
597.3963470571416
597.6000743182816
598.2045453693655
597.9815110064968
598.117473106539
598.3571710662873
598.2047141700701
597.7499544630593
597.5993655814901
597.2575149668376
596.8109213790171
596.2132100325991
596.3180157726866
595.9861600219767
596.0777114013398
596.1605265913961
596.7012574569795
596.9454589528162
597.154283405604
597.3091316688175
597.847768418368
598.0010664652189
597.8149705927628
597.9041805789057
598.1389478773697
598.4560746371538
598.6032992944967
598.9775499906881
598.8320471469857
599.2423010071188
599.3252178955868
599.468686415193
599.7675207533879
600.1185616468715
599.7373878967218
599.6312052964473
599.9613799211205
599.6343811027685
599.0229602882151
598.7765171826933
599.4151710182399
599.8882973029913
600.2531631908948
600.3664117790552
600.1346416868881
599.945107024965
600.01040788845
600.0832924834784
600.6624701949247
600.1787667926973
599.7807411231836
599.8487195173394
599.9663907554406
600.0335683057835
600.1599142348571
600.7748457231131
601.4167793253936
601.4836604532943
601.8371882327202
601.5607024468143
602.1690087562718
602.103009307226
601.5158259648798
601.6557204275119
602.2385060602988
602.0739390840732
601.6154551197923
601.4610364757195
600.9945291515812
600.4807392039656
600.5873873220951
600.5200028182306
600.4595123214092
600.0396383068212
599.6978040952878
599.9036335484772
600.00075710931
600.1004472511966
600.5870091238796
600.771221391274
600.9660422642493
600.542347307289
600.6470270152091
600.776706777766
601.3693405530189
600.8225069338678
600.8832346768858
601.5290436741103
601.6210259112115
601.4823212896488
601.559651815928
602.1447316501554
602.3722862368187
602.7749420265137
602.6819460841676
602.9203328657135
603.57896197218
603.5107442872022
603.042309629657
603.4561556763709
603.6149807985979
603.9844680920812
604.5212098278465
603.8795686842016
604.0601632486733
604.2743046463945
604.2123510007241
604.2764107186154
604.5315407128786
604.3977818179953
604.5411281979648
605.0873128254276
604.7980986406097
605.1205831320304
605.4653905579065
605.2986380194792
605.3966873168324
605.2910810268777
605.0674299195919
604.9103026950824
604.4251691210626
604.5246980761309
604.3308787416174
603.9435263388974
603.8570736553885
603.992061248357
604.0527220442578
604.1152231585783
604.5577313312025
604.7073244540449
604.1867865176855
604.5758334355726
604.7890448300292
604.9881016817375
605.252091239578
605.4716750369485
605.7396569826462
606.3103815142665
606.4021410414065
606.9550032253661
606.5809396562429
606.0080477250564
605.6196226303568
605.3158803123594
605.6506065365865
605.8708397257953
606.0253905306317
606.1330617637805
606.2262169813102
606.3261191207781
606.7863183883059
606.6938601496338
607.0871358576088
607.2523493674927
607.4243177876549
607.0713454858852
606.7865018586497
607.2143504958152
607.2930723482382
607.5995375354748
608.2567816332729
608.1502411261887
607.8621279419453
607.5702361281645
607.4389904602098
606.7897219353185
607.215062985714
607.3778947379536
607.2434473143643
607.1589672715761
606.6562754158788
607.234607331161
607.6380056810675
607.9736255021949
608.0347005667181
608.2157321736272
608.3281338800947
608.4336380720475
608.5525854532306
607.9385780366465
608.0988954701802
608.3722192304446
608.5052477762058
608.5956745930022
609.0534816288248
608.8592635867313
609.0034135712292
609.3234943864294
609.0279589596264
609.544314646647
609.4819282355672
609.287411790474
608.9058415540444
609.0622877147524
609.1691613032685
609.4556619324651
609.6447371064836
610.2721529206316
610.3646432824867
610.3010381059859
610.5457649435706
610.6270134288787
610.8281985074659
610.5556672319996
610.6879935404842
611.2532033705049
610.9612287981687
610.3267857756391
609.9099714379059
609.9834355310218
610.3569424006871
610.9535596773522
610.2925839047019
609.7837087051488
610.2714322718886
610.7687034078356
611.0039662079624
611.5117577291971
611.4503369751413
611.998734535484
612.0922940087816
611.9777787484459
611.5272330649542
611.463567572499
611.2430012665875
611.7101404946311
611.6409054120273
611.7752302749112
612.1694797366885
612.3483651009808
612.806080496668
613.127649230191
613.1905698173615
612.9522655518142
612.2982571894617
612.5406973994393
612.6623530579167
612.1448934237416
612.510627261086
612.6177349855205
612.5553023622048
612.9358511171337
612.873332313541
612.4167834280893
612.9531097708518
613.0273472805757
613.0894155432617
613.4095540617476
613.697245668442
613.9739406703776
614.0528734692933
613.524185136547
613.4582650353376
613.8671646880069
614.5383086173352
614.2139851555993
614.7348227073829
614.9215490934447
614.3215219232044
614.1626723625125
614.4568129450349
615.0181747808488
615.6384385568964
615.1855572373544
615.640628117833
615.7043536285015
615.7666840440929
615.845223597855
615.5388144296176
615.6578912451631
615.9161795850129
616.1260484414731
615.9295352280544
616.0029374210875
616.1941815350815
615.7941913596818
616.2901064586136
616.7017160267043
616.9451330548734
617.0094263377655
617.095024813684
617.4623651234651
617.3807337469532
616.7560048159594
617.1860051293747
617.32897797046
617.0633073887236
617.1840084427749
617.6996275068071
617.6223151923665
617.9399159207993
617.6815767035223
617.4348725313556
616.8798043322176
616.3016962867459
616.0557695033328
616.4372986905352
616.3277908840896
616.2656745829859
616.1016698073415
616.57415112362
616.8850314223935
616.7694603871063
616.9227255691736
617.3194440867028
617.2523980585247
617.3259477628499
617.7998237404781
618.1330812404985
618.4225306123276
618.5933983564161
618.9728231680631
619.1256343979138
619.3037975998142
618.736735418614
619.1489944228016
618.7976813212518
618.9547102070884
619.0374337113167
619.3201763531029
619.9345707459964
619.5556953718899
620.0596664685761
620.1521771214203
620.7380882374894
621.098143017687
620.6177426828863
620.5232292281605
619.8649527257963
619.7704784660777
620.2295047446297
619.7393863833402
620.2097887737584
619.9274661341148
620.6064664353653
620.0993567601298
620.4537785833256
621.1047179648272
621.1826869962836
620.8759821661685
620.3037575628771
620.6399332003286
620.5373062758756
621.0766223617883
621.5138239538904
621.0162814177567
621.4710041550343
621.6131382342378
621.2428608943595
621.4310250490273
621.4935416444135
622.1650983372341
621.7762709533257
621.9572432539873
621.8516187622521
621.9759279597233
622.3049782486586
622.6105665740565
622.5132358012717
622.7341564159726
622.4142030157723
622.8612895218462
623.1890934989016
622.5792121685461
622.7231705970673
622.5466601904712
622.2847530496927
622.0313734464165
622.2941622639249
622.7636626574396
623.0111549199862
623.2859584889219
623.3582434475255
623.8262429664283
623.9317299686777
623.6980352509255
623.6356537199867
622.9551776147565
623.0224713001143
622.9596757302627
622.5320476084796
622.3624619137172
622.622064498199
622.8255396851539
622.4278363425476
623.1044279426059
623.2659973767462
623.0852550557938
623.1608076050985
623.4646980745905
623.5935435545945
623.9661191284015
624.1076662870295
624.3085930255037
624.2071083999399
624.2859642007156
624.6215400845434
625.0504233931828
625.1743726209158
625.6924037437464
625.1828138690655
625.805909235287
625.572357037213
626.1921810632214
625.8810975959774
625.8147412278125
625.5472333037754
625.3049867847457
624.6350148382356
624.0177766623029
624.1801503621667
624.420620661948
624.9035218237887
624.9895086718881
625.0587043757595
624.8802331149491
624.955857820969
625.0524484926998
625.7224034479866
625.4248188107763
625.9510276916634
626.1125326881855
626.3043451932273
625.6984674809129
625.9189044375667
626.2888020983102
626.483540926279
626.885855138203
626.2037949474675
626.4955514552105
626.7167500057527
626.8348514247734
626.5622884486723
626.6830790218705
627.1795954968662
627.5841461275379
627.0989946538656
627.7261173990288
627.7933554225992
627.5893250720125
627.0846141001443
627.3945842836363
627.9546997403718
628.1816524989492
627.6904232915226
628.0894927096742
628.0131228951118
627.6777898059595
627.3471326951744
627.6198219406333
627.1831839389233
627.0921382723568
627.2412553691703
627.8238359954814
627.9982980900322
627.4214082880414
627.2277800054752
626.8230077887704
627.1521182533529
627.0395997035122
626.8410242875233
626.7498015286859
627.1012041679171
627.5995386009865
627.6649439884629
627.9896098711993
628.4500359781898
628.6222504502316
628.9864631512264
629.1808900550521
629.4121851270963
629.844854720633
629.222091643561
629.1465843610237
629.2204059445646
628.8994683127529
628.809255100804
629.1051493632343
629.49302722623
629.8281104934338
629.3848161247843
629.59024781369
629.7445160927297
629.9050929362033
630.38991258607
630.3189514028323
630.9884507466778
630.3239015240157
630.1662238641516
630.4365181702221
630.5272346502741
630.7371621243909
631.1594575388953
630.8752215153281
630.335812071631
630.8431160618786
631.5210917525771
631.9484532380259
632.0348824125806
631.941233661675
631.4952801891175
631.9015048853262
631.7066842588018
631.0643718700504
630.5287337640265
630.598452480197
630.6655197532288
631.2457005566389
631.3327604590243
631.7811200475597
631.8510811542199
632.4019180396219
633.0616328456374
632.7341223482523
633.056113745543
632.6818823988012
632.523886527801
632.4495013189319
632.1676882213362
631.9184003548274
632.4804013202903
632.5482922568408
632.6898369019236
632.4593364962407
632.7306413727104
633.290120389279
632.9404697690196
632.876468293925
633.2638428928379
633.8634684137327
633.9395507908143
634.2033449173471
634.1380130274313
634.2270916061251
634.1502391130763
634.7243150459543
634.2384923727245
633.7465214672543
634.3661036320682
633.8592917668046
634.3866479002475
634.2406979015675
634.0075393192661
633.7351633259242
634.3150400132413
634.1843404646128
634.0277837342951
634.2592049207304
634.3276228539446
634.420364054029
634.5504711955546
635.2376353039153
635.3420818199298
635.275757407554
635.2055693582029
634.6094554942381
634.7464792691138
634.8426896181552
635.03029572656
635.3861475511621
635.30493361532
635.5747607599418
635.6515609977238
635.7221125933544
635.8547155203283
635.5269745883529
635.3495402380446
635.1356361182088
635.2314107419585
635.5509738691154
635.9339098435064
636.0664357724876
636.7113013837647
636.1247235743101
636.2202311862291
636.5862115178928
636.6900537353207
636.6221446448163
636.8026504820517
636.881924417053
636.2569468711177
636.4062529224077
637.0592819709594
637.6165060779941
637.1688330287427
637.629249519474
638.2826776442516
638.3532723056851
639.0140837306996
638.9063098350221
638.4071611915359
638.3237074281828
638.22737101453
637.9152176741028
637.656609563759
637.9878728106085
638.430954168704
638.0740586660891
637.8428988921847
638.1549467150188
638.8492133041829
638.7107701712475
638.9149361802964
638.7940492937655
638.6747345373246
638.4825014330157
638.6076117598013
639.1846206022926
638.61649052805
638.3168734523011
638.8081939045645
638.9029764021619
639.3728017957525
640.0614326407858
639.673627079643
639.177763872124
639.4664124081698
639.6968577547763
639.8624089865601
640.4513871070791
640.6205910358797
640.377865355521
640.0390374690854
640.4875508046736
639.8838799919008
640.0114303000987
639.8844066937073
639.7328676556612
639.7971775295341
640.3587063263496
640.8419245320038
640.9088509483764
640.2184594369144
640.5875652803028
640.4446904976927
640.618866076023
641.021259954934
641.1523993796877
641.4382622907686
641.9140960621694
641.8150143526387
641.4637651059113
641.6787550735038
641.882556013918
642.1727335901569
642.2759158136597
642.1981209614937
641.8993974480965
641.8013589512369
641.3043681708515
641.579716446529
641.4294690847396
641.5976968397773
641.9049831028856
641.995953583398
642.5134247071062
642.4142143495434
642.5954500094659
642.8115177340895
642.259101383554
641.6421188987798
642.0940341265675
642.3287987057421
642.3930350807983
642.7976264260766
642.8642963276424
643.5143992827623
644.1316252015976
644.3726766138042
644.3069483349291
643.6275211051944
643.4710593141798
643.8690865137542
643.7192108000072
643.605368965781
643.9887878785235
643.8590787415358
643.9234648241429
644.2262151625897
643.6447586770767
643.516756913993
642.8665364102001
642.2053104260646
642.1148896440081
642.3142910820662
642.5866476463129
642.2846056039971
641.8354063798719
642.0722358437896
642.4066911500673
642.0077586725441
641.9249453646672
641.757208919669
641.5562400572817
641.7393644328887
641.516320686759
641.6250810122052
641.0041491230514
641.2084232165591
641.1370716440616
641.4419257193881
641.8420666510883
642.2278861264741
642.4037610568348
642.5084219051876
642.2035993120382
642.300930462829
642.7512812357223
642.1389346680281
642.7921188182021
642.994743215246
643.2373949799378
643.567506983941
643.9302544035054
644.5277570111823
644.8329690072723
645.358460688862
645.0791273463045
645.4402564755279
645.9778030104275
645.4535722167186
646.1486434400368
646.4678942696437
646.6375452130644
646.4188531252386
646.5007369240059
646.2935378702687
646.6064340558888
646.5177307386738
646.9045593964967
647.1887684709559
647.049141412333
647.1217407127161
647.6328488080625
648.1534503840383
648.053899789977
647.517936589129
647.2335428011454
647.1668354724751
646.5308441849546
646.4593242068715
645.9858955020159
646.6841026559695
646.6157821771407
646.0691260290079
646.5223928017355
647.1762366945169
647.7484405944891
648.4495077282186
648.0494240990081
647.8871725371471
648.4015813210431
648.5639257761724
648.4919235065121
649.101481061249
649.0165764220199
648.6079016702607
649.1927538081452
649.1076772339893
649.1847270806093
648.4797450187486
648.5688508160067
648.638284659788
647.9901370799053
647.7646601214568
647.8294568236004
648.2407362480117
648.8123242013281
648.2756432110539
648.6560022905498
648.379518286346
647.9578575010943
648.1903957522763
648.5667448470506
648.749282629639
649.1558922264156
649.7947878637304
649.8866017720453
649.6599687331161
650.3529830448243
649.9103195879701
649.9905704976222
649.3248267064323
649.4158327268291
649.5702130220587
649.6507004485264
649.1193858233745
649.7750408388597
649.9470956136813
650.1698209158723
650.4399329237652
650.2381405332487
650.70955735539
651.1854361072802
651.0595357394469
651.3830214062829
651.3178160122554
651.979673332669
652.2235035374212
651.5867113701911
651.2712707981874
651.4355275033652
651.2966008065271
650.659872621189
650.5457838316827
650.3550593749472
650.2899048158272
650.3777497288618
650.9286191074905
651.5894596191596
651.2922771117169
651.4774750262194
651.6452662641138
651.5757901822803
651.6420380128519
651.7116913649807
651.8544774971415
651.9668925689788
652.6619967637725
652.4550851358059
652.7532557764634
652.5583737654871
652.6509789542677
652.8369730875364
653.5204194783145
653.4200112694128
653.8932562916843
653.4197796244881
652.8477905602551
653.1860045469715
652.6447259079434
653.0141651625967
653.1636477872177
653.3655175473244
653.0958903725585
652.8759837553058
653.0561859728426
653.4132061221578
653.9437583309584
654.1130075463183
654.2378411337905
653.6579674181555
653.5537429627352
653.6915497004692
654.4052089351298
654.1950101447626
653.7532099019735
653.9587045993771
654.3799180298598
654.1291149913623
654.3982244922097
654.9271127043187
654.2317869593942
654.9343448438764
654.5224893036952
654.7868919693166
654.7071784476652
654.5250738560472
654.8009213641309
655.3545830834477
655.8512880156204
655.7439224320761
655.6657080275879
655.5274774954495
655.6439265857347
655.2233361003503
655.714335397959
655.471636457083
655.3240199980063
655.3997890296289
655.4658075692657
655.7987911837
655.4079531453448
655.3038743421196
655.8330364741614
655.6845932098045
655.765479838225
656.2339710119504
656.900232928289
657.3308828212134
657.4148818128034
657.3132063975601
657.9189913173991
