0 0.0
296.5021988658693 304.3580407344251
304.3580407344251 303.9913300313373
303.9913300313373 303.13257474945163
303.13257474945163 300.9189263162569
300.9189263162569 290.58816660137984
290.58816660137984 296.098112365252
296.098112365252 291.81345388470294
291.81345388470294 296.6702734021258
296.6702734021258 296.7050715665864
296.7050715665864 286.61818229189043
286.61818229189043 289.61648365980807
289.61648365980807 281.92834270099183
281.92834270099183 288.2438831480119
288.2438831480119 290.91433210211744
290.91433210211744 283.99316061747425
283.99316061747425 284.11093667405305
284.11093667405305 284.23595999279536
284.23595999279536 285.4944949667012
285.4944949667012 286.0925384979703
286.0925384979703 286.19410484536417
286.19410484536417 280.78885682550566
280.78885682550566 280.2524129453801
280.2524129453801 272.4285976774959
272.4285976774959 272.56193487480493
272.56193487480493 281.11769076603366
281.11769076603366 289.7647896551588
289.7647896551588 287.07544426373073
287.07544426373073 293.1855587291348
293.1855587291348 292.23128131645115
292.23128131645115 291.5955646657108
291.5955646657108 297.7662590995533
297.7662590995533 297.226946424369
297.226946424369 297.7017092402606
297.7017092402606 306.0114019910248
306.0114019910248 305.0123239949126
305.0123239949126 297.55251025440896
297.55251025440896 295.18367771276917
295.18367771276917 294.893028338469
294.893028338469 293.99600141822316
293.99600141822316 293.8999894427322
293.8999894427322 293.2172586768387
293.2172586768387 293.8445813872767
293.8445813872767 293.7460731817367
293.7460731817367 293.68743233484827
293.68743233484827 293.454356406728
293.454356406728 292.73227783285034
292.73227783285034 300.382827331282
300.382827331282 299.0084587562418
299.0084587562418 300.3946772549679
300.3946772549679 309.96899263065654
309.96899263065654 318.73110435848804
318.73110435848804 318.92346260890514
318.92346260890514 316.1150851454701
316.1150851454701 322.7531350401468
322.7531350401468 326.7622411335247
326.7622411335247 326.4283000913389
326.4283000913389 326.90705961306134
326.90705961306134 326.7240871935468
326.7240871935468 326.36039859935
326.36039859935 326.5889011328314
326.5889011328314 321.8149268649821
321.8149268649821 319.95088822289927
319.95088822289927 319.57442451085956
319.57442451085956 319.2052222240715
319.2052222240715 319.12963190417105
319.12963190417105 317.3158931172997
317.3158931172997 317.05624943194886
317.05624943194886 312.98125147232463
312.98125147232463 307.4515702374639
307.4515702374639 315.1902904800269
315.1902904800269 319.7586273594001
319.7586273594001 314.93705825707696
314.93705825707696 318.16484146080995
318.16484146080995 308.74003911263134
308.74003911263134 317.97069316998795
317.97069316998795 314.0865141423575
314.0865141423575 303.7143613225254
303.7143613225254 310.5239721649462
310.5239721649462 320.42772685410483
320.42772685410483 318.64355966610026
318.64355966610026 327.4558875426307
327.4558875426307 332.48508332797945
332.48508332797945 320.91367635736185
320.91367635736185 323.99217844559473
323.99217844559473 326.7947881761399
326.7947881761399 327.2318026760931
327.2318026760931 325.14305820994355
325.14305820994355 320.3802598538836
320.3802598538836 320.32784038192216
320.32784038192216 326.35769676724374
326.35769676724374 325.31494508589674
325.31494508589674 328.21257620456385
328.21257620456385 325.32702127707006
325.32702127707006 322.5826781236375
322.5826781236375 325.0202984686327
325.0202984686327 321.2613142145623
321.2613142145623 319.6265810986571
319.6265810986571 316.2194266831582
316.2194266831582 326.9150482509651
326.9150482509651 318.0749337288269
318.0749337288269 318.50477310576014
318.50477310576014 312.6146290142789
312.6146290142789 319.3494292272423
319.3494292272423 317.5262274267875
317.5262274267875 323.379882673774
323.379882673774 323.31857569874694
323.31857569874694 324.31618204138414
324.31618204138414 328.2108960371389
328.2108960371389 321.31840823138793
321.31840823138793 322.21999672620234
322.21999672620234 314.95109992642176
314.95109992642176 316.42529944031384
316.42529944031384 314.0403523635934
314.0403523635934 318.1541454573431
318.1541454573431 318.0470858590628
318.0470858590628 321.3172342682738
321.3172342682738 329.507932532923
329.507932532923 327.17932776667607
327.17932776667607 330.2868274211263
330.2868274211263 322.31333740012974
322.31333740012974 313.48369237328313
313.48369237328313 316.9064619224185
316.9064619224185 317.1820320836059
317.1820320836059 318.2024821860479
318.2024821860479 307.3892241838369
307.3892241838369 315.21007614565207
315.21007614565207 316.2421473391132
316.2421473391132 316.0215142976989
316.0215142976989 318.46630973856156
318.46630973856156 328.82003280684376
328.82003280684376 323.5881810980137
323.5881810980137 325.2553112239761
325.2553112239761 315.46576997088596
315.46576997088596 324.2812007097794
324.2812007097794 318.1273228403557
318.1273228403557 316.9013516249063
316.9013516249063 316.8643933970391
316.8643933970391 310.10636034560525
310.10636034560525 318.1676005951719
318.1676005951719 318.1996385316293
318.1996385316293 325.67726609842765
325.67726609842765 316.63621146430296
316.63621146430296 318.0882163211118
318.0882163211118 312.3873464226673
312.3873464226673 322.68737881786706
322.68737881786706 328.84830633021085
328.84830633021085 328.69376191371254
328.69376191371254 331.9403485807886
331.9403485807886 325.3128195635393
325.3128195635393 320.00569984041624
320.00569984041624 320.27353899013434
320.27353899013434 328.4538412986114
328.4538412986114 328.3614343408808
328.3614343408808 333.03656935949033
333.03656935949033 336.6960744876633
336.6960744876633 335.6507519510312
335.6507519510312 331.4072091127093
331.4072091127093 326.0234844810949
326.0234844810949 321.6414250370976
321.6414250370976 316.18328842328634
316.18328842328634 316.7839451724834
316.7839451724834 316.01053286267427
316.01053286267427 309.2993537190035
309.2993537190035 304.77859076946737
304.77859076946737 308.4950262677539
308.4950262677539 310.87361573055506
310.87361573055506 310.92158814285693
310.92158814285693 315.0627680814252
315.0627680814252 310.6737696978258
310.6737696978258 315.40316475002595
315.40316475002595 307.39985152163905
307.39985152163905 310.1197742577945
310.1197742577945 318.82405360442965
318.82405360442965 325.83034436292985
325.83034436292985 327.5433169495786
327.5433169495786 324.50773976661344
324.50773976661344 324.56412254260476
324.56412254260476 331.280784351368
331.280784351368 330.43708925331424
330.43708925331424 319.6996084055011
319.6996084055011 316.6884568735582
316.6884568735582 308.4198686723488
308.4198686723488 298.7373847217893
298.7373847217893 301.26518480298375
301.26518480298375 296.3330702233038
296.3330702233038 306.415718226555
306.415718226555 307.6628701912557
307.6628701912557 317.99702447282607
317.99702447282607 315.5869498729619
315.5869498729619 321.5158638444684
321.5158638444684 318.265348182047
318.265348182047 320.64706076086264
320.64706076086264 313.92544177107
313.92544177107 319.90702491136153
319.90702491136153 309.9644229005885
309.9644229005885 310.7748534612803
310.7748534612803 310.98642085276805
310.98642085276805 320.22296311664235
320.22296311664235 327.9578638670998
327.9578638670998 329.2899645291825
329.2899645291825 317.95003995551843
317.95003995551843 309.89251693679984
309.89251693679984 307.0948171788622
307.0948171788622 307.93477432864466
307.93477432864466 297.25808642120853
297.25808642120853 293.7277129849467
293.7277129849467 293.9619827352519
293.9619827352519 303.19780753833027
303.19780753833027 305.3761449636667
305.3761449636667 300.14598691495246
300.14598691495246 291.91891870481686
291.91891870481686 301.8140268658979
301.8140268658979 309.7869832650705
309.7869832650705 309.94507572380064
309.94507572380064 313.5227787810756
313.5227787810756 307.9241972070061
307.9241972070061 310.08587003186545
310.08587003186545 302.80874682593543
302.80874682593543 295.88151734382785
295.88151734382785 300.29665395200834
300.29665395200834 308.1451712812341
308.1451712812341 302.825033526247
302.825033526247 308.57127142443636
308.57127142443636 310.09114043434107
310.09114043434107 299.9132120952438
299.9132120952438 309.3989463496133
309.3989463496133 310.5932788584408
310.5932788584408 313.1821314536186
313.1821314536186 308.90876652657283
308.90876652657283 314.71245228632534
314.71245228632534 323.0687881954923
323.0687881954923 323.27712619280135
323.27712619280135 323.2171436215389
323.2171436215389 324.4251202575178
324.4251202575178 313.19760295550674
313.19760295550674 319.87971079660934
319.87971079660934 317.07199571892795
317.07199571892795 312.9103897765485
312.9103897765485 318.64166516974774
318.64166516974774 311.08011079235723
311.08011079235723 311.97664477528497
311.97664477528497 312.31069109982985
312.31069109982985 322.65280842697854
322.65280842697854 315.1235904427811
315.1235904427811 310.88479661736255
310.88479661736255 310.7763118056816
310.7763118056816 314.7547551109159
314.7547551109159 304.2164086873136
304.2164086873136 311.19070712463036
311.19070712463036 311.35041778270687
311.35041778270687 313.9412439651852
313.9412439651852 314.0068529113453
314.0068529113453 311.2933938415322
311.2933938415322 312.5368387557034
312.5368387557034 322.3468424837579
322.3468424837579 331.1492853905993
331.1492853905993 330.8060396155893
330.8060396155893 328.11576403221557
328.11576403221557 327.56834705536136
327.56834705536136 338.2388697947121
338.2388697947121 341.3505980397626
341.3505980397626 351.76802439546253
351.76802439546253 352.9419317253265
352.9419317253265 347.03526880306964
347.03526880306964 346.1837176649052
346.1837176649052 341.45411823797536
341.45411823797536 339.8546570599229
339.8546570599229 338.4141510739559
338.4141510739559 336.1037168453329
336.1037168453329 330.09146833498136
330.09146833498136 327.5815749220257
327.5815749220257 331.9476782709521
331.9476782709521 335.72853047723146
335.72853047723146 334.94015660104463
334.94015660104463 341.45451858969136
341.45451858969136 347.2517435403568
347.2517435403568 348.18542756391304
348.18542756391304 344.47723600340635
344.47723600340635 338.34568878185485
338.34568878185485 347.3996911463274
347.3996911463274 352.942873043001
352.942873043001 357.06079997363537
357.06079997363537 346.9061589746682
346.9061589746682 340.2540458201048
340.2540458201048 340.0158648480591
340.0158648480591 335.82994436061796
335.82994436061796 328.66680141394824
328.66680141394824 335.4596891454108
335.4596891454108 335.5139261845729
335.5139261845729 335.3813014577478
335.3813014577478 336.4823170188292
336.4823170188292 336.7230509058539
336.7230509058539 339.97564436256414
339.97564436256414 340.3385222325079
340.3385222325079 339.12976493367955
339.12976493367955 330.40886917798025
330.40886917798025 331.87191643893203
331.87191643893203 330.98370061944235
330.98370061944235 338.8365087729906
338.8365087729906 338.11234525238433
338.11234525238433 345.59189400948765
345.59189400948765 355.1328495070643
355.1328495070643 355.5115151214483
355.5115151214483 359.8536910617553
359.8536910617553 358.8325262569094
358.8325262569094 348.752983812928
348.752983812928 350.9374694543728
350.9374694543728 352.25656007703213
352.25656007703213 360.7733113881545
360.7733113881545 364.9717244081493
364.9717244081493 355.56895727381504
355.56895727381504 365.4916449090427
365.4916449090427 369.85379649786734
369.85379649786734 360.8421128255707
360.8421128255707 354.71618367847134
354.71618367847134 359.25539108476823
359.25539108476823 366.87036274734044
366.87036274734044 365.7260360374098
365.7260360374098 365.1181064756611
365.1181064756611 357.1126931809646
357.1126931809646 352.1313648221313
352.1313648221313 352.42919599031717
352.42919599031717 350.29792771435996
350.29792771435996 348.3416063240908
348.3416063240908 356.6330677976143
356.6330677976143 365.5668019722317
365.5668019722317 362.1012496778657
362.1012496778657 354.8642015682689
354.8642015682689 355.1607817947475
355.1607817947475 350.41323660344017
350.41323660344017 353.73520316520967
353.73520316520967 353.0455074436652
353.0455074436652 346.26789433540915
346.26789433540915 353.67199024185993
353.67199024185993 347.5901118287032
347.5901118287032 348.4018300915373
348.4018300915373 359.58110786876364
359.58110786876364 359.75151947992754
359.75151947992754 351.7260995200446
351.7260995200446 351.55200040842885
351.55200040842885 341.5059778005191
341.5059778005191 329.9960346044888
329.9960346044888 330.45329912950314
330.45329912950314 335.1172474960519
335.1172474960519 346.03710545841767
346.03710545841767 352.03403969305873
352.03403969305873 352.09048801950286
352.09048801950286 348.3852446143419
348.3852446143419 354.48240658650474
354.48240658650474 352.91809949012065
352.91809949012065 341.07843994545306
341.07843994545306 352.9686900929963
352.9686900929963 347.6846972940634
347.6846972940634 346.69976671401866
346.69976671401866 343.532665288247
343.532665288247 348.47335566921197
348.47335566921197 350.4656533969378
350.4656533969378 353.9386259948411
353.9386259948411 351.84304927946755
351.84304927946755 354.23226066425036
354.23226066425036 365.7279538292429
365.7279538292429 357.1061184432021
357.1061184432021 359.13627354282863
359.13627354282863 348.750013958466
348.750013958466 337.4045181154779
337.4045181154779 327.4675268452517
327.4675268452517 335.7912430675545
335.7912430675545 327.1694032746512
327.1694032746512 330.6909772424516
330.6909772424516 329.3389502191611
329.3389502191611 321.046293990596
321.046293990596 322.131592649402
322.131592649402 311.7306836526538
311.7306836526538 302.62620702026373
302.62620702026373 304.80751819524
304.80751819524 301.21471406713505
301.21471406713505 303.5123457586544
303.5123457586544 298.09879091297654
298.09879091297654 302.63789733806726
302.63789733806726 304.51384507261577
304.51384507261577 306.0010381314297
306.0010381314297 309.04241919874255
309.04241919874255 299.8902840150688
299.8902840150688 300.2213218105879
300.2213218105879 300.466598580567
300.466598580567 309.93572528291463
309.93572528291463 317.7481218485997
317.7481218485997 317.70066703045603
317.70066703045603 319.51144871206435
319.51144871206435 314.9811174493
314.9811174493 304.02082372473524
304.02082372473524 301.9811888177343
301.9811888177343 299.31981080829524
299.31981080829524 309.4263240398777
309.4263240398777 302.96275062634055
302.96275062634055 299.82951673501276
299.82951673501276 298.8732114255435
298.8732114255435 298.6179946149375
298.6179946149375 291.2958986513294
291.2958986513294 284.00353094148176
284.00353094148176 288.2049153743843
288.2049153743843 282.24411418167193
282.24411418167193 279.22532392178107
279.22532392178107 282.73602674172
282.73602674172 287.13200288570107
287.13200288570107 283.13699438158744
283.13699438158744 283.16561577109536
283.16561577109536 283.85335565006864
283.85335565006864 289.75240955216356
289.75240955216356 296.3299439537333
296.3299439537333 295.7570302053509
295.7570302053509 295.61308414308434
295.61308414308434 305.46784151352796
305.46784151352796 295.6937836796416
295.6937836796416 295.8114232287409
295.8114232287409 300.25997730406687
300.25997730406687 310.0886331380265
310.0886331380265 315.7255056164568
315.7255056164568 315.29256268405163
315.29256268405163 314.28455097950575
314.28455097950575 313.5445413367142
313.5445413367142 313.4923373323204
313.4923373323204 310.7090615395897
310.7090615395897 309.70605089912175
309.70605089912175 302.15888297611923
302.15888297611923 292.54862383581417
292.54862383581417 293.69924757341846
293.69924757341846 291.31087899705017
291.31087899705017 289.5795747439309
289.5795747439309 287.7158986736823
287.7158986736823 287.60242905055276
287.60242905055276 287.64733117482257
287.64733117482257 295.3941487480335
295.3941487480335 293.0991135541145
293.0991135541145 301.71735854420604
301.71735854420604 293.50534439615114
293.50534439615114 283.96168394021623
283.96168394021623 283.931029395856
283.931029395856 291.5803015277143
291.5803015277143 292.4812998624506
292.4812998624506 282.9558523322429
282.9558523322429 287.1459189334967
287.1459189334967 277.48199983382153
277.48199983382153 280.5844772116115
280.5844772116115 289.13236512712706
289.13236512712706 288.0757536186917
288.0757536186917 291.61036220110174
291.61036220110174 288.0960034114534
288.0960034114534 279.904272837401
279.904272837401 274.87013052188
274.87013052188 269.3847595172952
269.3847595172952 269.6387089662779
269.6387089662779 274.53500035578867
274.53500035578867 268.99047424222795
268.99047424222795 275.3913385418565
275.3913385418565 278.11310964435074
278.11310964435074 286.14978523993
286.14978523993 287.236299801613
287.236299801613 288.64908209134296
288.64908209134296 291.25794197901007
291.25794197901007 290.20238718486786
290.20238718486786 296.43873124777537
296.43873124777537 292.79248048454843
292.79248048454843 301.99752648417143
301.99752648417143 294.5850008120566
294.5850008120566 295.4767922580449
295.4767922580449 295.10950062220246
295.10950062220246 301.7139906582707
301.7139906582707 309.5390846719255
309.5390846719255 309.79572660169345
309.79572660169345 309.20306394421846
309.20306394421846 307.7306594012217
307.7306594012217 306.876392716093
306.876392716093 305.54652714332906
305.54652714332906 300.05746918944874
300.05746918944874 297.9535266860893
297.9535266860893 298.8287446611295
298.8287446611295 289.96186993437436
289.96186993437436 288.3873948789431
288.3873948789431 288.86160782890505
288.86160782890505 281.2122425095393
281.2122425095393 274.8590200637128
274.8590200637128 280.57312332967365
280.57312332967365 280.1384089756492
280.1384089756492 280.4674388044182
280.4674388044182 281.36544336860896
281.36544336860896 283.3257219991903
283.3257219991903 279.58356341704257
279.58356341704257 282.81756205445134
282.81756205445134 282.84664575923284
282.84664575923284 285.64012017349717
285.64012017349717 292.1605030032588
292.1605030032588 292.43190314013214
292.43190314013214 293.6761590614005
293.6761590614005 297.01642168825947
297.01642168825947 288.09150015337696
288.09150015337696 279.12237587182136
279.12237587182136 280.4987881153263
280.4987881153263 287.63944569194484
287.63944569194484 290.661013115609
290.661013115609 290.10036921480105
290.10036921480105 297.9178498577714
297.9178498577714 294.76585040150957
294.76585040150957 297.1844584743661
297.1844584743661 290.32586726344755
290.32586726344755 291.9667539366925
291.9667539366925 290.62868219611573
290.62868219611573 280.9064528526753
280.9064528526753 280.65933995440463
280.65933995440463 275.62068299200985
275.62068299200985 274.5106976313542
274.5106976313542 283.41538111976087
283.41538111976087 290.3481760394523
290.3481760394523 289.9346869814626
289.9346869814626 295.3896915994662
295.3896915994662 292.9105488895665
292.9105488895665 293.84182963364117
293.84182963364117 283.76200239699216
283.76200239699216 287.001494233849
287.001494233849 282.79306998161195
282.79306998161195 283.6203793280614
283.6203793280614 291.32609490640283
291.32609490640283 288.4342370895264
288.4342370895264 289.69960881977954
289.69960881977954 280.84485408271587
280.84485408271587 279.32669081166426
279.32669081166426 274.1550577062513
274.1550577062513 274.31885181082487
274.31885181082487 274.08904928273745
274.08904928273745 276.0687406426228
276.0687406426228 280.64900529684576
280.64900529684576 280.700846800274
280.700846800274 280.04754595663644
280.04754595663644 283.94617903897984
283.94617903897984 290.96020487258863
290.96020487258863 300.1357799307503
300.1357799307503 306.7002346535465
306.7002346535465 298.11894545148465
298.11894545148465 297.6094405433593
297.6094405433593 288.1687609019578
288.1687609019578 288.83593653724216
288.83593653724216 290.7898008793201
290.7898008793201 288.91512217417807
288.91512217417807 284.9519763498521
284.9519763498521 294.1585183251566
294.1585183251566 298.95554286289706
298.95554286289706 304.5130423626354
304.5130423626354 296.20924537761056
296.20924537761056 289.8164006015163
289.8164006015163 287.5803690910536
287.5803690910536 287.2497565029738
287.2497565029738 279.5015884588299
279.5015884588299 271.6846502841126
271.6846502841126 276.7768366879874
276.7768366879874 285.53241220499694
285.53241220499694 285.56827092661365
285.56827092661365 283.11402093891945
283.11402093891945 282.42419585564824
282.42419585564824 290.6924932087548
290.6924932087548 288.2468960268401
288.2468960268401 281.34201674031027
281.34201674031027 280.58147316273477
280.58147316273477 277.2670367147244
277.2670367147244 284.8865487980823
284.8865487980823 277.133056767633
277.133056767633 277.20014233331955
277.20014233331955 281.971035405563
281.971035405563 290.8383478687395
290.8383478687395 294.86421931240926
294.86421931240926 304.54789677165365
304.54789677165365 311.9774366096583
311.9774366096583 305.76205937689923
305.76205937689923 305.7981844861701
305.7981844861701 307.01570387823546
307.01570387823546 306.9832607176676
306.9832607176676 306.8698414082884
306.8698414082884 306.3857947599098
306.3857947599098 305.39308640355574
305.39308640355574 305.3492704805958
305.3492704805958 303.0159969968684
303.0159969968684 296.29958485396816
296.29958485396816 298.12756580604395
298.12756580604395 296.33267495140234
296.33267495140234 306.5257293566606
306.5257293566606 308.8380873401244
308.8380873401244 304.89939437525106
304.89939437525106 311.472925157261
311.472925157261 304.5947130624833
304.5947130624833 301.6961126261676
301.6961126261676 303.3388198729688
303.3388198729688 303.62271359603386
303.62271359603386 300.10702893568737
300.10702893568737 307.9454266424875
307.9454266424875 308.8630124896076
308.8630124896076 315.12543254353557
315.12543254353557 311.5851251089615
311.5851251089615 311.7355854254348
311.7355854254348 306.76342109338077
306.76342109338077 305.51133318096385
305.51133318096385 304.50430879857294
304.50430879857294 304.7160388762528
304.7160388762528 306.0188581453964
306.0188581453964 300.6082321108914
300.6082321108914 300.224215125674
300.224215125674 303.9116633171646
303.9116633171646 304.54824454691374
304.54824454691374 312.4185834512587
312.4185834512587 313.7885663682624
313.7885663682624 322.9475393541892
322.9475393541892 322.4555279400451
322.4555279400451 328.12513547060416
328.12513547060416 327.0484180978694
327.0484180978694 336.9152903141488
336.9152903141488 327.87068369951635
327.87068369951635 333.0770522884963
333.0770522884963 332.3671437210094
332.3671437210094 333.4014940000787
333.4014940000787 331.570741758769
331.570741758769 331.3644378032467
331.3644378032467 322.8653508702576
322.8653508702576 318.06985007303774
318.06985007303774 321.20165023010827
321.20165023010827 311.0548325910877
311.0548325910877 308.4082084419748
308.4082084419748 317.17284318534115
317.17284318534115 316.94290283545956
316.94290283545956 324.6304356447567
324.6304356447567 318.1678404615175
318.1678404615175 318.0897483857125
318.0897483857125 315.3835739084764
315.3835739084764 306.8439794356414
306.8439794356414 299.2256265233619
299.2256265233619 305.0579402864405
305.0579402864405 297.57872685255205
297.57872685255205 306.1224816961472
306.1224816961472 299.05572787658855
299.05572787658855 290.86027607793585
290.86027607793585 300.40983772962113
300.40983772962113 301.4138686741539
301.4138686741539 304.48212580030645
304.48212580030645 299.9066672113556
299.9066672113556 308.9501161726771
308.9501161726771 300.12796330583336
300.12796330583336 300.3386870559753
300.3386870559753 299.51946628907484
299.51946628907484 299.37695418142005
299.37695418142005 289.1828549663042
289.1828549663042 281.847428885505
281.847428885505 282.5759060526888
282.5759060526888 287.3130683396445
287.3130683396445 288.1033013775469
288.1033013775469 297.48807388346177
297.48807388346177 299.53261271289176
299.53261271289176 303.9439444843636
303.9439444843636 299.09003315776084
299.09003315776084 300.2946580619083
300.2946580619083 302.20138478640297
302.20138478640297 306.9761165164749
306.9761165164749 306.12897283729137
306.12897283729137 313.3698861627765
313.3698861627765 317.68240410228003
317.68240410228003 316.2256838020423
316.2256838020423 327.01379638360424
327.01379638360424 326.9551118484907
326.9551118484907 336.54775878341235
336.54775878341235 336.22120651433033
336.22120651433033 325.01507330750457
325.01507330750457 322.58646681306533
322.58646681306533 322.22161617325474
322.22161617325474 312.985471953173
312.985471953173 308.68802965462777
308.68802965462777 300.5525746324839
300.5525746324839 299.3785475235229
299.3785475235229 298.5392229616039
298.5392229616039 289.0990311513427
289.0990311513427 285.0067145960144
285.0067145960144 279.58961221781584
279.58961221781584 280.65058235668226
280.65058235668226 288.2722860197409
288.2722860197409 286.24211482877456
286.24211482877456 276.2275243480313
276.2275243480313 278.63773787332997
278.63773787332997 268.9307799162659
268.9307799162659 271.69563337856
271.69563337856 267.96023237973975
267.96023237973975 274.91443357681925
274.91443357681925 276.9254028737742
276.9254028737742 285.2184128785212
285.2184128785212 286.01491143974556
286.01491143974556 288.7800401327484
288.7800401327484 297.4204862195887
297.4204862195887 295.9978160384675
295.9978160384675 293.47912178749823
293.47912178749823 283.860958449007
283.860958449007 276.155493283775
276.155493283775 276.2100548534652
276.2100548534652 268.2224735838871
268.2224735838871 266.2125885379716
266.2125885379716 263.7179539221407
263.7179539221407 271.99633464322886
271.99633464322886 269.9296178434656
269.9296178434656 271.02468594160365
271.02468594160365 271.46397547129015
271.46397547129015 267.499313497993
267.499313497993 270.3284681823692
270.3284681823692 265.8659334531408
265.8659334531408 272.9777942513715
272.9777942513715 275.5073423417579
275.5073423417579 281.893875031707
281.893875031707 283.25036838157473
283.25036838157473 290.8866657162348
290.8866657162348 287.0077705771701
287.0077705771701 277.1360275313597
277.1360275313597 270.9561992694012
270.9561992694012 280.26815219848015
280.26815219848015 278.2103604162884
278.2103604162884 277.4351308334642
277.4351308334642 277.37784437434715
277.37784437434715 276.35386872230885
276.35386872230885 274.320219084193
274.320219084193 273.73207492006634
273.73207492006634 274.501855922446
274.501855922446 269.78723284589785
269.78723284589785 262.6757093240496
262.6757093240496 266.5031118194703
266.5031118194703 266.53425314906434
266.53425314906434 273.9849374909753
273.9849374909753 274.0240567172184
274.0240567172184 279.10431179916725
279.10431179916725 278.61163944911914
278.61163944911914 280.0179613802683
280.0179613802683 288.9564901345236
288.9564901345236 295.5369806036358
295.5369806036358 295.4924277585842
295.4924277585842 288.5179021301617
288.5179021301617 282.57652527877724
282.57652527877724 291.88844252249
291.88844252249 291.1649086764233
291.1649086764233 290.88605740213023
290.88605740213023 291.05984510092827
291.05984510092827 287.7068910115362
287.7068910115362 287.34973167641584
287.34973167641584 286.19922549723776
286.19922549723776 292.07397790564005
292.07397790564005 286.1784359291004
286.1784359291004 283.7281920933302
283.7281920933302 282.1210411086028
282.1210411086028 272.81420226049534
272.81420226049534 267.9319462532686
267.9319462532686 266.0889708380673
266.0889708380673 268.1794517779468
268.1794517779468 266.42660789798265
266.42660789798265 260.5776632814597
260.5776632814597 258.74071508211216
258.74071508211216 259.26571380690814
259.26571380690814 256.5618949922433
256.5618949922433 261.51277983415974
261.51277983415974 253.63099161102693
253.63099161102693 253.52510441583647
253.52510441583647 259.41855617352303
259.41855617352303 258.93778029058666
258.93778029058666 252.3032830829341
252.3032830829341 256.91723283445134
256.91723283445134 255.1299465301048
255.1299465301048 250.291539712191
250.291539712191 246.54368926563706
246.54368926563706 246.03197193835712
246.03197193835712 248.42783760587565
248.42783760587565 249.31915023468719
249.31915023468719 242.5745761241664
242.5745761241664 237.95609568499654
237.95609568499654 243.77055684706676
243.77055684706676 244.8351612690354
244.8351612690354 249.2608622135458
249.2608622135458 252.17641786671226
252.17641786671226 247.01885490878314
247.01885490878314 251.83334142836554
251.83334142836554 256.1449598713246
256.1449598713246 256.6238841201399
256.6238841201399 255.9800941677692
255.9800941677692 254.38672623235456
254.38672623235456 250.4402067118273
250.4402067118273 255.89124197065743
255.89124197065743 257.84525935585174
257.84525935585174 262.4095309300904
262.4095309300904 258.57714988352535
258.57714988352535 258.9248611331896
258.9248611331896 267.7928526153635
267.7928526153635 266.7942257390195
266.7942257390195 274.9673904325223
274.9673904325223 281.14013552925957
281.14013552925957 271.6751936480417
271.6751936480417 277.7584903986192
277.7584903986192 271.27869051265776
271.27869051265776 271.02721630247476
271.02721630247476 265.9963572433024
265.9963572433024 266.3444219153648
266.3444219153648 270.5635001836052
270.5635001836052 264.4384013164134
264.4384013164134 266.0901388904
266.0901388904 257.90550469451483
257.90550469451483 253.2481207354088
253.2481207354088 260.4164420618379
260.4164420618379 262.92502748373806
262.92502748373806 258.22515458556995
258.22515458556995 263.41131504848113
263.41131504848113 264.3153602489464
264.3153602489464 270.2805015524098
270.2805015524098 270.314552715753
270.314552715753 265.7133341583357
265.7133341583357 265.81807125663545
265.81807125663545 269.38011986852126
269.38011986852126 273.2604706129451
273.2604706129451 276.03219708945807
276.03219708945807 277.0572372807439
277.0572372807439 275.83452553328334
275.83452553328334 276.289323047676
276.289323047676 282.7473230928551
282.7473230928551 273.3918686456569
273.3918686456569 265.4810827948697
265.4810827948697 265.3295632095629
265.3295632095629 265.74219022978536
265.74219022978536 266.3694177900379
266.3694177900379 272.8356876761232
272.8356876761232 272.86949569834735
272.86949569834735 270.64617190396154
270.64617190396154 270.4572397181487
270.4572397181487 265.94583294101284
265.94583294101284 264.9449320264796
264.9449320264796 264.8993031602053
264.8993031602053 269.0664549573649
269.0664549573649 277.82866205762014
277.82866205762014 277.1128832453105
277.1128832453105 286.6414483361108
286.6414483361108 284.356535318497
284.356535318497 278.58683127371273
278.58683127371273 273.535568240448
273.535568240448 272.1973923935442
272.1973923935442 269.86887707393777
269.86887707393777 262.1656376328988
262.1656376328988 262.31398326265395
262.31398326265395 263.6059549834544
263.6059549834544 258.0709171892092
258.0709171892092 251.29901086566565
251.29901086566565 251.11270208150358
251.11270208150358 248.01232080981964
248.01232080981964 246.47728103375456
246.47728103375456 246.39551142152578
246.39551142152578 251.2922074010106
251.2922074010106 246.7575371544245
246.7575371544245 248.81503687379308
248.81503687379308 250.05219605471044
250.05219605471044 246.83247455941304
246.83247455941304 245.5532821089247
245.5532821089247 246.41271044058783
246.41271044058783 247.5910645411856
247.5910645411856 252.4333888738022
252.4333888738022 256.50884532531694
256.50884532531694 257.45453894160494
257.45453894160494 257.97420349685416
257.97420349685416 250.97054022254088
250.97054022254088 242.2985631009525
242.2985631009525 245.83729922594713
245.83729922594713 243.82636036940028
243.82636036940028 250.3206086320662
250.3206086320662 248.49645574139208
248.49645574139208 246.883966830114
246.883966830114 253.09168437334787
253.09168437334787 253.06249870921332
253.06249870921332 253.11915043759078
253.11915043759078 253.03186528981027
253.03186528981027 251.14656416068846
251.14656416068846 251.58846053598418
251.58846053598418 247.61723036734125
247.61723036734125 253.77196694027836
253.77196694027836 255.19498357511088
255.19498357511088 259.0636573544389
259.0636573544389 260.2245766586073
260.2245766586073 259.8784192631772
259.8784192631772 259.3609326199705
259.3609326199705 255.33269604650584
255.33269604650584 255.36996198797326
255.36996198797326 264.264556141469
264.264556141469 261.8663161248675
261.8663161248675 261.9176262207732
261.9176262207732 255.60970106085546
255.60970106085546 256.23864258455103
256.23864258455103 256.3456157167333
256.3456157167333 264.30967221478136
264.30967221478136 262.51880267856615
262.51880267856615 268.28038546244153
268.28038546244153 276.9708656560849
276.9708656560849 275.79528015508936
275.79528015508936 275.17049602049264
275.17049602049264 271.0691880990178
271.0691880990178 272.1594030586596
272.1594030586596 269.1636347173128
269.1636347173128 271.79541775588444
271.79541775588444 268.70725252988933
268.70725252988933 260.48039763800693
260.48039763800693 252.47618080288743
252.47618080288743 260.4999605432587
260.4999605432587 252.60376501954778
252.60376501954778 259.21082994744745
259.21082994744745 258.2758161877261
258.2758161877261 256.41992088122316
256.41992088122316 256.3933433004678
256.3933433004678 262.7915554833024
262.7915554833024 262.93153821863365
262.93153821863365 257.0288666634667
257.0288666634667 251.68878060401812
251.68878060401812 250.0580049498195
250.0580049498195 256.94902666740154
256.94902666740154 254.91062977041364
254.91062977041364 255.76251463798988
255.76251463798988 256.1595101407772
256.1595101407772 255.60079949894126
255.60079949894126 253.6938709269649
253.6938709269649 249.1582836777968
249.1582836777968 244.05730020787928
244.05730020787928 237.9570853198997
237.9570853198997 234.88515856261316
234.88515856261316 236.58815156124055
236.58815156124055 236.23927366077245
236.23927366077245 236.13860772271906
236.13860772271906 229.74198039573972
229.74198039573972 229.10253276097643
229.10253276097643 231.2278014049451
231.2278014049451 232.87183614836488
232.87183614836488 230.30413022580413
230.30413022580413 231.7558313504301
231.7558313504301 238.20738220152398
238.20738220152398 245.4726597540364
245.4726597540364 246.2327011395188
246.2327011395188 253.63084338884389
253.63084338884389 254.01026387287587
254.01026387287587 257.64685486943927
257.64685486943927 254.3498772334497
254.3498772334497 255.20000818993122
255.20000818993122 254.6297627771248
254.6297627771248 254.81533886952556
254.81533886952556 255.99443854980743
255.99443854980743 254.69000036662712
254.69000036662712 258.3942245136343
258.3942245136343 258.2392728042199
258.2392728042199 254.0699081063711
254.0699081063711 259.21060063436744
259.21060063436744 251.13668801290692
251.13668801290692 249.69399865729935
249.69399865729935 249.12908510007003
249.12908510007003 247.08841374861032
247.08841374861032 242.941187588019
242.941187588019 243.00504284341005
243.00504284341005 251.17930417779726
251.17930417779726 257.2122771866036
257.2122771866036 262.2592463661289
262.2592463661289 261.68664459455493
261.68664459455493 263.6092887733641
263.6092887733641 264.6116165923998
264.6116165923998 267.2288686582239
267.2288686582239 265.5459794432836
265.5459794432836 265.5759229782796
265.5759229782796 262.14698956542685
262.14698956542685 266.86841552576254
266.86841552576254 266.61297328079655
266.61297328079655 269.5945775305034
269.5945775305034 267.1778814509054
267.1778814509054 267.06154943492936
267.06154943492936 269.70180135745807
269.70180135745807 262.8215684173847
262.8215684173847 262.39048851058425
262.39048851058425 267.8630990359596
267.8630990359596 260.8974273624594
260.8974273624594 266.75929640064714
266.75929640064714 268.26676118518316
268.26676118518316 274.21737931469994
274.21737931469994 278.46616580810087
278.46616580810087 283.40001709992356
283.40001709992356 274.65765323688674
274.65765323688674 274.785257769672
274.785257769672 281.151435596931
281.151435596931 282.7985373661857
282.7985373661857 280.17493382715764
280.17493382715764 282.8411672649136
282.8411672649136 282.9056290791909
282.9056290791909 275.7002859090821
275.7002859090821 279.2132747005452
279.2132747005452 279.1619822850368
279.1619822850368 270.26950351484874
270.26950351484874 273.4560167587898
273.4560167587898 266.7052258001198
266.7052258001198 262.5691789452934
262.5691789452934 264.95648847108
264.95648847108 264.8806822858392
264.8806822858392 265.0887006462459
265.0887006462459 263.9741613004432
263.9741613004432 266.6112843823304
266.6112843823304 266.7408641198603
266.7408641198603 268.24271735792485
268.24271735792485 260.88002525952083
260.88002525952083 254.13911238848192
254.13911238848192 254.00227632779004
254.00227632779004 249.2290192960011
249.2290192960011 249.2672589402082
249.2672589402082 248.40411705618877
248.40411705618877 248.02273623378892
248.02273623378892 250.60437841783212
250.60437841783212 253.55691847289648
253.55691847289648 248.79026131704276
248.79026131704276 247.2743982259543
247.2743982259543 247.2122050938399
247.2122050938399 247.63511592616277
247.63511592616277 248.69867317655803
248.69867317655803 255.98191663584947
255.98191663584947 247.74323691099
247.74323691099 254.7105088256223
254.7105088256223 254.52738620870412
254.52738620870412 262.1359670182996
262.1359670182996 262.5605102950392
262.5605102950392 262.8218371236694
262.8218371236694 265.3377951920845
265.3377951920845 265.4743920487381
265.4743920487381 264.8495006066988
264.8495006066988 261.4806206643581
261.4806206643581 265.0297997558317
265.0297997558317 267.2763689976276
267.2763689976276 259.3656178807699
259.3656178807699 258.79351727799565
258.79351727799565 263.4181996498205
263.4181996498205 259.2462879970522
259.2462879970522 267.2112927232906
267.2112927232906 269.69938993750463
269.69938993750463 269.4409877123937
269.4409877123937 275.50057646854947
275.50057646854947 266.5513917322759
266.5513917322759 270.7843005403091
270.7843005403091 276.19716476502157
276.19716476502157 273.7556119522209
273.7556119522209 267.4180322675468
267.4180322675468 262.28960646072034
262.28960646072034 255.04792504493867
255.04792504493867 257.1755905792383
257.1755905792383 256.07162882576074
256.07162882576074 249.35655178995876
249.35655178995876 250.18348251317533
250.18348251317533 253.2099926769243
253.2099926769243 256.7836968912568
256.7836968912568 255.24179733644888
255.24179733644888 263.7840678981466
263.7840678981466 259.4480659850683
259.4480659850683 259.52168571039584
259.52168571039584 252.12649225818933
252.12649225818933 257.8636164478205
257.8636164478205 260.35109328087304
260.35109328087304 261.81948218617214
261.81948218617214 267.61725943862194
267.61725943862194 274.9899803757574
274.9899803757574 269.6124679073136
269.6124679073136 269.24597372428326
269.24597372428326 268.02100550998324
268.02100550998324 275.44937683155194
275.44937683155194 282.9621411744019
282.9621411744019 277.9600825305522
277.9600825305522 274.88498304405175
274.88498304405175 269.2701131149277
269.2701131149277 267.7396498731982
267.7396498731982 268.37121210172063
268.37121210172063 267.8675010089731
267.8675010089731 267.79979257607255
267.79979257607255 261.3316487881093
261.3316487881093 259.13662659427035
259.13662659427035 268.13148174147767
268.13148174147767 270.16555183506114
270.16555183506114 267.5033924590249
267.5033924590249 269.3078406517399
269.3078406517399 278.2525382483502
278.2525382483502 279.3105500552432
279.3105500552432 278.4256203426947
278.4256203426947 280.65334857402456
280.65334857402456 273.92420693206003
273.92420693206003 278.4994088391999
278.4994088391999 272.58893460717
272.58893460717 276.19934468237705
276.19934468237705 277.5752608592823
277.5752608592823 282.34431374036177
282.34431374036177 279.2945757667887
279.2945757667887 278.94227673425314
278.94227673425314 275.34847998877467
275.34847998877467 276.1597164553271
276.1597164553271 277.0433896307421
277.0433896307421 269.8585039504711
269.8585039504711 266.82204947211443
266.82204947211443 266.744565593121
266.744565593121 261.16435063764374
261.16435063764374 256.5451898549604
256.5451898549604 255.69337564789362
255.69337564789362 264.3565836316656
264.3565836316656 268.4809751742068
268.4809751742068 277.473912267163
277.473912267163 274.48708947646486
274.48708947646486 266.3187279512169
266.3187279512169 267.921944600767
267.921944600767 273.29698514509056
273.29698514509056 274.59063337424215
274.59063337424215 282.1733199651315
282.1733199651315 282.5939524153252
282.5939524153252 286.47643764761966
286.47643764761966 279.11919705138604
279.11919705138604 277.2858939594298
277.2858939594298 277.2245410418072
277.2245410418072 279.62355964587937
279.62355964587937 276.85539614020735
276.85539614020735 278.0094734336487
278.0094734336487 272.96590872638285
272.96590872638285 268.50801935508275
268.50801935508275 265.7953036959275
265.7953036959275 256.90359164082145
256.90359164082145 256.5428866258283
256.5428866258283 255.5122682624861
255.5122682624861 260.9547104393861
260.9547104393861 262.0044314197365
262.0044314197365 256.8318088426591
256.8318088426591 259.5097789864172
259.5097789864172 264.5979868666571
264.5979868666571 265.66214547372005
265.66214547372005 268.327875116499
268.327875116499 268.3747815701954
268.3747815701954 268.80677206741956
268.80677206741956 273.68409311594286
273.68409311594286 274.01101441876165
274.01101441876165 278.41583653874693
278.41583653874693 288.13189059040843
288.13189059040843 291.68556352103207
291.68556352103207 299.30021264903075
299.30021264903075 291.3725052372319
291.3725052372319 291.4129953513382
291.4129953513382 282.5451821709966
282.5451821709966 284.1095306415392
284.1095306415392 278.1407354731113
278.1407354731113 270.3659488074165
270.3659488074165 267.4219728868508
267.4219728868508 273.1888402601865
273.1888402601865 268.210122295704
268.210122295704 273.6291629365396
273.6291629365396 276.9586634598147
276.9586634598147 283.6043669669335
283.6043669669335 290.49700749726657
290.49700749726657 293.96838193100893
293.96838193100893 287.9507531277272
287.9507531277272 291.9241881268176
291.9241881268176 283.69920523144776
283.69920523144776 283.6705220581283
283.6705220581283 289.1282693724393
289.1282693724393 280.14764473339375
280.14764473339375 274.600154545161
274.600154545161 271.94230105876454
271.94230105876454 275.246270024683
275.246270024683 274.4543859963492
274.4543859963492 274.1519070049392
274.1519070049392 273.0124364370159
273.0124364370159 279.93230030107037
279.93230030107037 282.79085031925325
282.79085031925325 276.262895305388
276.262895305388 276.60211050909487
276.60211050909487 268.48229073095075
268.48229073095075 269.3676092202728
269.3676092202728 263.81628365085004
263.81628365085004 265.79817614228057
265.79817614228057 266.19881615634665
266.19881615634665 263.19647055707856
263.19647055707856 271.9420959214034
271.9420959214034 275.6215618248446
275.6215618248446 281.9806507343517
281.9806507343517 279.3984022101587
279.3984022101587 273.20216240021364
273.20216240021364 265.6168016578843
265.6168016578843 265.2768713516573
265.2768713516573 265.8259696113988
265.8259696113988 272.0551584854826
272.0551584854826 267.7547578581999
267.7547578581999 263.0119678645839
263.0119678645839 262.9711911615238
262.9711911615238 256.87552823176236
256.87552823176236 248.6751234485201
248.6751234485201 248.84620407158363
248.84620407158363 248.54197318886563
248.54197318886563 239.92306419833824
239.92306419833824 247.95079566150167
247.95079566150167 251.47870922938014
251.47870922938014 247.49642821673018
247.49642821673018 249.2137907465781
249.2137907465781 251.9343957012509
251.9343957012509 253.84137374789498
253.84137374789498 256.8348042339353
256.8348042339353 256.4482330651021
256.4482330651021 265.1579775492057
265.1579775492057 264.16696720686724
264.16696720686724 264.36137997951505
264.36137997951505 267.9571114347456
267.9571114347456 271.86939237568606
271.86939237568606 280.5411680519318
280.5411680519318 280.2107568865447
280.2107568865447 278.4299602494261
278.4299602494261 273.7550960330069
273.7550960330069 273.67329759192677
273.67329759192677 272.745429120949
272.745429120949 272.0754579326831
272.0754579326831 271.48526755214147
271.48526755214147 267.772093963204
267.772093963204 266.7493276361286
266.7493276361286 265.65112834358376
265.65112834358376 261.47416522651616
261.47416522651616 257.9229741427097
257.9229741427097 258.2095458033148
258.2095458033148 255.06506132775007
255.06506132775007 259.49812181952257
259.49812181952257 252.10050550230528
252.10050550230528 250.83440617328046
250.83440617328046 254.36764677532744
254.36764677532744 246.02674993661785
246.02674993661785 245.110387241382
245.110387241382 251.30314971075703
251.30314971075703 252.29185643196337
252.29185643196337 250.12373649701235
250.12373649701235 250.07337106639397
250.07337106639397 244.37537331028798
244.37537331028798 247.3826618454636
247.3826618454636 246.89685681406513
246.89685681406513 246.868161791135
246.868161791135 241.61089825524564
241.61089825524564 237.51933494132925
237.51933494132925 242.82317207954569
242.82317207954569 236.45249597110052
236.45249597110052 237.21723568131688
237.21723568131688 236.81511394039512
236.81511394039512 239.9569321758473
239.9569321758473 239.8120839514199
239.8120839514199 234.4878012956106
234.4878012956106 234.4478852484412
234.4478852484412 238.37771969514182
238.37771969514182 237.7487228644748
237.7487228644748 237.88882161152753
237.88882161152753 239.97669814009012
239.97669814009012 233.19085750855862
233.19085750855862 233.7913956304268
233.7913956304268 240.36113983291642
240.36113983291642 232.27015143485679
232.27015143485679 232.63522964432906
232.63522964432906 232.67960523154989
232.67960523154989 233.96861842150923
233.96861842150923 234.267599685441
234.267599685441 238.1273605457972
238.1273605457972 243.61442199534534
243.61442199534534 240.68008068067994
240.68008068067994 246.22331387804667
246.22331387804667 245.10845808120408
245.10845808120408 239.68549680062276
239.68549680062276 236.74460170446534
236.74460170446534 229.96670681484835
229.96670681484835 235.08771463166448
235.08771463166448 235.1301943770383
235.1301943770383 237.5640890917998
237.5640890917998 231.9145048370909
231.9145048370909 232.14807163925266
232.14807163925266 234.7661587289882
234.7661587289882 227.30423273790345
227.30423273790345 228.23439141792642
228.23439141792642 229.41995288256177
229.41995288256177 229.70400889123633
229.70400889123633 224.0750143844445
224.0750143844445 225.30713821996352
225.30713821996352 225.13997345069578
225.13997345069578 227.6791067669969
227.6791067669969 229.6826235805826
229.6826235805826 226.03674718933192
226.03674718933192 220.5917330720861
220.5917330720861 225.70487399536296
225.70487399536296 226.4575882923676
226.4575882923676 232.34262368376034
232.34262368376034 231.3042258120984
231.3042258120984 226.8748118440802
226.8748118440802 234.35706637683583
234.35706637683583 227.04081137824934
227.04081137824934 230.17674148660583
230.17674148660583 226.49438808575013
226.49438808575013 228.33053306296713
228.33053306296713 220.7049380119111
220.7049380119111 221.91054694373693
221.91054694373693 217.16424798180515
217.16424798180515 217.52665563385878
217.52665563385878 222.90520557844857
222.90520557844857 224.5734545496999
224.5734545496999 225.6985757468496
225.6985757468496 227.1372951853244
227.1372951853244 227.16530420233104
227.16530420233104 230.90180495917022
230.90180495917022 231.96295967503215
231.96295967503215 230.58240838225504
230.58240838225504 230.6704848922687
230.6704848922687 232.70713917203344
232.70713917203344 233.26680475422208
233.26680475422208 238.60741380416687
238.60741380416687 245.5654584987461
245.5654584987461 245.34777736428615
245.34777736428615 241.24617818346925
241.24617818346925 243.70577862094032
243.70577862094032 248.92255369839515
248.92255369839515 247.0488010556438
247.0488010556438 246.35262457385772
246.35262457385772 247.4885793216482
247.4885793216482 244.68974823513824
244.68974823513824 241.98956579343135
241.98956579343135 237.91442728436382
237.91442728436382 233.50348099139245
233.50348099139245 228.83707434020639
228.83707434020639 235.3649429194317
235.3649429194317 236.63958500990952
236.63958500990952 240.80036110135177
240.80036110135177 240.54199958762294
240.54199958762294 239.62306927905414
239.62306927905414 247.40863294861614
247.40863294861614 246.85268226108388
246.85268226108388 239.4983942755918
239.4983942755918 235.77215913523796
235.77215913523796 242.98941028306504
242.98941028306504 242.76222210483994
242.76222210483994 236.24412964073346
236.24412964073346 236.17662095380928
236.17662095380928 240.02738860334276
240.02738860334276 240.14570965745568
240.14570965745568 241.81129812712905
241.81129812712905 243.79830775715791
243.79830775715791 247.02041645041317
247.02041645041317 245.9546313864674
245.9546313864674 254.1136853617969
254.1136853617969 253.8307667937467
253.8307667937467 254.55204824483718
254.55204824483718 252.93493486145766
252.93493486145766 259.513267810596
259.513267810596 263.8230599532315
263.8230599532315 269.96588153984715
269.96588153984715 261.28802157508574
261.28802157508574 270.2909879072502
270.2909879072502 279.5379628040287
279.5379628040287 273.4233351331854
273.4233351331854 274.8826078018087
274.8826078018087 268.2785356465202
268.2785356465202 268.74791538355015
268.74791538355015 262.01086406692514
262.01086406692514 268.9516300798801
268.9516300798801 275.68376834375846
275.68376834375846 274.3151564925609
274.3151564925609 274.2376783205927
274.2376783205927 270.24219980715714
270.24219980715714 265.02427029279255
265.02427029279255 266.02128154139785
266.02128154139785 261.5415891507365
261.5415891507365 266.02090285334776
266.02090285334776 273.6673578399557
273.6673578399557 275.739328267848
275.739328267848 269.66158009728014
269.66158009728014 266.7381215126645
266.7381215126645 266.64279447556123
266.64279447556123 267.5294129938132
267.5294129938132 267.4796078484913
267.4796078484913 264.42202382119524
264.42202382119524 264.3730779598819
264.3730779598819 262.1419186091906
262.1419186091906 260.00912120831407
260.00912120831407 258.8337277143554
258.8337277143554 257.3570034652066
257.3570034652066 249.26013779269405
249.26013779269405 254.17796349444023
254.17796349444023 256.7489099447112
256.7489099447112 255.56132856808512
255.56132856808512 248.4669636931161
248.4669636931161 248.8547451364681
248.8547451364681 252.47597273362175
252.47597273362175 253.1332778741353
253.1332778741353 249.38204703667637
249.38204703667637 255.81375032989948
255.81375032989948 262.749913954234
262.749913954234 269.7965294090214
269.7965294090214 269.28098369330667
269.28098369330667 261.5290227834915
261.5290227834915 255.74067628199077
255.74067628199077 257.4643901375263
257.4643901375263 257.84813731734425
257.84813731734425 255.10327593275184
255.10327593275184 259.5571571598665
259.5571571598665 268.6238822621568
268.6238822621568 274.3065158834868
274.3065158834868 272.5531201414823
272.5531201414823 269.7361075859492
269.7361075859492 265.70169857370416
265.70169857370416 263.55882524784795
263.55882524784795 260.06349800020524
260.06349800020524 253.74234824511606
253.74234824511606 257.24674199208397
257.24674199208397 255.67656632969945
255.67656632969945 248.43969209787957
