4 0 0.0 2.439109639991216 7153.8963616523415 2.55
217.53951728680457 217.94579959274566
217.9080817887416
217.14661157454336
223.70208027616354
223.0619024994443
223.81654402147618
223.6568055263541
228.7825214240009
235.91804785612314
242.60121675767388
243.84731884915826
242.7451002163546
235.84759493966348
228.8823540101843
230.62813475879247
224.15572001907276
224.4758820509795
225.21900611246807
227.15770477232337
230.31231584141983
231.42286707428954
233.41886934596133
235.34075013147802
228.69610046838022
228.66450079371512
223.72898500868678
223.95203000589004
226.43291305524755
227.29158883735528
234.48387751411673
233.02216843236357
225.70897044182044
228.3076170187042
222.64203671214503
223.14116856647323
222.62854279867594
224.47070651339146
230.17057657568813
234.73745634000414
231.85648367724178
230.55906504792776
233.5536923230883
228.28722080521715
230.47530469837784
228.00705035073412
235.92280442892434
238.78784689071023
230.64025312095293
228.14166213842182
227.3210556469695
223.47504124804976
221.17170803521458
216.3007717443095
222.34258675996725
219.32531618469932
216.44603999098675
216.1158547920695
215.19413491426096
215.3302106395631
212.4970826118842
218.03824418109718
214.05793165585982
211.62298658410847
205.42812497567155
205.29663231727167
207.76487585669935
204.49234605309587
200.57981404364443
199.55975631364248
196.29225003177004
197.13204331202266
201.50315037278298
195.0527298812722
199.11550581280568
202.69620015840835
202.85838811255127
201.75659462100856
201.8019283328191
203.57623898298638
204.42784127079193
197.82087527225644
198.79482781356995
204.62318307192163
199.98290162967348
203.15430344711135
205.69491016092027
207.107853964085
208.95888527973275
209.38493518148744
209.78019984691466
210.03700368636456
216.21180836497652
216.83863586951406
221.808915146108
223.59617487915347
225.67411178793094
219.4471863867773
212.24439200496715
212.2015417418371
206.7982374996371
199.6210541543391
199.36560598267963
199.59890083663396
206.45233354206923
207.16721616534824
203.5404459101552
208.22545769020633
213.09971897109065
213.12191805210313
217.5503001576171
216.77032640150935
213.973743458505
210.31903990138457
209.22312419222462
208.793911998427
208.47958752073382
206.13362932434293
200.90622627324979
202.04298599123524
198.93599129516357
199.10908140564015
199.2580875137292
203.58738037207803
196.49344746748224
196.65146681065312
197.23927929704985
201.8560728035405
200.7310749270666
200.7855665388864
205.83797074141526
206.27547009751362
210.27071038434443
211.2544603180839
211.42336676914542
214.11059394950132
211.35182931938314
214.07883747702587
207.92561453294007
210.74715611337112
210.78831299872067
210.57132445913928
213.43529646870002
214.22254504715357
207.84548167544233
214.8722890337465
221.48776898428952
221.52579222925954
216.6103896536131
214.16855848875758
219.00625494932538
221.334376556076
217.65256668282865
217.61450841739475
211.97174492890295
214.4573279702736
214.77427805695913
222.01316072838623
225.10499840335038
223.40951455044012
218.4149439567642
225.5142256633936
228.98399437482726
228.7576174182934
229.32640864864143
231.94754807912366
232.80107071996383
234.7148603698966
235.03164225850227
227.4930890160589
231.36709170272886
228.59459802489005
224.52330155007772
230.78634502305545
230.71458306708863
229.27864882202277
227.591805421099
231.64615521065397
231.8834231803015
231.92144585189368
229.63218591532413
230.13734291617368
236.14115972127766
239.21320758221623
234.16304028302278
236.39240381491618
235.92469586619214
235.32719715714236
227.22707053177749
223.41136989214252
220.6816982021918
218.2183222703199
221.9304757369288
222.09392129205904
215.1874058042207
222.66757434295636
224.66696792872546
229.6511720170854
232.2090882335699
239.32430663976677
244.09377572120033
243.49221141680235
241.9351442208301
243.34437212188928
247.6641758067254
244.51999347537037
239.80699042258314
234.9097669652786
229.7510128014524
234.36500684110942
234.14569145292185
226.14301182172105
229.36114402926748
228.94320065947565
224.61989471774953
225.68755932873847
224.60710290251365
218.54236335823978
219.57770909313118
219.63071728123344
226.6596253110132
225.75126566030627
227.61029002248796
233.53623602552307
232.90954588204576
234.9590307287044
232.86983881991523
232.96891932855817
232.85893604800177
232.82499170249872
232.13232313646677
226.5133226860771
220.80728276589008
220.64432890106758
220.46945674232919
219.51368317207255
219.59582996132193
222.50962307645835
222.76992404353362
222.349687644784
223.17336029663127
224.75372839931237
222.9073798536631
227.33546259050365
233.74648989544778
239.3010727617192
239.66163130583183
234.54008830277112
235.52162337080588
236.32149092709255
237.7688750209203
235.35720749741014
231.35854900608737
238.33519422448458
238.54304337364528
240.68079564038715
245.89487537437853
238.8468355604336
244.70962890927734
244.46543387888715
252.84523184338158
249.61031947959373
250.01945676285104
253.1277945278187
252.6846044882242
252.21082337962548
253.68812568360764
255.94912500609226
254.7695822432843
253.4898774722537
245.95340579551524
242.83679992962286
244.89792195877436
245.2335443881362
245.66429169393257
248.70487596195755
248.26144979722815
250.61719109659654
250.51201077542655
254.58245699385125
263.2560286169254
255.94020143877475
253.28500034328445
246.07055697268157
245.0575847898126
240.72221855531913
247.55809722096183
241.31509776481653
247.67225095478136
248.15814055340678
252.8536976379987
254.36155309190946
246.50669278179274
246.3374904271135
245.1223046614012
245.74136171366064
240.84245441905287
234.9185772052778
237.0940704243409
237.56800928324748
240.89714717091348
246.52199082740898
250.54832199687874
257.92084405715485
263.83370400008033
260.59176908332336
258.1792441938099
256.24912275933644
248.58204850670612
241.27894547117882
238.8028152920691
242.84796773861925
248.79159829914718
248.76067821100526
257.31726473850114
257.29133205482646
256.8527070289379
249.47404652495118
243.73108404914194
244.50524633292426
247.71102337711372
251.12185675698558
247.5829472444379
252.47370435802347
250.7002331284933
254.56151118980836
252.1822707981965
250.90268560385894
251.02324071526095
247.4736150271649
251.05473648909762
248.76479740249835
254.70320253857318
249.0451300078854
245.84477414243332
252.26176244488147
247.28990492686307
247.59308304475576
247.76784790828393
242.65111724354037
247.4086431655866
248.70584699842695
251.861257761981
243.26728948596167
242.92285448729075
235.63951488440009
235.48558030609234
234.83843113277283
234.98996752046853
237.22315188166132
242.56178967967702
242.31207296965633
242.54605914067983
243.70223091990033
246.73586503019652
243.67945187147382
245.74617542509208
250.0884094189077
245.17831831508315
245.52437574331725
244.10704973287793
244.15580008156164
242.408945309996
243.6561965390828
245.4967962406936
252.57525060313586
255.68299696608875
257.4563061130756
257.15757332227764
255.99033621353885
254.25303690208182
247.70525228039344
243.97084859277894
242.92124417036436
249.41647023301397
244.537999740288
246.40524495187316
250.62984332590386
247.36261422011808
245.39866047648235
251.9631239833803
259.3408047324409
256.3314847535169
251.88063361254376
256.6783214070047
250.98831116440616
250.88890102434152
246.18317708829227
254.68908998501686
253.77894168217122
249.26661887419266
248.76630717714045
249.19794015519574
243.55403600047535
250.6902473768757
249.22837969540723
244.12734693503592
245.6568788685039
241.20249882395308
241.0173952179051
242.66910222189878
242.52242090968755
242.84803183254482
243.0036404136731
244.04650888702588
247.070430303827
250.18797935831364
251.0234888560731
249.976207856946
251.62768658682205
252.14625849323403
243.59671232422153
247.4116741671996
250.96198569573542
259.05352088749913
263.18707649352103
259.1752143974682
260.5330901816205
256.0194287621455
255.9928976874198
247.64896773083436
245.2578715127533
248.64277075009883
239.93794797032433
242.20672837332492
234.74697697026383
237.45657878633992
237.9468128890844
240.5085992934123
242.09055626579104
242.1777232163476
249.99092165503058
242.93256111082565
251.1960011119645
243.27048870957316
246.93438873243116
246.0929410496386
250.92223453756566
255.1969454011726
248.01634256721024
240.26616793173966
241.5121797579565
241.88256234855015
243.10305708915362
240.88956232393787
246.9187659028426
244.62351989722265
245.123944177717
248.00668950893913
239.97659104446842
243.0681546968256
244.69752625087398
247.93296179712829
245.3446868631856
245.1711719787525
243.61776643673844
244.00448876455746
236.6803115744305
243.97679331789925
244.01061305417443
240.40007291090157
241.49098501467466
242.38837761233845
242.98196927585568
243.25809092685546
249.01750300954959
245.49686925920525
251.53360771855807
256.06448867475865
260.98559367350845
263.1822996767921
260.82016166855703
264.7437227638018
265.9000160804268
275.01472523742314
274.70468548552776
279.6808646997359
271.01956951132405
265.97569115424017
265.84934296128966
265.209441006535
261.3967543322093
260.9447597006661
254.65641007581698
249.22198491818747
246.76305564984656
246.3296119470495
249.1727174716649
253.81841990145543
258.0016304005679
256.9848273223254
258.22480232610474
258.091592302412
262.2990359016294
271.0724901980972
279.10122966494276
279.91769939404236
279.34740503029514
282.46565746200844
279.8613590765165
282.0269094871069
281.6611888832326
274.6977443437832
269.82124445194006
277.73595105570445
270.7716909086077
265.965516396502
261.09412393548894
258.13054042819294
255.9736767053387
255.11901033945657
249.46223330751758
248.59314828382827
248.46476748154996
253.75568683798363
256.41864531145984
247.7158906123847
252.64143570173277
254.26078442339622
262.24987118782985
265.38127402556853
272.5582227140642
271.9761687364999
272.29702220617355
269.38771157073086
266.13035365464793
263.25117846556606
256.33076281464776
248.64758172692552
245.00426281452724
239.05235851531577
240.838704324573
237.9760923822877
240.1220838448016
246.93426012940344
247.00846174462828
241.05568769273387
247.62830704472842
247.8008904999623
253.09548372666939
251.7143490735208
258.24769201575384
250.53907148662074
242.80058939360634
244.22404740699164
252.7311518792735
257.54510616659104
262.1497755459709
268.83409870494796
263.128605902524
264.8933023779264
263.19264135650985
264.9388447883156
264.16692647223454
264.24317800043394
264.5662495984873
263.1955890473184
263.8717332868969
263.66538016346254
269.90837584835236
270.87305803969576
264.24731756599283
264.3703774039424
264.3997125406615
264.6938451770184
255.7039158993025
253.16515107964915
254.6517006390231
255.31888958802446
255.7842006492703
263.2004071078982
262.3379512136703
263.6262922774963
272.8220150500589
277.0394653986519
268.45683848454996
265.8694357079447
266.7438676514227
266.60969074739677
264.2262290339663
271.4200272321341
266.5425423122916
266.5099074380711
260.38624300954865
257.7017499642943
258.4688163128456
257.16912947779514
265.61029002149877
272.9852606601591
281.4271585310937
278.7219055039969
278.1883406655169
275.5078231688561
269.9480948260301
265.4529409955665
267.30913395212076
271.96987644062744
264.1597011329019
259.669530998464
261.13298630927807
260.9823239882933
260.8041163548511
265.08758603595743
258.29701950552743
252.58038920998652
258.8521201206353
258.7089626215218
254.61893567141013
250.25045130234128
258.59719550781165
252.13673854625844
249.20589016842035
253.30848599279105
250.78509842825758
252.68530781735362
253.61027791629778
257.7574303220893
265.781412261532
261.05509288544647
261.7467225578072
262.74072141767317
270.95359889870656
279.94461388933524
278.9169403716751
273.6244950238917
266.75786670807963
259.25808221203994
253.0621044146669
250.82922431700635
244.63425077499664
248.56665600164087
251.46375676875257
249.54569156474852
250.6125132749655
250.52509717361758
250.04116346248912
255.59334348992644
257.0724052335757
257.5520917357032
257.72640333529597
263.6190658026964
271.1836864496065
270.7606461970827
277.0798498235529
269.6387151731492
273.1018003855785
270.59787248683125
273.50463429998666
272.8557839670871
266.9246788428813
262.31415108870294
269.94907821814905
264.63232001649163
270.59535341575366
279.5576398863781
275.58723884439354
266.8385026809282
275.7104750011452
268.0517512448167
270.60408145896537
276.1926539166217
273.57529618850606
274.97943798076625
283.5612859666091
286.23621341530924
281.7207742512323
281.7725557458957
281.82088264117067
284.678612945967
289.01519448943725
298.55413017964133
290.19244648710327
283.82620446061026
287.91439399239005
283.0719703723791
273.58615587352926
277.3016981643456
278.0269923131671
284.1184559139035
284.3445812466494
277.2531595625659
282.63180737750963
291.5359509785333
295.37436463751106
295.5287473852484
300.62385374835975
290.58307956209757
300.58173380345
307.3031051748698
315.51699956198365
315.477894672241
316.6908263173787
316.5677842396786
316.3805377057839
314.9906057356145
305.73979148362235
305.5283435025284
305.76347452518576
308.7911191622911
309.0637692230402
302.1998851404551
296.51516163106277
299.40453678325446
299.36796824623025
307.10413606582244
307.4624872030751
303.6377918343687
293.35161241654026
297.5939032331655
300.10899086781467
307.9312284027051
316.0849423288197
314.50144231515753
304.6917398623941
304.6378878126822
297.6144256875256
303.73188638823757
305.54283161992146
298.85735358234666
307.4969742202172
306.9948794915132
302.30678051411957
302.6428999378303
296.13246485638734
296.04510963189546
290.1652904471531
294.00749484802583
285.47693957314556
286.8152315692456
296.3458090972914
303.18174475699516
296.6744912175114
301.1249480421096
303.5231966652902
313.6543716161311
309.8850287187757
307.9377782645248
307.9871210885624
302.2877892004403
300.4225213609007
290.87821140850946
287.904019015692
290.96083354142036
288.1926636283895
288.26541318844033
294.99259903633276
289.46880503864077
291.0163622963284
294.11680239475294
302.5825461381631
299.2062283997913
299.0902067961713
300.70048130806674
299.46490408535226
301.56642175983563
300.0030041871539
297.30190918811917
298.95754818622413
293.74081207094713
291.8326295488481
296.68508230139525
288.8951365558947
285.2740798351398
286.72237575809083
291.47290642462093
292.99296847412734
294.3989471885251
300.97205308560405
304.1210923840709
303.3229186010181
309.70522389460194
307.3327596738239
302.1560809125133
311.50827551403773
317.136303942058
314.856916999296
309.69524101779217
301.34734149539696
307.9533200245908
314.924126335555
314.8203827194212
304.434122211213
310.9498540945123
317.3195719012711
312.41721384396254
309.9628406324072
318.01215324626605
320.2538983374859
313.80696782168405
307.36341366117324
311.1637833414395
305.2636212103457
305.759845827521
315.884146934113
312.035712617316
308.8344807847962
304.0832247551346
306.47146717547537
309.72653818771767
311.35694198741334
315.1966099163268
317.31403584717896
328.2768697904532
323.3953545469568
322.3587320848019
318.61438329645
313.9020711631135
312.8353607357645
313.011270498566
321.0320494114699
328.45606280876086
334.56638453673304
331.19426599693765
331.05292984530485
334.20288930421185
332.8678913813714
331.8467947849791
329.1586224090962
321.00881620673283
310.35793888530793
301.12093461649084
297.922258830251
304.28675526499444
304.5507044789488
304.6187277786684
308.9155364924945
319.61326116224086
319.093272784078
309.0598169492064
309.0957604490935
310.71918350907157
315.7430032912051
314.9118197869918
312.11629343881555
315.3285505602979
311.9463145206511
321.0712078422798
320.266909949522
321.0491276485705
320.4874684916763
319.86291838693717
318.5466410154942
327.989536783141
330.17142100702176
330.1307449221808
329.2038410279793
321.6701335399732
321.5614450033726
320.86046603688317
320.47401094119465
326.3393033785972
327.52701515980925
316.8440662632072
313.63070495921136
309.8724375821306
315.66791046203
308.3256063476599
310.31087307426327
313.16630325630314
310.7911319752193
311.3588904325057
307.7386460161018
311.9530140194295
311.2989627956004
313.5374180526488
311.0188640280638
315.5857224975036
323.5669591960369
325.6497421116004
327.5386832544664
335.57682664851086
328.7609830691048
325.6447368379077
325.7799920947676
320.2239695399965
320.1916530273914
319.2199686479306
312.910662623965
313.00030600256633
323.5623813404011
323.51086304897143
323.2223034017692
317.7183350767735
315.9446110457449
314.6935256058193
311.15492203632516
310.9441612756764
312.51508758033384
312.90714905262723
322.9029551011844
320.5985032558385
328.85524761429883
332.4911925437178
332.28354277159235
324.6487597251742
321.01199412880794
311.90888803590525
311.1252781001699
310.5921305744135
308.3992234008325
308.25902916001826
318.0326774650955
319.9839290764643
310.239709636473
311.98727279084335
301.672017246729
292.8817497144499
287.97960504923077
286.9683180490705
288.0382520616884
290.610795781437
291.04927244115134
298.31868214964624
297.96444866298276
297.9954645545648
298.4095272956698
305.4104687514471
309.6408004181594
317.6991656508128
310.3705545445078
313.31006415100865
319.60545047821086
311.76347174140375
312.5776407056009
311.221097912119
308.8235449976904
299.07539713743955
294.3396567234286
301.37031016692043
291.8274000958977
301.492878863732
309.5519445028903
306.4339731846763
306.46496086722397
302.5581535103119
308.3849388761344
300.75153536569906
307.4490859594976
298.9847110757633
297.91862258962584
299.966727834509
299.73074633902553
292.76108885716417
293.2041464745959
285.66682730600917
288.2423940429608
289.56451774467695
294.5146191148915
292.13538513092715
292.7604174810982
300.0535718169967
292.46896576297524
302.3295258988835
303.86045454017096
298.35179803651835
300.058410084982
304.610090478577
306.7168200774058
312.1190487027922
309.50392175239404
303.29341015359853
301.7341241792648
296.5041340408637
300.37528459139884
297.4570674472227
287.5399076079793
280.59965114556064
278.29037830670126
276.0802293598129
278.4289561188982
277.5763321415633
270.73329720731033
262.0502950857832
266.49198286789624
267.07642651782834
271.4754044129078
267.7645799973815
268.5218127455565
274.89057197109423
265.9325624030448
272.10320158802597
273.3015117418818
282.7554053128264
281.3455061740319
284.1980599908765
289.4610034734619
297.3675232844299
296.54588720261097
290.794480680599
284.84518910248704
284.2630050201141
286.4785450223553
282.4997822438127
281.771788089831
282.0508206216026
281.87439360897923
274.6732097831074
273.8389427061935
274.0142724954426
283.1140464446911
279.3311257155003
289.00696577159187
288.69653783213914
284.83729444309273
282.6287664321636
282.5589934484875
277.26514476750856
279.80525643233796
277.22878565849555
271.3432753408251
270.5775292592418
278.3632815598026
276.13407412699195
277.4066375598734
285.90862167487893
286.91276222802134
291.4425890426425
282.9199686739351
280.9892116722189
276.69025763156804
272.4307743076354
266.84568559551417
258.5038360179703
260.2125967168996
258.0925447441759
261.5065039874903
260.34348001416174
267.3081295808815
267.1908342899778
273.53202813237226
271.7742943793095
280.1110019368584
278.4734833558846
282.14475203171196
285.38117128036083
275.73757392593564
271.7403801088266
270.8468612133136
276.62378647740707
268.48881334271164
275.3111178012203
282.11237679965126
278.2002277478065
276.2408677157285
275.0719816529509
269.50882662771585
269.80656856377976
269.32552738930764
269.29731955074095
267.9292285456459
275.638920389952
270.77301032790643
267.14502899542424
272.0023273233653
272.10325081712375
269.24440412022807
263.9190697889075
261.0351225142618
263.94700964419127
268.15486989404394
258.9805992700493
258.93751723903273
259.1944391044535
259.36371130943536
263.858399558211
268.091770445319
269.35967155043517
270.2830804901929
272.22119747565444
281.3181723904256
288.37995404562946
296.0464200776501
289.62627845585126
281.66698688995086
282.06983968589526
283.83946285553975
278.51909566468873
270.3209018749319
263.5756258326243
263.1899556761039
255.91100197772892
252.98794983081638
257.2195317348346
257.06033653524514
261.4466214546289
265.3942224677311
265.96739634565665
267.35028513913176
262.5502424610187
265.7757208124421
265.89932308813303
271.68639628823826
278.991593578634
282.39479418254274
279.39072745208676
280.1491167974704
285.1862074636234
293.60159586995474
299.5979133539497
298.669401746091
304.2465338191697
310.75260312059555
315.09944930460625
314.32203232894216
314.26421723245124
313.7852930063038
309.763182710611
299.70204699521616
307.72562146262277
300.8136329692843
298.3648182822197
288.4127697752448
284.77949048366884
283.6762207407903
284.352459126224
279.4531995337762
280.9960166194487
290.79292117417964
291.11257846196264
291.63893110711746
298.3907822578369
290.3943135820143
291.2901294283936
295.0932512598106
301.0708065859824
308.27716821870564
308.37749687849026
307.0206005029803
312.8051000319049
323.0993023575593
326.2276175974813
323.93082073105563
315.2232435820525
307.31612189982167
311.71382548545694
311.62075045037625
322.1939059456648
318.18381699784607
313.70486794100196
304.7396530452794
310.3898441205127
312.09407969293164
301.2338267549328
304.857763933861
299.06934607330464
307.1542881241665
307.3299778023019
309.61563167385515
310.6082239795186
314.9989965293772
311.5021489849274
303.78968570629354
297.1429798353896
307.45499703059585
311.4027935605776
320.9384466314859
314.8455288637309
311.1953055248463
309.14858320807735
312.90770836538445
310.212987307205
310.40304790243385
313.9071923120085
321.34544873666795
321.3786520361772
329.1664186634026
333.0501606922031
336.2971678442261
332.3356913091855
328.5065797043671
327.76711051900156
323.1379647808073
317.8975291133689
308.3885899288798
305.83984243994263
313.70739516422447
309.9322325113494
306.3404492374495
297.02738571162297
297.0586928469162
294.99805949748077
294.81994582892384
289.11460002093713
288.6326699598054
291.81110564801253
288.82167283920273
288.250853331207
294.62518144753045
294.5874019296971
289.8327741926936
293.56804974397124
297.8132516899969
299.26094042446516
297.3746777393353
289.2541783971813
288.9324582937343
293.0066434140073
299.32777680616516
292.3273542046118
301.78608972495203
302.49540686300185
296.38114460195123
295.6093348982379
294.91924890516856
303.0248975844318
300.6767001653237
308.4606688674779
306.2649184809165
309.48037311341625
299.92549510577425
307.10494633665485
300.9843683216022
300.56597624715033
308.71096543801735
302.58173426917995
296.4934428970563
292.6832643767522
290.61539281919005
297.21421015944827
292.5162123043201
297.6514524459767
295.7673990100963
291.9893873910217
287.77252063436276
284.28057623628183
276.96547945906207
279.4330240201211
277.8831311173651
270.2883273108009
270.38258658995426
266.8115716016697
262.15790676087744
266.9551700337214
273.4815013928683
265.42896553775734
269.9028660162693
270.0650483290945
279.01268196730695
283.40637726946653
289.30926182561814
285.02160848599584
279.00323670389787
276.6192952634067
273.8537335336019
275.7666369831868
274.92481365515545
276.513048976194
272.809981986566
275.0031546580352
274.7731161978885
281.9166853488268
280.0137105124777
280.100105732677
276.7061804877089
268.10744016157116
260.17292877988035
262.6049941020043
268.1533249694403
271.4118446466579
277.40461071844095
284.6912481775455
285.32947219908664
286.8550523157409
284.2307932032866
292.8835178441164
284.6207325290474
290.8453261589752
288.41584631067303
297.98905410752803
297.8632539702218
288.5472954306501
286.7988148993034
279.6381502402552
270.5800201665029
267.11442094919204
260.4800416887392
260.71625766182757
266.562527228157
272.45219601756054
272.7812900306344
271.33247452262486
274.9621184863614
275.02051340900977
274.522389502815
277.01592315357436
283.0360311379461
276.9610909344647
280.71771328297854
280.8398342646907
275.33487333739106
271.6873219262359
265.3837168045457
264.30996255697784
255.87417104946368
256.7300783068081
256.12217165300535
249.6308769676002
249.04324858255842
253.8894672163153
254.21479087966802
259.14533559775646
259.345239799987
259.437326470549
266.3078480209708
266.0268566482944
268.90256994067084
269.8792015636483
264.4664536030201
267.57081163524185
267.63386346705533
276.93157107116355
276.6430577300544
276.8400882275666
281.67362757739505
273.69387202286356
265.05686907138363
259.6979842005329
258.57572901011406
256.6090611988403
249.8230669035112
249.87533069594525
254.80332362314047
256.84161443102124
257.56154162391533
263.96064534214986
255.67664054558583
255.7273556500117
260.2187970517872
264.879532458379
270.88019784877713
275.2401469066139
276.74841803817907
272.9717888832898
266.29290676569514
264.04400012662677
260.75548639089845
266.33619176188347
260.0245563757461
266.1345742430188
274.78859209914145
270.55822589582687
270.7091732904174
275.545636024049
269.26394498539685
273.43433395789907
276.62713749086265
275.39957704618644
283.26811384659135
285.7370594307073
285.6090794258875
282.9990171992813
274.18936342540866
269.52424200132015
269.58677175307014
269.5242175237945
269.1527892475088
263.69128153901187
260.67967607126366
251.6382996463063
255.24024522445546
263.5325038713131
267.290061701227
268.83517019122473
277.25072910327805
272.69441983902624
269.51724361470343
271.1406742177161
272.747105382839
271.524084063869
275.08623584134693
273.4938627385604
279.62053517281566
280.00194609022503
279.0860542572888
275.53252680133244
276.25789417802594
274.41642909879624
281.8297581061994
283.9561035170722
282.34941550504374
283.79561916845864
288.2584806932111
284.83076217470085
291.02410214950925
290.0163311487065
281.44047825270167
288.4993204763695
284.49234614747695
286.07072989266396
294.4616729986718
297.96489017483435
295.1571900797867
297.3061308504464
288.92482088506273
289.0498126191586
283.89376343756646
277.041374201975
277.848482162312
286.7307225736687
285.3164064455525
287.36386669042355
289.41169817270605
