1 0 0.0 1.8616110787076496 9330.268055804307 1.538050525844395
325.2775261707128 328.749199757335
326.40404748216827
323.64772896936654
322.81914981453946
314.48235167660766
310.0423338149998
308.4673162294607
310.13724655759137
304.8326371506472
300.07461814985186
307.9426984012404
302.36891593450747
300.9809331726798
308.6012066279953
314.44998455553895
314.7984674801605
311.59758672966774
315.8279137552954
317.77705341391265
320.04011565918995
316.24655381496655
317.57855168023895
323.3218410281465
322.59673446569917
319.5562969002702
327.5120470314106
329.74041213435856
334.2386542638983
323.15165046386977
322.98044665614736
314.0351760895654
318.6863517220956
319.0621914977099
320.09554431840985
319.11932262489626
321.0749001776994
320.8449883308827
313.16619760357474
313.41542202493065
314.7902172142022
314.92156559489155
315.59239343409763
312.1065593690823
314.708942448832
315.1577428880715
313.88405765760325
313.8075967097507
316.73511024857635
323.08934429858886
323.1678015833129
323.94167881530814
334.99648222506136
332.38350401273874
322.514159830569
330.489907193964
334.1263367843613
327.31415637151997
334.0417243015164
329.6627693477145
327.15774718016826
317.8850127490494
327.1168150190924
331.85138950889086
326.9326774555816
323.39621290091776
325.6243388816037
323.35729828406465
326.7003111815878
330.3558739764893
332.95524656215684
332.3665891144226
327.713663061433
329.3957177341738
339.1200956180749
348.7292525968209
352.7913604361138
352.7523811992681
348.6417842525099
347.11229974494745
347.05878940856996
346.3686729791035
341.63118328496125
335.40882752697934
326.257423199115
328.98588109974685
325.8525148567955
323.2497124257179
322.1053165153138
319.5330738292174
310.54743447038027
318.3515984191784
319.9125438127437
320.78149681754365
330.36259544609607
333.12841176556634
340.419991796894
346.71707428102604
343.65474461757657
337.7065365823991
332.18149363445923
332.07283597508956
327.0132135727051
327.3822349134585
327.02559037084006
322.66711567461374
313.54456033753564
316.8646402258068
326.0788567229433
332.7460608625398
334.11251992925554
327.92699754062926
319.4392027087321
324.42027038872743
317.4293372229395
311.53523160107886
310.4560002367848
305.9909086077543
314.26165983218624
313.81874351832147
314.07734552073674
310.9308282708499
305.3401780149589
314.7994421214925
314.5021745219937
314.9755849008281
309.2606304592544
298.68048279005217
295.86007967542884
298.1630153139336
289.53686600201814
299.24566730071825
303.60197598636285
294.1256627753184
300.6060252569183
298.48067373452034
300.37465317047855
300.7004968902426
301.22839213901847
302.8754888481291
303.21436481335127
311.1350149003011
310.16406806384316
303.8353832501201
303.7569232588883
304.4729014871448
295.24006477611664
296.7403659275611
296.67103791005366
295.46248976125133
292.48675451842814
292.6172572515285
292.6676138540126
292.703613721349
299.7396582270535
292.0304646238524
301.7032609576933
302.18419876854915
308.88466940635027
317.4669498141985
317.3940216958971
309.1479111819847
304.71789050703075
303.3366291079058
301.3992680310444
299.2333964906573
300.27872287953045
299.57528646584996
297.97205744830745
298.1033544927513
296.952440815142
303.71073568682124
313.4691537562692
310.1953424578689
315.45599352560015
314.24524965242426
309.1653684484956
305.004527627374
305.7139253126226
298.96505739030664
304.5741450228082
309.55410936804964
316.85068438361924
316.5047216169229
319.7288674984971
313.2920763376979
310.2916483413062
310.2515365724605
307.2615092038447
299.52436436957254
297.1260599698579
291.3618279822279
287.1242051087768
287.50214221810194
289.48607990287667
285.2457198789165
288.2949425521012
281.91606691027005
280.1065713605203
286.53665993590425
295.79188035021514
292.4723996208552
292.6099781901047
297.67760413538105
297.7375544616142
295.26227376831275
295.4078736018116
288.5723913482998
289.79449917027995
283.5054311594835
292.7526179881331
299.35683478971765
299.3872550319773
295.17466951137936
299.8185532208835
291.79205421765306
283.7633734217526
283.7282516501122
283.77600844935677
287.40403745661774
281.2407374013374
278.52364912548074
281.0354919901071
286.6555527326732
286.4412295765592
293.61483916024287
299.6671163498506
307.58287959252726
313.6921913714748
309.51236426081783
303.5993749859904
295.6745768434154
295.98293782788977
286.02559847054863
290.3550555497213
289.7765611175694
281.94633479520934
281.32198349549645
286.74017218337815
285.3378252713061
285.7319131112465
283.7785080092229
279.913114086127
270.8906283510499
276.6987276706528
282.6725866934584
275.4284962119973
283.9566015830748
284.8249915182972
276.12383450207034
276.2200149478609
276.26617161249055
271.6637740725781
277.4087902832688
277.0108483038055
277.2721131214798
269.8719697186557
277.13758431253564
279.6830233556095
289.2019895383834
291.2636797116867
287.70376294928326
283.62469834942004
283.86528213389073
289.00003254107486
284.0174935389714
283.6360488717972
282.6277484225159
276.0805865926777
279.55046449330456
286.70721284453487
288.09688656041385
280.22414802731055
283.7894054101029
284.7740887579277
290.1276635176737
290.0717677063317
289.9117103866003
286.4174629810065
279.3357399312821
279.37860248703674
275.5098339922648
270.2903876613777
272.3881248804941
277.03221893485534
276.65626178288096
273.624381508137
279.3153597996926
277.6762778850206
282.62255265609963
283.00127617537925
288.3747785054048
289.16981024831347
283.46361243348923
274.7756807498066
273.58122303949654
271.0712892207917
273.5807428005022
272.6197782882396
277.2338100934126
279.6465226083214
286.78486889917815
276.7665865949463
278.1489659968798
281.0719609335546
281.6347104268017
280.3023455320681
287.8989938545932
291.8798288734159
290.2346314837124
297.2114420848276
296.7227065044163
297.30980464477204
298.3033951602996
300.49810909939436
296.21396712485864
303.91371062704496
306.36516104428523
305.1629852573126
310.2113185960087
309.73604174988924
303.7588726353249
303.7192249463602
305.60005102221515
296.86653204459975
291.3741695927041
290.6496394742498
290.7796215204041
291.6443363212375
291.7118001131259
290.9955924102392
294.1446591644003
294.23360120021687
301.772368321237
302.68465043603925
306.61417853121515
302.59479185318867
292.40802775966887
296.87454076386325
297.846052712852
304.1085723629332
303.26338033374327
312.2617173685328
315.38090348492045
313.9817358259754
315.69932113019985
315.13865399734044
305.9684197270758
314.10935398107824
321.7111638527042
318.0664923640518
307.5921885618237
303.3852866164961
303.234209950397
305.89552049809896
298.4960201992735
307.9302921580852
302.9268173345609
296.2887938898102
300.3697971072086
304.10116150932674
294.7413711971636
295.6947927761322
291.1855345956398
292.92470689914063
295.3850643811384
302.4335911637771
303.3295771789855
304.091444292989
311.79852870672283
310.7186510550857
316.16921195251786
318.4245350830309
314.5284676274134
314.33620161599475
311.1194088619301
300.3113418550421
305.43631597686556
305.40511497919636
301.55848462080473
306.07645923708367
308.57278090355095
299.285214212896
292.8816717942567
293.2428009157475
287.5509773770127
291.3500793130739
292.68443809466095
289.68493429734633
284.3167865927448
282.74574881374946
288.203388458145
284.2443543117479
284.69712848609237
283.790667423458
283.0212060186913
283.4704823110168
288.86411705001075
290.85634187903634
283.35154927529754
280.99478365935715
287.4726321602153
283.8607243313144
276.6618702309173
272.6763514573745
265.7951135085077
261.53840392525564
266.5013722582774
261.01928533778465
266.4878014529443
258.0024099899886
254.46108665274733
254.9453795242562
255.40918320157587
259.40378883104614
266.8435479511932
273.2673198688485
276.22660168110633
285.5826652682483
285.4595996405217
285.8648091006647
285.79321228653987
277.7443786237809
277.5743969508422
270.73194872573833
270.206253193984
269.2872500938181
266.6533608521212
261.4925675908596
261.5208158051191
264.72613840068715
265.28774251524413
264.68798786358474
261.195781053775
260.73223803451054
252.06961538750411
251.96054764690697
252.2363780893718
258.1085173011014
263.58944687335804
264.4732709700758
267.05427149518135
267.55180143310406
267.2363244029281
264.9241035666084
264.8972749456108
259.70634634861415
258.82857057479646
258.18722203465035
258.1187340167054
255.1240527153288
256.5167712456991
256.6016227481552
254.52935749375118
258.3889841686398
250.9233846973438
257.9904188856676
255.4232201136671
253.40826448365704
254.92533976680747
250.15453732161623
252.4685998799119
255.73917047578823
254.0449798763058
262.0405734385655
266.5533692182545
272.0908619762823
271.95133331189385
267.827271292336
267.48205100049444
260.0546111338218
267.2265060101502
260.2824002421418
256.10725722654
249.780565122005
250.2142572791715
256.07151856436667
261.701144369657
263.2749967539892
257.2658412055459
259.101567100037
256.69098475035696
260.44185690053513
254.64796488276366
247.14366974041403
247.52945233853526
248.48924581115324
249.14635133578437
249.1773180978747
249.9161661109079
255.27962527032852
253.29877866515133
260.03982414191
259.918761856007
265.87405236513223
263.19540215904686
256.39093917604157
263.0728957131428
261.07138595489045
252.72230646143342
252.77113185310733
256.26689366082735
256.55217432516724
257.2812997861237
259.222239229144
267.4091256039321
258.8699498639948
259.94168397385585
264.9278725553729
264.8831032343984
268.57189740009005
262.146197988548
256.9585535934328
253.9798718554516
254.54384680556345
256.957384417224
248.73282535005487
254.8197402965095
259.50360854760146
260.5050490426554
254.04802017061255
259.169751019931
260.89230999954833
254.18168949159931
257.05077740562587
251.06730088282362
250.6480810848759
251.92409044400387
253.1449686128067
251.23411696054367
258.8570032722034
267.2975236126523
265.6217377953891
273.79782496871996
280.2036259731948
281.3105157566762
274.5961579123347
265.7480190059327
265.9411197977852
265.43127367467656
264.199637529831
255.71610960202253
259.7505771427979
261.73026305402516
260.5147066453158
260.8875600162408
262.06028252219573
263.6511616943193
265.0006463286805
266.82453783806517
271.43449615546706
272.54653474980995
276.510037377995
284.0167343186697
281.2496193291314
278.7729806401241
281.3175528057099
290.2209978944707
288.5054647711488
282.17596999996
284.89704862850965
280.55300823412176
287.7542903976019
291.562912695416
292.99966218135614
295.04862917399424
294.95278896322
295.07237522405245
297.71850576209266
296.26786546174685
288.220367257051
287.4370711451925
293.79243579752034
284.41018235107276
274.5293760650894
280.72160803713365
283.3388989472369
283.916249687535
278.54012103599825
278.41332152600194
278.4764766243682
285.17355893896735
293.37610481465805
293.8534851491948
303.67157661612794
305.93095457986385
298.69731235606497
306.34371713062126
297.91455494785356
294.9485026493969
285.30215875618825
286.0296304667335
278.6113584476063
278.95986661978213
288.0843523716432
289.75242907662715
290.12011646231366
290.2598808209378
290.6750631842844
285.8403441348337
285.8911175446029
277.06177271366505
275.37804081987167
271.8884644218459
264.0564634429828
264.77271942945123
264.96209220754247
273.0856404129296
279.466219345401
280.7044290190258
284.5519090279831
282.1259742479408
277.67597875934666
275.5145029595377
278.31269886817665
284.38020949766235
283.3443328033004
284.1085294551102
293.6391520895637
288.2545414637931
294.1203672133812
287.54841521984565
283.4445329395986
279.415810979053
271.10636954063943
267.36135416276
267.68045304178656
267.3178684747214
274.1041180479414
278.8257366656541
279.47287141169
279.1285843235204
282.00928840423205
275.42188817263343
278.36225483371635
279.99331795894665
278.41689356718086
277.00492881735914
274.346116036606
273.6007817429984
275.1927747493578
273.0952247058826
272.199720120436
272.03365332326166
272.37172525377684
270.10426449384954
269.1357038065043
269.0883490194134
263.65800023671227
266.03877210758964
266.7430861759862
266.6145894472515
258.4833970361729
257.74907950666295
261.7570450488406
264.8276805295732
272.8396540637995
265.54386125873884
266.03065101079125
269.2798228722576
272.0195244867184
271.6082274590968
269.4880461741643
269.0040332119455
268.9068233704684
269.96007773675916
269.330163231179
264.7938044906136
256.2719765337347
253.18319268288232
248.55945199581672
248.21725430421301
248.91659378930038
249.40069406976082
254.6447383937686
254.7170750303474
261.57746273272795
258.9890536165279
252.16426186383293
257.4319579320535
249.3137585532648
252.74968958857315
258.26149140754035
265.8966598984712
265.5432835938994
263.3261547248839
263.44316501835215
263.3510290717206
266.87078955922675
258.704380949948
258.99726584263294
260.17459006622096
260.49586744442547
269.1120065644679
277.16337735995785
285.75943517540605
291.1497498993496
291.8916671047674
288.5733035531633
287.10737420114793
286.9076816878681
288.09809241231187
278.27166113876046
277.72846057776576
280.03384337574846
289.67503089753563
284.91676602219184
286.35696760434655
281.4614719317885
282.20875140595246
278.0368889073818
278.06798553079545
278.25494206298816
276.85201921237734
286.29915199725775
282.5097859634111
280.61643190315067
272.0178340076584
270.7115343173969
267.5322089816261
275.6880378508471
275.0308367294622
267.8963212740645
269.81403721222114
262.90747174165284
265.63890294574935
274.42061910171117
277.86338047314615
281.16787796329993
287.0170260056677
289.6282128784883
286.26836848578927
280.36043020370255
281.1811976940504
282.881729445213
276.6958660265237
276.97988435929415
277.034109364742
280.82438363376394
280.0653808700721
284.2030155266483
291.70098480924577
282.11583609769866
278.13639977132806
286.62249029267235
282.63071147780937
283.31214880395447
285.03121899212334
284.77062082381156
293.0523256609887
295.4235104074775
287.1262047777876
289.05969604861485
290.1033505479304
285.92922045276214
293.9568176489951
293.678521636217
290.7782715833856
297.7193673519947
288.1823814639121
291.62784472547855
287.97278277466313
279.0879524584177
281.25236549451944
285.489566194393
289.27959609208386
290.3717364428629
289.3436722017691
289.47572273599025
282.95279624064256
282.80372407279
282.9935408684023
286.64249877232794
294.7958230081872
295.0182350508313
289.2015345666961
289.54282827479585
289.0598817473698
294.9900622844892
292.05146037233726
293.9959718552352
293.7617280530861
300.9644890721546
303.0386589066433
299.26289815262834
296.6422592187934
296.0281564385042
293.79645114713696
298.0684927013775
296.5096206906866
290.20971195809045
288.2077344170168
291.55551202707363
291.5207277716425
288.9256883838478
287.4399838748853
285.7037686414301
277.08688284173127
277.6363413899371
277.0775903504095
280.9186749116591
276.3390713554384
276.8722901538806
280.862241120237
289.6306683049287
284.3248182239633
289.35945402456963
297.49228877502605
297.08416548625087
300.8170197052235
300.3315190550462
294.91533920934825
294.58112599426096
286.5503029965506
288.5748732739179
284.9434540428822
283.1103008006045
278.7849058143972
279.15606727124356
281.41187853676996
280.9099101575618
280.6457580932091
281.415329255904
281.6562905885308
281.38146727487054
289.72251413110246
285.3249809907646
285.08819806590947
282.917328982536
279.67112605194666
283.85234642586977
285.67901642087304
288.6281349543034
288.25243637298047
288.683539454701
289.3896724085547
292.01997502098004
290.99050207139743
299.979688301751
298.83956397763836
300.63492429393744
298.6419182680602
292.9716642143244
291.2763928669999
298.08269291849336
294.96149213666394
301.31002674182747
297.9007880390641
296.7556640123492
289.8643792402276
291.2581297677039
291.8956051586217
292.8469022924085
291.4585962118915
298.53873038699584
306.1194731940813
305.6491717539696
299.1508877478418
304.5057735058321
304.64744153872886
304.8188986931997
312.10786525230407
306.6783885690912
308.6332003932438
315.9406460138082
316.0434811962914
316.61764544267
320.91738076185584
312.0124656147161
302.44985740306134
303.2296999166147
308.9297796923432
300.91242445064273
301.1012540156378
296.99855496826603
298.9452511167362
298.9982183364959
301.5024811539067
302.6685541457662
309.6367524007941
310.6906629046336
321.22195843577356
317.93961974248185
322.01311375619844
325.7465849128843
323.42479756250066
324.55214277787894
320.8915392445871
309.92162839316757
316.80916720278475
307.85227430682716
318.03555236017144
320.2258397874389
316.7607645539293
320.58851107266213
328.0707450879819
330.06323941599527
330.5284392451636
330.7341948398089
341.2939319436526
341.2312209644065
342.68504378909597
344.0577635686546
337.49499399308587
340.91878905149673
342.2398979843811
335.5163739854086
332.3811166190134
337.6452857192491
337.570597585331
325.9895152545463
325.25848669817816
324.1543684721927
334.1660038686797
338.96339636738907
338.189948295737
328.8699432267936
328.24878699879395
332.1827464315256
328.44435351192067
326.2150305472934
333.3642707256554
327.71984085578663
321.9593246188189
313.2466359376529
313.3555251227742
314.37689185128016
324.89853606788006
335.6748903141285
344.65168573515433
344.56322671427563
340.71216728855086
333.4459751830884
340.26050718012954
343.0646104864195
353.17824381355723
349.31176116602217
361.53218210927395
364.15163774593077
363.3234130044916
369.1762806498563
368.40447544590705
364.51863745099394
362.0551116261415
359.91017995263104
348.24332414533046
356.8003829006143
345.23136289880375
336.84218720038194
336.77192686848196
328.12664410698966
331.7772003939492
331.8382806266642
333.1550260172077
339.49092084860274
346.97166550433457
344.1055764952637
347.85097641217646
350.18584809640845
353.92342648110946
344.13925468310555
350.28547702306867
352.0709281876797
357.71273122440556
365.82654149038717
360.4293611749259
363.37510980550735
367.37126189482245
363.5591039309022
363.0716219355171
362.4740521690037
358.12428162773625
351.99672445110247
351.54040172929354
347.8542245410162
345.10907303970555
343.74375880564224
335.56779252729706
336.8611356559058
341.93451563905
352.1084901727771
344.60702438507326
352.13376392186797
356.7167004364486
344.42997850921813
351.456990395895
339.5214278015156
339.4823397688509
327.65454445511784
333.8064372989173
334.096215020757
343.7938440231268
346.34025395866263
348.5834186736726
339.4973872607675
338.5014598204207
338.62249714145753
347.2651339816152
358.9808647703211
358.91373898442464
348.9188091948863
346.1947085412389
353.6303296521062
353.6961844790151
350.6138228811542
355.7096664497947
352.3060340130849
352.36285280426074
359.576144699758
354.920584079078
349.6172038768449
352.66340213304716
341.0984270197808
342.31796081275047
341.72909184990885
351.8277493473273
346.4417300728413
346.4767984327096
353.26470973016677
360.266884186797
358.7510320823643
371.0979394022621
370.2063571841274
364.68150758007283
352.5123290582531
362.3872951652614
361.6460512127046
361.5787435955824
353.9023727597507
353.72954243838467
351.74741309301226
354.49830161025096
363.0298753324509
359.38387004495047
360.9972368351428
355.3967671352151
358.32843180753054
347.47885881391704
347.0590045202055
336.15599027038155
336.25359081165675
332.0478659768713
331.01410893774505
335.59020641524273
335.72702128154407
336.05134653299274
338.72683887063704
338.9135640937765
339.11828846851233
349.1603587854896
357.79217307383107
351.9274868227941
353.02439515882827
356.40905219362014
357.7831886616537
349.98515192870974
343.1112576156627
344.33991463582225
356.13789520860934
364.39574000532093
359.99718741735455
363.4769764605232
363.3218633472446
363.1085975758861
366.7821377189456
354.1525944667559
351.30142487199686
340.6927982356186
348.5720699759242
351.96317138393584
345.3167982517275
338.46850875387133
332.695271097473
335.0347335606392
338.22770970255857
338.4708596042978
340.04567217125924
349.77530870666027
348.2747658973909
343.80357626489865
343.8844247634209
332.7938658442132
323.82689036909215
324.78281907415203
330.8669388017374
331.2256181383621
319.7487475811025
320.93138065622935
328.1115558601425
317.68558464389133
328.69892527992624
325.2783914435736
316.93143855999057
323.85107353889214
325.3958265383449
321.8002779686406
330.53828780966944
327.727741215488
320.38436810371877
321.74532129408965
324.1022169601863
324.27844735062786
324.65474435468917
317.37570526576184
324.75626732479816
316.07108847477934
316.5047155031462
321.9206942479454
325.8871239366113
326.15291714085527
326.76958251115593
319.2273970661624
321.88000050641375
323.03225120775585
324.71471020644515
323.50181144482167
332.5542000728206
332.08279933423165
324.1754621310434
314.4138250622284
319.5466712410829
316.84110849969704
313.0933126367862
316.48842888523166
314.7677606728464
316.0090077966883
316.14548754491653
308.9110411853164
308.7657189109017
316.68635870738837
319.14112098985595
317.5668618663178
317.0748463725936
324.5039795390938
323.9022552649389
323.95114714899734
323.2842015010934
323.54643102524454
321.14937623715974
321.3366572069125
328.539450287348
329.18328805745557
329.13827597217755
318.74732018661194
320.48902113097176
325.1909602366548
325.37885880822955
319.69581409694894
326.67279397041017
336.7536143539772
336.34669609631493
331.0613245185049
332.11481912083633
332.14963425910065
334.0929010179989
325.6127970075987
325.0873546554781
336.17174906770174
326.5623472263122
322.6449521158555
330.5873899835567
335.51824970436394
332.0038673087336
343.3459482156935
340.6046886193465
346.9441989294582
344.34701199907715
349.36870732020816
339.22579669978666
335.2315595806945
328.4339503873919
332.02879541542706
335.7423246478279
324.35744804113426
320.09107906780736
312.14371995080694
314.44159922632736
319.5876733075993
324.8526963823319
334.19736498107346
337.5518021823639
337.4765299872421
340.69829923024906
334.5796239125525
341.21882184092215
341.33328715725884
343.5575950135284
343.07367571547803
337.35497451610496
331.637391474664
339.0444250747693
339.0830616297723
345.30438959959093
345.4649874645011
356.5609101265582
351.20973146633463
344.7893307198977
336.36965964449035
326.09260878531387
326.0593625312987
325.72506810019166
325.67365929258386
326.8585599013639
325.1738455334114
318.8706918494862
321.7587453847113
322.2854152018908
325.0558132253667
313.8469895995551
311.86712112986186
313.14407634739405
316.36625798432533
320.76590297885457
321.19422143674586
330.6871233599397
330.0836095937308
331.29106513455815
333.6954863959511
330.52581145897335
340.76165866326573
334.65782883585246
343.6253263485085
344.32500252551665
347.5974433365262
343.3274565760236
331.2910442128664
335.820282654347
344.4838774821816
346.9827230106384
343.7857125298683
345.6084316779861
338.217620214893
337.89895006603797
337.60116517026404
335.29824970685155
343.3167119530843
334.1588294662353
330.6623044154053
331.1678468464568
320.7575621511687
320.71721366494097
324.1014776142402
313.0758570217313
313.1414981072476
315.50511848681975
309.33734510701987
311.8881295714007
316.25641190231994
313.2324207340269
323.31714093415906
323.47651913209694
319.34748527057866
322.4462568744264
321.25961616974473
326.43044598386865
321.97061095132085
327.0414466013144
327.5061056294531
333.91183166318973
345.37081108340595
345.4056480523438
347.0328820013942
335.865508790779
335.65151207344275
335.09250072298295
335.01808085984254
332.0484577535308
327.57478818988886
323.32046166388744
324.76149763539416
329.1192749772125
327.21301742977823
329.96927709662236
330.90811313894795
324.8971548755264
324.62917563255337
324.0610225070911
324.52014986411194
325.0210927863309
328.07919758944297
331.29013102581973
331.94254670404473
338.44403753464246
335.0898978095818
341.8113855500707
342.94238970066834
334.7934802922323
337.5047339743153
341.0806761894008
342.41975772643093
341.45805471485903
349.08350840278234
360.5646412192379
359.81870852500026
358.05601315932796
355.23101001782544
354.92283212624767
353.94514379238524
353.8563350108409
353.1955270522888
341.05778767199007
332.86917223711845
340.7330271618639
335.3561978334725
334.5849486477978
332.97022646007815
338.4703931268693
349.2311163835941
354.450546104221
344.0787486025457
345.99675862947066
342.00421401432004
342.27411756727366
343.6742534614234
347.35600931846454
347.73669533356605
339.780835389249
347.4405905495494
358.03554344356587
353.6819371699254
365.3467583968734
365.3061534133488
360.90185943336866
357.52466711711736
357.3745567951757
363.77689763034357
362.0563629526996
367.0481597339018
370.8352783797335
361.0215541978923
358.9129550505091
347.5855533708875
338.21909025742855
338.32791517269425
340.52424067635866
339.58966421048007
344.10206738518326
350.15045150880627
346.40588405167074
354.2071580856049
356.32834802974077
354.2929620839442
350.9940581965709
351.9774099883441
351.65464740076345
347.95720061892666
345.44146761871406
351.14527637042886
348.8612903429386
345.51785652596675
335.65712694146987
343.00049846428846
343.5935683713457
343.6280478040161
333.27342381492815
334.2010441896878
335.8132278236247
337.1583786203131
339.08693840368943
338.69316395510583
343.3872297045182
339.1399856674178
341.293333344671
343.41798833955414
336.31607664871456
338.1842127298319
333.36954425652385
324.26934611834895
320.71376837002396
328.18049026017593
337.67800617883967
339.17669881561375
344.549272715613
336.6389893594741
339.43039891562756
332.58942959721344
343.0895255962507
345.26269064065315
355.81257252863816
367.8882976921552
374.7227259885786
377.4223999972144
377.3189958287371
385.994359668985
376.9793844610354
370.4480845777673
375.6992034685482
382.16897466099056
381.7471718773232
382.7829856911066
381.7284186270283
378.9038346248182
379.2742225096282
376.6753538025159
382.3736455666922
394.85301744380905
391.27777049990624
378.1559387595766
373.37268670338756
368.4395161287579
368.3427160244579
360.75784842298907
360.94724831562417
