0 0.0
275.6131304721122 280.2282825453693
276.0752608944994
280.05722619257335
280.0011831800266
272.9305044045543
269.6194519110374
277.23602678753434
273.99621247553426
280.1305070094376
285.1731873656703
283.0434932821863
290.8861736757407
281.5342513096726
283.5281032379617
285.0474210608007
290.7008879254736
284.0248350458533
287.4170658882278
283.6460664244986
276.836479587213
278.36354824720945
281.06761084742715
283.5188786941832
286.1384138706557
294.4896136078136
288.8681936154958
286.6184320944008
279.97407398344274
284.45262843856415
286.239389732241
279.932278186705
279.6829154385621
283.47221627711235
286.847745578309
288.13843036067743
297.50477474060654
288.91565677307744
292.6923486664154
290.2970621296447
284.7686260053465
278.1401475209932
277.9354256889939
273.6394809382703
271.02370008173756
279.9706474870719
283.7161199697541
290.64776578988744
291.23791033622524
295.02463701893475
287.3124393672261
283.26763695862365
290.9500255205657
291.7649288018094
300.68331571661196
293.5656928403009
286.6567432732112
296.1354265246961
287.4661682916176
287.52830739532175
293.586913979363
303.7245335683432
311.2232904539642
316.51439873184995
315.3600815908514
315.2988692416747
308.66833630261436
318.78195046173374
319.2360824684156
317.8644346624707
307.00716926097675
308.3667202507035
303.0633425843155
304.8642739666853
301.0856678767572
292.24429139135754
294.56637120015415
296.7725514371037
305.8859125475852
308.15209954720683
309.6087128693016
300.7558569695148
301.24960525661544
304.79864292300346
306.1923275137484
295.68936060274046
303.4608690153568
299.5756810741446
303.66933223330113
302.61647798773316
307.0497305924501
300.0166618285111
296.3384166784702
297.80985960873113
300.7086178567589
303.3073068401952
305.99837895688756
306.8747326000513
307.2105670113149
302.6746406286882
302.8777811226602
294.61531343037456
290.6143015326078
290.57715575433895
291.05312211038506
295.1795368728979
301.0062344108
305.8898620191178
304.9436345284569
307.5094371749175
306.22118674676415
308.58349434343955
309.725615240366
311.7064413320327
308.89854047875247
319.71291849668506
310.73508673991284
306.18618580602345
308.7159300480449
318.78902163060803
308.9846602036752
309.5808559872717
309.9242964733683
310.1048098176826
316.5874296499983
317.3194738379592
316.3038926844267
319.02101830450437
323.8276452781622
313.75326288441124
319.3340359094337
312.0746858300188
305.0343748099085
297.9566010275495
296.47592138117045
298.5690984821708
300.4932710427074
303.43413917851507
303.6213284988201
305.5984515937083
305.76285300584397
309.7392447414305
311.25728071286824
315.419743543612
306.33395763645325
296.2805382348167
300.3954065761295
300.99982641908235
301.3912997043106
301.26969848250417
301.3001580438501
311.0465965617511
314.172830364219
318.0443140702133
314.8175565687839
308.04767871424434
300.0396032752228
296.2776692974086
288.0478177152861
284.1067190472777
284.9682338809664
284.61333177800935
281.4667378196473
281.81255960492115
282.0307426191666
281.6453295818527
281.48428948542085
279.4418430615021
275.81464461174994
282.8300980493063
283.00388454212424
278.7806405819526
285.5590843278513
281.5386691051391
280.7113583665264
277.64781057044155
282.88784331946397
275.9176645463922
277.4338500638825
285.6386048049535
278.4988854739764
284.5301725361122
286.2892283193629
287.5557592820141
285.5775977993087
286.2845887751073
289.6003313352638
289.2072230406378
291.75514431950995
289.8677035366187
290.7127575893477
285.9237186149721
279.0496419809122
283.3766251451822
292.9334697702878
298.5375182261808
304.9488524645272
300.70715974592565
296.99407819499976
287.80203322566103
297.16950809314494
297.111125367735
301.4867303423538
296.11715694807094
293.343478854156
289.3768986190107
281.10927973489436
288.6205548642668
280.45107032165384
281.110768567054
286.93303495395674
290.9839983018218
290.3844797289525
292.38809091142394
290.5572434348715
287.06210183231326
296.98732233189594
290.9883561304533
283.8227871082958
276.01977577589236
276.18070303356814
284.2102539849841
282.4597579844945
280.34792018024825
273.73773008694855
266.79652977405595
263.5956283145666
272.068660811347
278.73492072673776
278.96164385463226
278.8955825131
280.3492403475104
280.93103161695734
276.78267042416877
277.4152050403615
275.7934178991935
280.2889012528748
280.91330133090935
280.5647403188983
276.83156347228737
274.9420969120172
274.9776658295096
276.76646751042813
279.81461792425205
279.4739638127343
274.1462553233745
272.4733556340903
273.92794967136007
274.84856859205985
275.37951108284886
278.0364295153172
281.2455115752446
278.7594053789695
280.9486737920623
281.39462889787035
281.4343856285531
284.6317255988329
294.1072092187392
296.12976941751623
286.3932390404235
280.31902867846844
286.0866548065671
286.93465013928045
287.47101111452645
290.9283375540029
289.06412365239925
284.1801791127748
289.363058544802
286.67493523234697
286.7062566822316
291.3875421834937
295.53786101020614
301.18068391677497
293.1210689538014
284.1181150633193
291.07931436117696
291.29004521646993
290.2971460711575
281.0350765127826
279.90526956548854
280.2547132976893
273.5273506219675
275.10367029416517
269.73965182304886
260.89509848045947
252.06713050019061
257.6658195675363
254.96174572829435
257.1199184071658
257.2226343888241
256.515525942094
256.6610720094476
256.98907236074575
255.33119624812284
257.05724403122116
260.0247059767429
260.3381779803207
265.97936532518384
266.48633102622364
262.18687183948674
263.1621891855975
263.8019537467907
263.7628368533237
271.51727269552936
264.63633603993713
264.7156046273395
271.82409762092806
271.148479488139
278.3371871732199
275.0169783121714
276.15694178176784
275.9914014831637
273.9187007761589
265.0726108431547
267.6844689457414
269.08559813508487
278.11083261749644
277.0144717050836
278.80958215747194
278.6327261836273
275.90893011218486
274.39041192389294
280.5444404990309
274.74522663116284
281.35974504348854
278.48340400305693
281.1896306037282
281.63295517092826
291.1038497598952
287.40465168160694
295.9606593461248
288.938379413502
297.7609076283426
297.7284587570245
293.51451294058216
293.5623714935409
293.67377240047267
288.82985022605664
289.1129188501258
280.4553327123403
289.79537349895656
291.17341047500395
284.5302252046799
287.27603310217677
287.9862789040536
295.1971981012375
302.4271062810377
292.00044157330404
292.8590083595825
292.8223058874341
285.2030819334714
285.05138231078547
279.72972781907765
275.29450188561754
275.4528486105544
283.3854637323122
288.89044687337116
288.5499278164622
288.15768040137146
288.4602186534427
292.84560653011823
288.39215125768163
287.4728977133877
296.91684015867287
296.9877041987442
306.20410995282924
316.2543135979638
311.859098747317
306.74104332761345
305.26806308413927
305.2353382872439
299.17865861172834
297.2713499028105
295.00209184756045
291.6082969416098
291.1283679089478
284.0712164827965
285.9532888210053
286.21614260206627
293.10245512500404
299.1459174059586
304.417353699218
295.2609568210927
292.5748841140683
283.2441050328317
282.54973251184
274.2415116234703
278.20216805281177
277.81683610111645
283.00536392087025
282.31876190456825
278.6726982321781
284.17311960195946
282.97441392397184
283.5662148374741
291.41100148435976
288.1267575163979
291.16247468778073
297.87963972240203
294.69612953329033
291.0205502588083
290.9036671266551
288.715753238109
288.6123765131263
287.8241232601452
284.07824143123196
293.89440137272004
301.36711762914825
298.2300111362935
298.7724084201402
298.16983096857945
297.662945548017
295.32968545418316
289.38406299906137
289.31741978540714
284.79131744080183
274.878400350791
276.7655894629608
282.8008709966857
291.7579762451751
284.6345312843604
292.7492489301074
292.61233642405745
288.8317037158969
285.23676203290813
279.69167813734657
286.2446694588906
281.88561932033906
281.62324829298507
285.41607986823163
285.372124413783
283.30386053792904
273.46630105029
273.74782772866354
269.8184366516823
268.7233173208508
269.9449590092561
275.9624372085615
273.2217047475352
273.322833221882
274.2579074491911
277.0876451330194
276.0753355634548
284.585445498845
279.08020096124363
279.2752198073214
273.5977775948255
270.1960781084929
267.1735609450793
271.37818857063445
271.33666012847664
268.30992888302984
267.85844479870394
262.9583139306494
269.7351767540006
273.10400520804603
272.65223672007096
266.7255099819715
262.88933025255847
264.46791912334334
268.22562325370984
273.4700561452531
271.41379140615487
273.75049648533184
272.902435479962
274.1058313876271
281.7026806648443
290.27224416700403
286.80160848923003
280.7179604568845
275.1930113525102
274.9351648460054
283.58526750294993
283.46254354959694
276.26313034890165
268.1897578720179
268.0461839251132
265.8852835893381
271.5617314604524
274.8137335732701
271.99532201988603
275.88087160720994
282.9267142259704
274.74290291490473
278.2605179845841
279.58702255334276
280.3613981614197
276.7302337654581
278.9600068506057
287.64227901417513
295.2405823056355
301.5319270659879
298.21375736692283
292.3651381533277
295.88930728276284
297.6509012827906
291.90956820009336
286.4996899905477
279.92727252325943
280.56414782532283
273.68428140690685
280.424411249977
282.1565532815596
290.4649276257848
290.00981326710695
288.033413839186
284.95528104373494
284.2288708380241
288.2950931799629
288.4163041276954
282.265493151623
285.78503093759014
292.2689319427766
295.4141827396287
303.485421804706
311.9656192267254
305.4424788516066
304.580325738115
304.46543719847216
304.4332581995455
296.13542124068476
287.57393653229985
288.07857731321405
292.2449803998703
286.6454772468265
287.16707380833725
287.2013753022685
287.2304512141998
294.32309078582267
294.2736878406415
288.62572101942175
291.01442010094803
292.90816439461213
283.93976587252564
289.9115598381321
296.33987400174294
297.90540124396875
300.21601413641173
299.2688742355537
298.13733883130897
297.55499850693604
295.1260994272221
289.8480336245599
290.89784853057347
282.48707889431245
285.32027213639407
275.6353580506574
281.4319722126043
282.18012905020294
283.56805907553724
275.3738131872268
271.9876958585285
270.0565230236496
277.6805813331253
282.56534144775077
282.8213677287098
287.31602559165174
290.0119281806301
286.6686633701142
287.40609503223385
287.73180500687175
288.0168983880737
290.985768879595
285.79791134138077
285.692744543296
285.10260357074094
285.68881325941385
286.9061120652031
279.6592177181084
270.4868475230466
277.51685165981024
272.2220885230549
272.9056247246763
268.68652424108285
272.8616398854356
275.9578787483387
282.6182801239746
283.901057795628
291.93214810372774
300.9058635906589
294.22397311617226
287.1820945093865
295.60621471864965
295.701316711249
290.1796668610011
297.45476000271896
293.03803030612266
297.3480764170655
297.18876802043263
301.3183898852253
299.39058810079484
291.85444978189344
285.0734986044951
276.86128595158203
275.34731860109355
271.95563995097484
274.76801425758146
276.27806307377267
283.64211471224155
273.74968054529813
272.29255616234246
277.4089477866763
283.00557247000285
288.6244937631951
293.01789241013114
288.04282539872963
284.3437199059089
280.3624273054586
280.73143659960925
271.0853487164295
269.3368450392414
270.5407694901171
279.4158480402476
283.3805895836276
292.35657453467707
292.7495917381763
297.1045257336653
295.0630191571972
299.4969851064856
294.1528424770891
303.7176908619245
306.75077910410386
310.34476799243834
308.368594882432
302.1495420662614
309.8573955785851
314.7277344212719
307.0058841938196
315.3594767766657
324.6340658701128
324.74275800896714
326.69968784117066
318.5360743779571
319.502834032582
326.2238296991275
323.41743779743916
324.84038227525315
313.58043837240933
315.98836330307444
308.23547269318095
305.73318486294477
316.1228706427748
309.0432311611627
310.2917833471148
300.982330617666
301.6451112137727
301.4118892853183
305.6317629225771
304.69313256648496
300.8442109479355
301.8691667612299
309.4419587716027
306.61135589076105
307.26353766467435
317.9697070822208
310.0560228847458
319.7126736321618
327.2643937382813
327.4888810253943
323.11798198998844
330.51792303747794
328.30028595156267
327.90759868948453
327.71990985008483
328.7804774203556
326.31722655359965
321.415808173873
315.3314118682681
314.78475152070246
318.32301854412424
318.4008995656915
318.03918970060533
312.70445369507104
302.6685225487652
302.4242347132522
293.6129694169748
300.3823987736645
299.8613681422223
300.27331571669356
300.1581548080715
307.55648743306426
305.80440909063947
304.20020741158413
309.54199605600706
320.37468178988735
323.700310759611
327.5885801635988
318.2454726402416
322.89626357265644
323.6201982246354
314.4258629177019
324.18838342872493
317.5570484487383
311.7085639022112
317.4847544026974
318.76194086120574
323.48860541404247
326.9076100122225
327.6906187269167
337.1927843199371
333.9896711408748
326.3466891132466
332.07930796418447
324.1744491281068
314.86364215395474
316.10792972789966
316.562334803324
323.3408585849777
317.0256268737651
316.4904061000535
311.45004030679763
313.0263757118779
308.43658903705216
317.7596043481169
320.1204980849949
318.0740925093727
318.2452780273465
320.19023534807064
325.554824731063
330.0956249030379
329.5699708561344
322.91773003738746
322.9508007454204
319.6264069628907
322.2184498764129
322.0406200182665
326.5650577767781
319.8473668386869
313.92210154295935
311.28882402323046
308.1811817661389
309.2223795141852
304.38351327295095
294.68719806354034
285.3999705806431
284.8167776699704
283.4686029667485
284.43001169420614
282.9845842796239
280.0391914483422
283.31984051607895
284.99855369007247
277.047228575367
277.36468308350777
278.2198465490578
286.08352118584617
286.3764328964537
293.9173297655988
296.4337691232209
305.34081029001993
306.15966465759885
316.45343013449036
314.27704163485856
316.00457113823154
310.65028903566946
310.9346663994104
310.9748430482238
309.7984129405163
309.4682167771301
301.5545993164031
304.17053018273657
304.6980524405777
303.3890396843544
293.97232542362974
290.8425019166832
281.70163759465197
287.84081804948
282.44870698464007
291.7446885024909
299.8231774956607
295.5421865301298
299.83358134501157
293.6766902147145
289.7728201563977
293.7104904017766
303.6462825926147
305.456441197511
296.16633495730906
302.99088803839334
301.82785392368487
301.3857987450628
303.00805921745666
301.4011875587109
307.9809560639807
309.9369615917858
316.5696415737884
308.46126577611096
303.55046971616366
303.84445571199865
298.6962701404025
298.58990781488797
288.6030844180668
283.7287481206389
292.163497731665
285.3704665702091
294.7364936486133
295.04369953536286
304.1757951585507
308.31753508065583
302.33797022880947
305.2019949097219
307.7291961466656
307.9496050621706
313.23623058283675
310.90191436618943
303.14795908969273
303.8528782088222
308.2675491769052
304.02679291074804
309.66390711824283
314.5667089227299
314.52815701424186
318.062070834164
326.97345104861523
324.16858141785997
320.6910620058727
318.58204212329883
317.0574874385634
316.87050233318007
326.27657864132715
322.6124253091056
321.78442068318907
329.596451712807
327.79781076278795
323.2028826495101
317.94406452725894
310.1699302614553
303.5042795342362
296.143520147763
299.60120982570805
297.5671057504981
304.17157431785364
314.1426351293094
311.79150028846186
303.9401517893246
297.81098795181396
298.7439201085452
294.833803950344
294.2113972124981
287.05150337454245
292.77454721123013
292.7174982768348
290.6357468232293
291.61771303584953
290.60302004642085
289.04824394965345
288.7783958263454
296.4782889543622
289.38516547165364
288.2921331615431
286.8690576648595
282.4589869832846
275.64648888809666
274.64739216225485
272.34664176442
271.85066575750113
277.7231682889228
276.57902088428835
270.96806605891084
269.8897652489116
276.44878934142184
267.5671505745181
265.38771748822825
269.87835274790984
268.8235312665811
265.5189281816902
257.17100714038423
258.34607480955145
262.4591785269785
262.17967779268093
269.8071040753599
264.19127267945385
266.69878707412187
263.92182745710943
268.302449870538
274.31241988211775
281.61438463343285
280.39950017550996
271.73684178195936
265.632326356626
273.25110100581884
270.72522001731807
275.3943378417865
278.72781895545506
269.58201914263
276.5924213254497
283.7054716039731
278.79884211904454
283.851698813158
281.8404277625925
280.3193306299372
281.27168766855294
282.23069517128533
282.99592505728396
284.57002471339587
278.14124455862276
279.19021806874684
279.42713771821997
278.2685125381478
276.263442527539
268.61771361965083
269.10259399483886
268.2530541812175
268.44228455249987
268.6680132813464
277.7629226653976
279.749369133014
283.009156174904
282.0951631631446
289.1416094923185
279.6891231521502
280.16124512359403
283.9414512411397
286.578298949157
292.7254044966707
289.59853952640026
287.01091412562465
287.5186375847703
295.43138978487434
295.8343965990912
288.6069740886238
286.23624133467575
285.3944857154778
291.05414330063485
296.64306901908657
286.932884510524
287.30312111608384
284.3860298575861
285.32855473789755
285.84164626779085
287.6889521880619
286.86892552414145
285.24522611852643
286.00611459431826
285.78051734111625
291.04717533575257
281.4950277024184
290.8462718758337
289.2737936699959
292.1531568259974
293.94616872630206
295.3175018152067
292.980073536324
300.5034849954677
310.29687214853607
299.5954346641497
306.0835841509667
295.925333996873
297.32589071701994
294.317814090717
291.4556567690477
297.9966645117182
300.32682103518925
298.01937124999574
296.9488896759734
292.366468371556
292.33175057166125
295.4530375630189
300.3223401218525
295.90725805169035
305.01126119917905
304.20618231795
310.28032213368033
299.966827778778
306.8278135164303
306.75217647144285
302.6826198426293
303.89156602669686
297.1642461418181
303.3569005234074
306.57976335713806
297.0091808854689
298.326056896054
297.9709772208929
305.5624585780303
315.63564479817984
314.25303193704565
314.14367529538373
322.5524251565074
321.9927935728362
321.79687874809616
321.6447024700123
316.1641925184863
324.11424253068094
319.3104873712714
317.6034916266596
315.760284396935
308.05455244173135
300.69499859811356
303.8622354961045
309.38881632064533
319.2244207221308
319.33304896417064
312.6691246149308
307.087400380108
306.3604346086154
312.18559060243814
309.5465510724252
301.6340473927062
304.5415330911875
308.41690233505983
317.76964422273727
313.67345340773613
317.8727855734586
319.3020251318085
319.3770487150045
324.5109292623134
330.39495517178653
330.7440099206
341.58707147870797
336.0603639754704
329.36147819491123
324.4532487614306
316.32642635194196
307.82247961326806
306.6596818951866
304.428765444739
312.3210005182621
309.82618250505874
309.3643308090258
309.41036619183217
316.17510257008803
308.84112496880397
309.3292782313663
316.3874332708157
317.4025084383858
319.1377793443839
319.82950665248234
327.2817577787448
323.65537095105907
333.1632738016945
333.08482164017767
340.87100168226857
346.5134702151813
343.6972207725818
346.63330954198085
345.78745259781215
345.1748964115479
333.8451152382492
334.20993747425985
333.55614912843845
331.15475795922947
324.2318070961782
324.1319607871979
322.64622178455386
316.7030564071578
307.7315472313545
297.85058477237203
306.06650736057736
313.20843095892997
320.7536674732197
330.21814054037355
333.8082717798342
344.0995020837536
337.3857320365349
338.31289291739984
343.9140671299655
344.03045019679297
343.2893444012507
342.80828528210907
340.52702047431075
345.6315084860009
345.8133221326027
347.686495949101
335.88293756606737
332.93610948161216
337.47041714401854
337.35976684859185
346.4848653431023
342.2876151251371
342.25338617002865
333.08731794978934
328.7887226345683
327.6835518221709
332.13276167229196
329.8854779559912
336.7918164325589
344.4964344844785
343.86595452644036
342.61740033519993
340.4695862068367
330.30701320908554
324.3611923571863
326.036196204308
327.6338009530729
318.29274614272504
319.75965593296615
324.4140881008715
321.6894307341839
328.3121336619915
337.4626464540481
335.96847949278646
336.0034602678225
343.2498808039865
343.2006111445553
333.753773669132
331.8239951609105
342.37491631355476
336.31228773288365
332.31388992882614
343.1902364128057
338.9312311329945
344.3809461379723
338.6443322947464
337.2845488949651
340.99328573606726
341.8357197174247
341.79266281094476
335.8020265284815
331.5757065640005
324.0169713725145
323.754310673455
317.68948072415503
314.4179622972524
305.60538762276315
308.14781476074313
308.67095024438635
310.3069881635051
308.8943226245192
298.13157579064796
300.85014697204605
301.28707379524184
305.04566006441394
300.2368893067297
300.5410528149297
303.79223513702794
312.9685378731051
314.7739249915382
324.1791126110923
319.72226340271516
310.6325945376826
309.19825117319834
317.0991744112195
309.72578182007544
307.9372129249702
310.28778703086965
306.88161559952
297.21057473671317
295.8089756036711
288.58401668175344
288.54412775294065
290.14169018176824
296.0080785904736
299.88640847763185
303.70911697072245
303.6360776206694
313.14134639822726
313.02210175240094
305.7816034699719
315.64541638777627
312.1421055351233
317.7536762250391
325.3288528453829
324.5964882374994
323.30984015465714
315.6825513926937
320.80651734564583
317.42376704106977
306.9110637255228
311.8937096788092
312.07052124478616
308.2018704780347
304.1915882226643
302.38620520127677
297.7530489305814
305.4031290089881
297.4863398894593
290.60378335035296
299.3748573530972
305.92371817269446
304.2676996098251
307.98439993636384
314.0360840365836
314.4083538115726
324.2069414937306
333.4124504048841
342.920767610235
342.3025660235885
339.3997829584549
338.33180723070063
338.2272635731998
338.1763793424882
329.9080262000457
328.45908241766216
328.375794063386
327.0806634774599
328.5937651205927
324.2632156041801
331.34837626375355
328.7739516342082
328.6915797627777
328.01225462423815
326.71880660543655
325.8668082514229
328.7857542603939
338.9086811193962
335.57216054800955
333.4313614024019
327.07328168092124
318.59449621628283
327.3619862555691
327.661138766993
333.74579813877307
336.7413494604224
337.6267888381656
345.30601692564926
340.1575429670959
340.1229309204881
337.81023479396544
339.01220425986435
341.21470413397
344.02489812151026
342.1429803073313
341.04876267619983
346.5225753146482
349.84926268294504
340.92247101059087
339.84012904281195
339.00135312981695
337.38222864890764
346.6241734818121
341.39547932746876
348.21256197382564
343.36162424935077
332.4192669384164
324.69516864631214
321.72718810107045
315.8525859689332
316.5333641027807
317.36267202075237
321.9923321610153
320.916387942753
325.3479268468347
329.56984037460387
330.62970973679006
330.6947837107553
320.22248982179894
319.42480943555677
319.6548414135722
323.89059793218837
333.7543869881482
335.22616889846427
334.38728914302806
337.43898479446375
340.44005020749404
352.32765161609416
351.79578872971535
340.8521005250794
330.0164998111393
331.20348720124196
323.0508440199197
322.11660944967974
323.55488831083056
323.77891585742776
326.2614169676063
325.2127398849887
325.91680030185233
325.6778518888327
315.91753468369103
314.78677150527494
321.0655198841644
311.2833841153811
304.158020151471
299.1681827074461
298.80300993030556
295.7692576079752
290.7939704330323
296.554895836664
291.398973094605
290.5492646927055
292.4869381295585
291.837793234954
293.3810704726246
300.52832590126275
294.33837921625997
295.5679498130358
286.5607160850375
288.8225874378351
288.9338715424953
289.7223137059687
291.6992280777039
291.7596182153932
290.9391493541594
287.02322157293344
288.74965328858656
287.62460800034233
296.3612624955848
300.0251590631903
299.7744881716615
291.27098889908575
292.7079656991655
294.9070748653134
295.3965797627616
295.0275627184018
295.4047590105991
299.9237912960403
293.9765710720002
295.18207642199593
295.76474569888353
290.02334693087886
291.08187506533613
293.0484195259112
284.34271123070994
279.10006263942563
271.5046949217594
276.5993599347097
279.63956024013856
280.8744164429209
289.53501879326006
289.31473829941643
289.5143930457947
281.1301334589938
285.96172672336144
286.038792071414
284.07754740866625
286.8218549004174
288.2061845592542
279.39381179037235
279.90284191053945
271.90118167621876
272.193884552571
272.9078150798265
275.8214629273626
279.9728682977915
274.754559936269
273.4384888320319
274.93902650771423
269.45615921803187
271.44127300746896
266.8251929115687
265.4683615502135
273.86852073934625
281.41224161174665
280.41529224038464
280.1738364634556
279.5658708305447
279.8060984118232
279.31244497405515
280.3597734992636
277.2464493896207
278.3520887168531
278.5991623039272
270.2225291002767
266.42555470450264
264.5874799191995
264.54694461628856
272.28702773884606
279.8526274829248
276.2160227653401
275.8086380833685
276.04700369513796
274.2585769302642
274.496761877654
275.50418136988105
278.04382053864015
278.11342249086135
286.6619640565482
283.4470100161754
288.0187446140021
287.6756617263162
288.2801552163405
284.1351054575266
290.6662350647119
289.49949098677604
287.08587094350736
278.240948223857
278.94648162038874
278.22954259807506
283.3166320918031
278.0486647401937
286.37722395307065
287.938824563201
288.6071775610731
283.71656065462923
283.7493745467677
285.7364721819371
294.54734471870495
298.17770667409826
301.4754956227063
302.0126513640462
296.86178961880563
295.48381118043625
285.683817448291
286.0664926328016
286.5541195631009
285.0151861945638
289.5036472634294
288.6831315341526
287.3190762719872
283.80056243897786
276.0531997221702
277.9388334669184
284.74832822887475
281.85758072563505
284.6117282469065
282.69889014173447
282.09617550740734
290.3061930420202
284.9858592966182
277.72167940565055
277.52479726493067
277.6020565209852
