0 0.0
250.1040969062352 246.42147931798377
247.5794002659068
241.55762686264316
237.0221760906667
232.1602560054117
237.0028817777652
236.9365482326314
231.9514420404864
224.326994350418
219.05183984012822
223.0071232816335
222.88298322388712
222.17284006932712
221.13293804014168
228.14682037159437
227.6690503498241
233.39374865110975
225.24948158995065
217.65917699431316
217.9991215937421
215.22413812440382
210.6400068384278
211.16305791271287
212.86970422541097
217.2394898626468
222.54051028247693
223.39127179436593
223.91489296776336
223.9475290411038
224.01087943468886
227.6295584260427
223.96991739003104
224.01506610687517
228.45705811094888
236.44773721719918
235.3726591414705
242.82576587226976
247.76428479359785
250.31253013600866
246.39362947584934
240.44874977436132
240.55994006163436
247.2339673504915
247.20910692149164
243.90085998104817
243.71445207616864
242.8662788290884
242.73768701147486
241.06867126109378
240.85562695521799
240.79606770032026
239.35333969166976
236.93144633504252
229.81062615087637
226.00252272762145
225.9724530999036
232.51903302717827
238.2359534866803
230.73912287547643
230.7686551787305
230.2985597777561
233.76538079299593
233.8841158926833
233.9657474100725
235.03074984231512
236.2052044225285
243.11329621855327
245.83013138806768
245.1278650207336
248.69450254976186
241.57623349920846
241.9932705928696
244.19761769545428
240.97623188727755
233.2752868944983
231.52871116845978
230.4428098534605
232.11862785196175
230.24487731056158
238.05362928860018
237.54451031354242
233.82482542323507
226.39359023786528
218.58005733580825
219.84046730789618
221.34797969303523
225.57287613809348
225.74340249633866
228.90804417315024
230.5338250752326
233.7330340775588
227.88882354362707
228.9776712352563
229.55810847384885
229.67407803509448
230.4196478140601
224.04933850183647
220.98847490131865
226.8680112575227
220.31241728572985
221.68289943651516
216.42789235067735
216.35226566377784
216.79044085579577
222.28611181479943
222.9727178170767
225.19513504693305
225.62027206639172
219.81099011468612
219.86887055508558
223.8513407016573
226.90940386961842
223.49445720688038
224.21693107149443
231.1069068309705
230.5023397854561
228.60782588190602
229.58007989535704
236.17525448171608
236.65297372188118
236.3979805138164
237.72834256297088
232.97565747250113
236.80834673801868
239.90377684538132
239.87400706721672
239.2347974792108
234.35693943651384
235.40124987762988
235.73710844384254
235.39093265693498
237.4970184019108
241.01680528299602
239.86185798415536
239.54857962418137
243.83616109606805
243.74254020024307
244.30126536083114
251.34211348085233
255.8619744553301
259.162951981559
255.74973936545797
247.78619807833914
241.38536341053384
240.91339896995683
239.97425025477943
233.05246798670277
228.48504617363764
232.67890117579472
228.52609739964646
232.09526710515635
235.0987396222512
240.26540742359776
234.32369983771946
235.30228307793035
228.25468123149366
227.69311628569764
235.30717451281208
239.18449278043457
232.87216486363482
233.20382928819546
240.17664611432673
239.29316661231692
232.20412084359862
231.7431861102307
231.70974955941614
239.83081400060004
247.25010103880032
244.29987079770518
244.22953101530322
239.6199559030145
233.90988227600857
233.76182011544
227.64145971021824
224.67348572629234
225.62936208612066
224.7744466245236
228.23816068985045
229.01363108924247
233.25879127957728
235.4422749701329
235.4665240073097
236.6873720945458
244.30559721662476
244.95407489675844
245.63138625549257
245.539718061349
248.97308175524472
248.65152875903476
250.02980228778554
256.2466038966523
248.57125135798435
250.3537260119357
250.25645459700266
251.45670268619082
251.2621215918254
250.62687137976886
245.447582100775
248.79476376199338
248.6355461006642
248.92816066917746
246.74555183155562
250.17382760280066
250.1428199925264
249.12099167086765
244.08660961446532
243.91554617600605
245.3697467562208
252.542093107452
252.56885661840036
252.72346071369324
250.9550713630034
246.09120215238372
243.88609509393953
251.5242045862925
251.56626889281375
246.89688338420788
245.417099221129
237.11608696746183
237.1440243208395
237.61029525701068
244.6995709856409
248.05755621150726
248.92190233192022
241.260137854361
238.04812702741384
237.521988728052
237.549819730215
234.9433343421374
230.98806567994842
229.54506238479098
231.64571623516667
232.3790676179981
232.30436692460196
236.73623498611636
232.45897464421122
239.40998609586117
238.92460149055665
244.63326417087393
244.76316927032303
247.23536521814623
255.83220883647323
253.44291403377534
253.07503618883112
250.18625278560958
241.8455794473369
241.95800458024885
236.04189558478305
230.43797392539128
233.50211515037986
234.7384395907645
240.48680330296023
236.93236251457319
231.6070887712805
224.964848892298
227.08224793398765
228.98894129699266
233.27903725453322
240.6720527393517
247.89519648415663
242.50593868466575
245.5108714875131
246.37778367695634
248.14183372286965
244.04978163098596
251.70332151361785
251.4687927712179
243.01219244140069
243.6577260377284
242.884640961027
234.53446373058216
235.42251267644414
238.02974367871164
238.10289897281663
231.45803325271416
233.491008848083
233.62054711723644
236.47602711718915
236.86109677078255
244.838047834222
238.80652893897863
239.2865270985717
241.48951026259334
240.50971813312856
238.37786709973105
237.30243820766287
236.75391576191888
239.85898628795965
238.4827662957932
238.507482236865
232.96034686093196
231.5583615513583
235.27669054172245
232.04936485209848
235.00596644238303
234.91056158853198
234.15437741412842
233.5153475655691
233.47080468028292
231.06137310362493
231.10825876641675
235.77259026716862
235.4402366697473
232.40243834937453
230.95523574852317
228.61670727123206
220.61952165978045
220.31145362939657
227.55275001694164
232.711072272821
235.7634369753381
234.68814375484325
228.86497817903935
233.82167285041083
239.4786935945334
243.8506566232734
243.80490996047615
238.77606366342138
239.4681424409368
240.88884914079472
241.70331295280081
243.0159244283209
243.93204814131178
236.62793789566817
236.96799879679463
240.01954703746767
232.4212515749362
235.8489078618631
241.36032985164977
248.84377614759848
246.31752325310507
246.39315035092946
239.3329265617069
236.16358231335795
229.6981217073351
230.27798264612454
230.44141714290137
233.31521933114394
236.51427427088404
243.55239652579007
250.59212011265316
256.7904871303741
251.8829812491255
248.99877540954856
248.2638638978175
253.09392899957936
251.86314573999778
249.16445182145594
247.5597818284969
245.60412865154365
243.54940727857726
240.55606413270246
243.11767761542455
243.1422531977496
242.41545888927075
241.32359884519116
241.26196022690195
233.36682385071958
233.50288858235461
233.58956260554606
234.94385343747874
239.20321172255217
235.6988452652102
237.9473611116728
242.60521983170446
250.54817178611032
255.255214458601
248.941413781495
249.26894579510136
250.60278753141685
249.3398413697089
255.78266758473544
251.204643395787
244.61547335114528
236.66337777714512
231.99785823220168
232.49353098780833
237.8639289960238
243.66353466828576
243.79259108736895
246.6745582091535
246.8071857383399
246.7675681111732
247.47275689777484
240.4958017108455
243.39001063779537
250.88301075002775
255.50806655995424
252.8150877468551
255.3497188647574
248.67645657609665
248.70730582591364
243.75509258692213
235.2712832673627
237.7805045180766
235.59259445448942
234.83367745427668
235.56742606951298
231.21945952827411
234.62952056030667
234.89547968651036
239.97469690244537
241.93658375847042
241.98347947470987
247.46645003765875
249.58658195393875
255.03937863585824
254.86134079309744
256.6951289535906
264.0455498824624
263.0138371368078
259.8047447873674
259.5171086968956
259.76047056169534
263.0617242965728
263.2561613888484
255.0686582222333
254.64428640017132
261.10405872833894
265.89065651149264
262.115600598488
262.2081305923783
260.95958764550045
253.68051443664334
258.9650807506317
264.64820149537985
259.45137002102547
260.7774785335314
263.06456038989614
261.7273834854605
267.86809562355353
272.4890996121101
276.41847536261184
278.60535991194723
271.69005283462405
266.48230201175016
266.6524076777532
273.8977917256797
273.0613972384246
263.61670757325766
268.63050321109165
274.59875220210245
268.1686460439348
276.70626553759763
269.8855839901854
276.5356026384319
285.0056172631087
275.6022744031316
275.52702988895305
283.9388721993173
287.31481163866647
282.893778969236
285.1487776884281
291.6022349559436
289.02948872757275
284.00465563968805
281.2305610086574
280.25611372814615
279.9170316274161
279.55373343364613
277.95139655801074
277.8582387444491
277.30975198113947
285.0601310017197
277.7785248053465
280.8619051966924
290.13602701682504
299.91204796653506
300.6497692415103
299.8417483116516
298.7313934032133
303.63251088349557
302.7217811827831
293.04177379302297
290.60390370072486
282.88388852656027
278.5767603894313
275.09465955993073
274.05602204563803
273.8752153116345
273.0815304604354
280.66316509829676
283.5050260911663
283.1907341069513
290.07524837778993
290.3628616966857
292.75338344159235
298.57938593813975
298.9747482528799
299.533632561637
294.773965106232
292.86236549210247
301.83869815478187
303.4753158502356
303.12983299197094
310.38015939370854
305.5055790432233
300.5758393956619
296.4056293630062
298.70597487047473
307.0140415058071
305.4788679725711
305.62744414415897
313.57113395950597
312.58627833552833
306.08064584025175
297.9202460215514
287.68575253188067
285.0938640232141
294.19102531181574
294.24730390585495
299.4634821452208
292.454659013453
290.8550229983102
298.80581437823975
296.3514615085231
300.9996004632217
292.716733340303
298.9517049269014
291.1038924614396
292.0040337424019
296.1939915906202
296.0999006816868
296.45329863709577
300.5902342145008
296.6530083631679
296.5621464691743
286.4641164202837
286.51731656190657
280.8009072470251
285.88852649146855
295.53888964283635
296.068728087606
292.9717800534817
293.1985835205403
298.44708416656744
295.87563768819797
294.6974481940697
287.2507042955326
285.2577911906928
281.85162018532657
282.133657666418
273.1147313898484
274.49012999121766
279.1817232911872
283.80638989868135
284.3981413085779
279.8947936830818
285.92413664410424
292.52148448958815
284.413560639305
285.87106713095585
285.6125138449184
288.5187731427522
288.7686194906683
280.05027978132347
281.7180003393031
283.6743090319368
283.74257740310026
287.50795554002235
288.2215966018353
282.8382184099509
290.0046007991408
289.9537409707974
285.7688953706819
287.22196103145797
289.94350961577516
280.0648068657349
279.58282940521616
284.866012807403
287.88813608975835
283.3674132939567
291.6284874740213
286.4662025263873
284.31188275385404
279.51247266291244
276.6519210453979
285.4782726756708
277.13234731999046
284.56882577352053
289.7911313211561
286.217403647356
292.671818993947
293.6959443529933
285.8802657642827
288.1922014636813
290.27029993552225
299.921005293835
309.3961160445479
304.28540043671717
307.36191889493415
307.23038780880466
306.7946647363341
304.7399292239044
300.22384433420615
295.68932894178596
285.32193271049823
294.8673016128799
289.4649350951216
281.625300660249
272.4544745266813
269.2127387018397
271.11111209250316
274.49410052392943
281.24131730613556
274.0152768792358
273.022268057578
266.8196803881171
269.28107163372005
271.1505906432334
271.1164942414668
273.5986696248413
279.9219720732772
275.54549568148366
267.6277870135372
267.5957630860202
272.64830281684345
279.64325276881027
281.6274088234203
272.15766109247363
276.84977036140975
274.41794321856605
274.9785282054205
279.3638863271013
276.29024164608035
276.49182802409257
276.52471265502123
273.19240439096166
277.6554526533628
284.0605929110357
283.6583716379601
274.5282005383896
274.55737426657083
282.3394206322985
285.42976470119936
285.7758209807692
284.7926807412541
289.4794756740208
284.8451341825082
294.38558683413635
284.4089835273156
284.713078260249
289.2897224418704
283.066593990504
283.2119336748204
279.6632470702668
280.12710236607813
289.5125556641955
285.7400221334934
288.0529381066737
282.18072030349003
278.22688295903816
282.8599089331705
286.9597418927914
292.96061575668256
290.8035347285106
293.1967777423682
289.0994484232229
285.1684621248557
286.42316674381414
290.20679443777414
289.86324988450826
285.189951983966
291.4792224673597
300.23790077261606
299.7305986086534
291.5185210771313
286.4424073122754
285.085940887664
278.84077439683955
284.9762542636689
283.83959430385175
283.7968660913175
284.44703217562017
285.39673848329187
284.4034303663838
277.37194957951704
269.90293429195185
268.7395789278783
268.46576693066254
267.41626265829234
276.4480179008194
277.5649302003826
277.37798366614345
274.86839669228783
274.524826251282
275.58250964584397
276.1786766850593
275.16826355588285
272.7449210469185
264.1934060891504
262.85148171016203
259.4028122091574
265.01553678493786
260.76174001533053
267.334022074618
265.0176521287678
263.2315547567439
262.2410423472243
261.3283416632719
267.28784346341837
261.7946001481858
268.7029010216992
268.4518388147175
267.7764309350396
259.04846329425544
257.45214876951553
256.9094979995431
259.7548188246675
263.7254916834251
263.39103445852805
263.1646386788423
270.58978347434294
265.6890195317799
268.3723604339301
268.77674404705635
275.7231041458617
276.5921357596134
277.87165950178826
282.248947106102
279.15164547488945
288.86065670994185
286.1066841673027
285.46782308262135
283.04922758085286
280.32574188520425
287.20713243993686
280.7225669996247
277.55278685991783
277.5880329719247
275.71381063436553
272.4662517957335
268.957953893023
262.99467447346683
262.64299231364544
262.48288840540533
258.2942004741922
259.592806016291
263.487015598654
265.8334895463823
260.5630496682354
263.46970651415955
266.2681524845393
267.74872039189984
272.27560595114903
275.01507108103397
279.26387521620825
276.3597113534093
269.8610000742797
269.63972459197066
268.70317290169174
267.77656975670794
265.3092713970231
258.1434227323354
258.7365447315426
257.65152613188246
254.95726150615923
263.2455561405983
262.48010914040447
260.5476417070534
261.65686087049636
255.97238204999968
255.4597870160896
249.6997404023552
249.41714089485072
242.792727739159
236.58562584644403
231.98327956318522
228.1438927946105
231.46186147737535
232.08561968324494
232.12020417269466
233.90146539872825
237.03477840324447
241.72985771660177
240.942649506156
240.9736062962106
241.0314463195721
239.74542239912924
242.93485097197905
236.66508957727427
234.90007637760004
242.0747961065083
242.97131834594458
242.53903897608936
239.7344902582243
234.59309968189982
233.8732687052202
229.5260428048687
231.2062974057768
227.79438167510656
229.71160126389555
228.10079623825817
227.08392066859776
232.41077538288278
231.89019976495783
231.83413031345265
228.62156182733943
230.10491285821143
229.97467293079333
229.88105380677254
229.01843781608918
229.07930406040103
234.48415123267702
226.93636749137065
229.81969237483332
222.71046417003342
226.64466497045876
228.89765155257652
229.03208165030276
222.26503983917993
219.70957770346936
222.40334052721315
219.64278319354702
223.238357567482
222.60027170867727
222.20400774095523
228.4290691031237
234.3121882859628
241.5411013310691
248.3473146106405
253.7003942550529
251.31009585966567
254.29235694974946
253.95861408326144
255.15576927659387
253.20353288730485
249.70517062474073
247.1482153969266
246.94336625861268
248.81208076913623
255.46967418161594
252.93818444378428
251.57332642581085
243.94198804638907
239.28710794613008
244.82041690620625
239.80008635497265
239.53281967813913
242.474769019326
241.81717104496252
236.8496793620587
236.76820356599927
242.61423684767036
244.14579361511585
247.64036702391604
248.61711945731264
250.08312726282642
248.47044367132492
256.8508182814084
255.21110138382053
257.0021344582673
262.0214882621056
262.5400605078103
261.1288177473684
254.41618742677906
253.8466800171086
250.1214934850862
255.60671463279692
255.3091674228977
258.83291545188615
267.63300890606286
268.60735451177953
276.84379954542294
284.8042749251237
286.4214292919186
282.47454394776975
280.81848257315613
276.58904389966324
280.2828765682365
276.1817577294396
278.93563113822523
272.7063960967986
268.1486656493694
269.12222852247567
267.87631892972587
272.55789781575936
263.10836229650374
262.9667776267506
268.80357954108507
274.7184924784973
276.3262097662529
274.26419412117974
281.70513035866725
277.99574611935003
278.22471888221935
273.1260128740258
266.7066173843276
258.5579639474771
258.1530824929812
264.17593151663914
258.1536705255755
257.9344305346889
257.60192923477223
257.5014790326705
254.9464914949059
250.2216804903957
248.8071721533292
243.04017566786334
243.2251356995482
242.2418238542584
246.09232684217716
248.82046899688117
255.30122570226902
252.44161925584223
252.78601804653553
256.6071890324381
249.7257006235882
249.9298257658195
241.85462947917347
244.1163714284138
242.08495787128427
239.88770133167853
242.9336078892957
247.34591428807883
248.09585190881958
249.02410295041798
248.63767140595004
248.49532722779972
251.2291400384365
252.98011037976727
250.18960691054124
245.51308606376824
248.32589037200023
254.69466971669667
257.0484271691906
258.15120081853536
262.75671644157626
257.83858857951395
256.76188790511287
258.11893880430785
260.4962877202965
262.48332998767887
259.75138169821497
254.24208246549793
259.27736378580545
252.20816513499562
244.37981589784135
242.10762345917806
245.67106391890633
245.78243560500917
242.57234897356165
241.83444375179985
235.16042478222525
235.93465345082825
231.62196039002353
239.20610999837058
237.56455549331332
243.59269367004615
243.66291905847825
235.63899292309685
237.01530398790214
230.5150314349423
237.58228235353204
237.95057990837452
238.8355817110663
239.15957869723462
244.9791495050038
253.2602889614119
260.3343242958399
264.0285937621424
261.73850908076764
254.19044088273557
261.6958012184709
259.90726697712404
253.06868102074347
259.3239368670461
258.87987856483227
264.51322538759734
255.35220821750673
254.30343010649
257.8139700265331
253.5719932444708
250.53277405663655
250.16245696918142
255.68339782705354
250.57159955946182
257.1447997394564
249.59778755998855
243.76584044357745
237.04673358663726
236.4856372102998
231.8143391029627
231.14754769113202
231.77311925300077
232.0149588443622
232.31070566809635
238.0753219764861
239.79954269272557
244.4376558408425
247.77607237754194
249.99085852974673
246.0452745850693
246.83655815710864
238.52561078630163
237.84196142493585
238.71064228119502
242.56555186055635
242.75225846865217
239.44090155866004
241.88153799556167
249.9137464001428
252.29029974911052
243.84972226322395
246.51290181444202
238.33161671929471
232.48288985315637
233.09905217001784
239.74110957848598
242.1482490345637
247.37421738912997
249.5855972857352
249.3992177315073
250.35692212455174
249.47957041465514
257.63791144008565
253.59779247137953
256.36556301280257
251.5104011232003
252.84444258385173
249.32013728246366
249.43164080170777
249.6390859497308
243.5656279997029
245.72134286387777
246.0895124871072
241.28067958508447
241.39033217804518
241.46748582835426
242.4641164093572
242.61832560996194
243.65856107189444
250.25776647945767
255.3436161559482
256.7222542535401
256.8125745150308
254.67938086177884
257.84329749797485
252.30460264905588
258.55908438024056
259.17373425096633
253.0281009824885
257.0287536197013
260.44563952975693
263.06551649263747
260.4802411747336
260.5273374153222
258.4429646472704
258.23466473077434
258.3152975241646
260.217376422847
255.40539860329392
260.67345063679534
253.01978550460194
252.4331401334523
255.6126454504462
256.9076795706785
248.740051181597
251.10180618097988
251.31618533336385
244.07769443833774
244.10217762212645
244.23990339553583
244.81153384868938
244.8575716753888
247.15681066611023
247.18761631661593
248.02600484819632
252.88823568415017
255.26663656220566
246.41674664969736
250.97461237670527
251.60797709160184
251.98923611168397
256.22259035809486
263.5187040901075
266.5645264514544
259.1856656810554
263.23049787613706
259.7167084125072
264.79422462012184
256.143665515651
250.61935583338385
246.0395294179242
249.14762946131464
249.01250250911974
246.1550180717012
248.5538299712635
251.07472829074504
250.996902082965
256.1344939666883
253.2573791624208
250.0656099432606
247.86394959401804
253.6728432055529
248.2806177606912
249.13051693602182
241.17298000664218
246.12092002248036
246.64231266640064
246.25137991738725
245.37227977129146
251.84558002991244
259.5377525844112
263.54584183252746
265.3801930657968
261.85211565860243
255.48757010285536
254.87443995062594
256.5924876328546
258.39597977987864
255.07390913376932
254.7554174512694
251.42262159159682
252.78725614565073
244.6806162655484
249.95340389828357
256.4066651369864
261.48688769549017
256.4892380523249
263.79612703685245
263.02373485766077
258.78372904834436
253.0656393820684
259.08056976390213
251.94689526323936
253.89431475706365
247.7052469128545
249.3815718212003
251.74773471271368
255.70078038030513
264.4101165778276
255.5189554554305
256.7130617721259
247.85922213165492
249.10664373205026
257.31642140842035
257.27207941534687
256.3935821333192
249.68645921248165
258.1953824165487
254.00946855452298
254.06035257675157
249.88931053745398
250.64699859480803
250.76015946799708
256.21282574934406
260.81043985868234
267.29858035239744
263.29151384178454
263.7479370853714
272.09249398285453
271.969113706098
270.43245973902356
274.00619229077984
274.3283441317487
275.9102477702018
276.64121370836205
272.868839106204
272.9009250569271
269.21532014834014
272.1164524387045
272.9171714542665
274.35493316915944
276.1696408813939
283.3596034394938
292.481561457754
291.09261621493704
285.61075428897345
292.4453130736325
286.7051216456555
287.18503082426787
283.4441681949393
290.2435872809566
288.8341165594026
279.945972338064
287.6115511013399
279.0518329012182
276.1323918227577
276.26402668952437
274.7497230186684
276.92704573368104
285.6547591139964
281.6122573014966
279.8716991543866
283.65630213940176
287.89867673098695
288.5015081326791
290.1574727973824
287.3875308179684
295.1245897189855
305.1068934872375
301.7706932549732
298.60162927291117
294.6694353262898
289.9055523623844
282.79819531441757
282.640338685287
274.8636846140982
275.98960666308545
270.23594744682583
266.3207254002754
275.6148740982079
273.71080062551755
276.42189562229765
275.7601935999692
275.11369337719646
276.21994844515206
281.94605162082183
286.3288120514853
283.6355289823985
278.06947996283316
282.39011877990737
287.01131977190437
280.7442434165962
289.57466291858873
288.79837368587255
284.637518987938
284.3461570541034
284.5562000556115
288.2180681170479
294.1767739100006
294.6425799861124
285.56388970887247
279.62205716557185
281.2206278920834
285.0621633716812
287.1636325423895
288.02015171888837
292.47593159813545
289.3961334019543
290.0088044314185
284.8632238108758
276.58104327412326
280.92838269633353
282.8183719081744
288.75840405458615
293.303003181916
288.66183666964184
294.115497021446
296.4651710912348
297.0757677560766
299.6628170736273
304.18473637445555
303.25774408048073
305.77382936070103
305.80564478595517
310.1075207668021
310.3063529880973
311.03456616748963
321.8028935430902
321.7205463401201
322.6832714108202
322.8183324267705
325.6349101730169
326.6307780469501
319.2930324610321
313.8417598937926
316.51848306605825
319.24771971135715
311.318980889153
321.0230936697434
326.5152754320052
325.10582507413335
322.94483443507323
332.56747739649427
325.93825064398277
328.8691326260714
330.61466177719655
322.8844104131972
318.1542351805349
317.4636161749272
320.2178415629032
321.9716952245324
324.1765667591189
313.11064099069785
308.95895572429464
310.4311337938452
301.4522708319516
305.6150033206705
304.97458480440923
295.58055154673104
295.0377854833042
296.3564128602275
298.88102034138547
294.93578925563844
290.84121274360206
289.09620119591574
289.52484998315504
289.65450339352776
289.8608624862154
290.2816009837686
295.04568564155926
297.5048062978697
306.4913013266605
308.6609908223423
308.73003878617476
315.51027826269234
305.5450021780544
307.911524172724
309.2732493981903
307.2772912830982
312.46619728706065
323.03760978782566
328.73539525684413
328.7025147067189
326.68388270917643
327.0349203024103
328.3687656432204
323.6211347779218
318.63132093887685
326.67575710230324
319.34810725560885
318.50646676933377
324.05568783041264
326.23901926931666
327.03387491573227
324.9029438158762
329.1207755396435
335.8525943444377
336.96401065049554
337.5761397448302
344.7753952958012
356.2246313177088
343.8999872439142
343.38055658452885
336.9624285878696
336.47819509676054
324.98531432435055
320.90474129912207
320.5592701374143
320.7352391075435
320.13812455753873
320.17338214050835
309.7925238450444
310.1732066041715
314.630586938609
323.1792690810917
327.4165115845714
330.9988887642535
342.09862371369763
331.02048275714213
327.24610117939795
331.401309672278
327.27368631037496
325.5298142875111
325.4591648924023
325.37780648097294
324.84077053016955
324.7081418930353
320.168267657887
320.30230553493067
320.7941161762841
323.9765342125278
327.37087973806763
333.33990476916006
337.7281522620527
340.2354258090501
342.577043177594
332.25370405537217
337.49322926956745
332.725664485292
334.35779785631826
341.19502604766694
331.5025900745405
330.4985173586954
336.6497565253656
341.1356558656654
330.7982864862229
340.3728932210267
349.7033454990587
348.23993627090846
354.8943834169043
363.2335310979262
358.7451801776277
354.912734227549
352.2901992217293
352.23752885357345
349.29132285848857
347.31951115571997
336.9984449132024
346.2818857023951
339.6835704706731
336.2136234826078
335.076000781945
334.9514755370398
344.09220561250214
335.42331612057257
334.6950558233103
344.7161412724775
345.8513951160878
351.202832156472
350.60153800464235
348.0371139106222
358.53767343156886
349.3214981485872
340.39549535058626
351.9765410728281
361.959067181195
357.9961659674907
351.9906011920018
