0 0.0
324.23989055181573 324.0695498961457
325.78602720380997
320.8972045862552
328.2822304422738
325.34566430258616
329.17109325459506
330.6364471006375
335.5839895047379
336.24687363744454
330.7902261265644
325.57032514655646
324.9661765085194
326.7541540571572
319.8363896410407
318.9747553865165
309.7578955516975
308.96141754520744
314.10924775076137
315.11946583803376
325.3995291493535
333.96581632572554
338.102779767162
339.99393908224846
328.40240788799133
321.94078619811467
325.1705904329676
324.8018301693281
330.42443112646083
331.02157829229895
340.7391310478737
334.36201929761324
339.4240410279924
337.14271140241107
334.909585669939
326.36724221548974
325.8768556902432
324.4328884184112
323.2671896928024
313.87622854198776
313.94646214651476
303.29878936510653
303.6705431726786
296.8372750099297
303.9126760200376
302.92421055057406
303.1942807562722
305.0343264611002
305.5591280228471
311.8254145771341
316.586747210103
320.6266171886015
326.6405025858712
326.18801688476464
334.4654356620376
331.1939747746514
331.4096185603221
333.1325283773159
327.2843467602316
322.78875728835766
321.7565238457616
325.43091185124126
333.1114394261376
336.26329180033855
342.0389089928132
341.5689593800533
349.18263877425335
359.4219573957502
355.6508104584735
358.5326646093943
356.4791493063692
362.0765019950087
360.41122953879864
362.07605673117297
360.1441671329408
363.59897113947403
353.1350238046968
355.4967195776732
359.40265215223747
371.56805147416594
375.0930824771122
375.8772367250709
371.5028541162351
370.9145910145809
361.46243827791164
355.3193649737086
356.20937539823666
359.97060257998095
364.8130694467747
361.6153038031296
353.84139634049757
347.9367225088637
345.1854329605881
341.00856635723085
338.39561070907035
332.9389533535735
340.7192624005532
335.0554915643328
333.8313283167171
323.8245676685647
334.2411267373059
336.2348764920543
338.58369434181895
339.51424296111304
339.3246778601899
338.1924946042761
329.3327317242954
320.97270104168547
329.3876883467438
323.37881241114815
326.53533256256446
322.7205806268369
322.5556989505892
323.67329675082095
327.7048530899153
337.1523565152456
329.13142456146113
338.5162027556366
328.2734326831268
332.71543133538216
324.08677051366186
332.0859136320793
341.9294700779943
352.63002045930665
344.07953768187633
343.6354144586588
343.3803298041471
333.3387571988272
338.21119077727
332.2757086806299
333.0240884681796
333.20708700051495
321.7246264517212
326.32538111835737
324.58779844381615
329.518381430655
339.16035976852265
339.3565985806652
351.20264869124986
351.84764719302717
358.4493505796808
358.37566805102716
352.60682122599934
344.4114954439121
342.78889209558986
342.7069262496677
342.09159566495435
336.6710789433292
339.44484652574926
340.31791248804694
333.53002061316863
343.201112333508
341.41473233956265
341.5088222882254
336.16706712650273
338.9430361647154
344.7027744755057
354.57664542530676
354.73200034216893
342.4313761345449
351.94585131588343
358.67800932591115
360.99208345136765
365.36186607003697
367.8217944188448
366.50797392718255
377.3084731999949
385.84404490103606
375.9659400732345
366.986929944292
379.1447321096059
373.3539540648078
366.0590760632252
362.5694259109006
351.05210508105085
345.2344019241075
343.27906818985673
338.28300425530733
348.113508032539
353.6570447041425
349.0560168742921
340.06917080063045
348.19617895648787
344.4643497507959
332.4136375041879
332.55195056991636
324.70499157220235
323.33034370557675
332.05212030321826
333.52134601993544
332.5178797916656
336.4779236307197
331.0131275239578
339.03642142817455
332.6067905986692
337.03867936371694
339.4836379444072
347.17924486129
343.1663545681546
339.66787742736125
338.9250753613814
333.71809911003623
333.54358941812603
330.51076960191676
329.22934464138126
325.64928969552193
328.63960351043664
327.63135194888315
329.5289207567604
328.7782591450937
328.28752403469196
320.65945788735604
320.8297743724916
318.21207539618183
313.86748470811943
322.951299248801
325.7409584156454
318.585046331298
320.7490229978688
327.95354578610755
335.12163823226166
338.175331161008
329.80731118603353
319.94444612166785
319.3641551238905
325.62969337442155
328.6139748536479
335.94641177522465
327.74724475268016
326.773970462932
320.3562170955402
319.3004487697431
314.50719357486525
306.7400864189089
311.96160318819875
309.2795541671507
306.95488658689413
310.006805555565
302.6791730509031
295.3302022811015
286.97460133752514
288.796689071202
295.2374819548569
287.4128598224888
293.568627019906
294.4528760773999
295.6942060784365
300.4322002332539
290.84246958793057
291.55597065475035
295.68746653161185
296.3186433916408
301.6983306820046
293.2822026323478
294.3201312824273
293.5132560781265
293.39871042375546
289.08193232607863
287.8253226016243
283.7024672714174
290.66733641639814
284.96389597909183
285.9683325893104
285.4942548203606
275.87608204172415
272.6844147434241
281.6962674099845
277.03896001735177
281.8019264036999
274.8560645604703
277.73213372149667
279.9920924749474
282.94978875277275
278.1404259009234
285.73522485854136
287.6213996115798
290.019680546242
281.85167313892
283.51764791208177
285.9767594858985
288.8288294894041
279.88093560358806
284.2780646014723
289.18307785798964
288.72829259965596
283.51910383719803
279.6170585965308
273.1229747110301
271.4072102671344
270.91739398370606
263.69856586163513
269.22882478549343
273.14543136683693
275.2198875626439
268.8700932577266
277.35850574231705
270.0675405766345
274.33621325631117
280.5324458181457
278.74895421582164
284.3168148075408
283.50063664570666
276.7964828128445
285.53847964342214
289.0772529964772
289.12260876431156
288.0306711652912
294.31666987028774
293.720818600237
286.41848901750734
291.45726051660165
290.3912275317959
293.685090925609
284.78109186246576
284.983401797325
283.83770510735013
283.9949191437634
279.5372409383166
280.0664678440986
287.8383385441148
285.23041677391245
283.04761548447516
281.80803508099797
282.12254141294005
282.3643535291698
286.72887321809634
295.65481000801844
303.0096632076804
306.063755522079
298.8790509779208
305.03944538141815
301.7696886744975
300.8316293878165
310.00700281312305
308.42336666043684
307.6196910404725
305.604570419583
305.0368880374542
305.2407804817087
304.87245561324966
312.60762245412104
312.3105412589182
308.15894013511894
307.6794081904319
302.79692707869805
306.229376140034
298.76753763126794
289.65943528186745
291.71257364461144
283.7625988264206
283.28830252228465
282.421908164676
280.97695232032726
284.29498581657094
284.13245549138134
280.17331760311686
277.351596237947
280.94380630781257
281.6888200547296
277.566009925037
280.8663063453682
276.153467336581
271.42229772113313
271.375764850962
269.09432887403193
275.9638755810961
277.32632278032065
278.3706194872714
272.89842587314746
273.60465776323474
272.88788568431534
272.44018124149244
273.63458421460535
272.99891255816283
278.51646700895594
284.5650333091609
286.1587360318577
286.19065574016196
284.36438229486595
287.8271502093082
282.6858281162556
286.2273730081716
294.98036358735163
292.8328898751716
289.9791813395338
284.20283734175484
284.2737397684432
284.35884869923694
286.9333811864731
286.81524508473933
286.5073673041205
291.2255074701366
287.9901448254736
280.37092207168257
275.78741584694484
275.6675883932524
284.5360310846752
278.7648002109757
274.516161900867
267.98127785662143
268.92330208328684
272.2302838645596
267.2695223475763
262.5078858275888
261.3038692667185
268.57912335223193
274.7221136195295
281.0337019923429
280.3903254992427
283.67533254990195
283.6463873344752
275.63465175930287
278.14214071736626
271.7307086136966
274.2376061184881
273.686276941993
273.9132600613667
273.8121477760644
270.07565989962995
275.89962872584374
272.3519831495057
272.5348895360538
273.7341765339011
273.5772151738964
277.4704808829081
273.4761622236694
280.2880080832137
273.9511093594146
277.8280938032914
276.4380144363259
278.5772274056477
286.19066670626296
282.0732504585829
291.7415635322098
291.7121263362299
289.5177732744207
289.3184850734852
290.4308354475634
298.7080095364128
298.8515212216596
302.6225427230013
302.5681924644527
299.2480421162203
289.0790599047983
288.05728982226157
295.6164220811235
300.8342316505574
293.2651228906959
293.5549543788853
293.0001737805794
284.8308151152862
280.68358077999244
278.9179350925869
278.6526422496275
273.23961458192
279.87985294233283
278.2705918616636
271.7314525043372
272.5868693689699
263.20278012913786
255.12916972973903
252.9184046358034
250.47013150318134
253.32590156894003
252.18417372789023
252.48497726690894
256.27758680432606
257.9416971281503
260.0758787219948
268.06810359223994
259.7631800512966
264.4495586188476
265.87191814412125
265.9006620116934
274.4767951550522
274.5099222115643
272.5858347066814
276.59707881494916
271.2002947249052
272.1648597629794
271.22349369339827
271.32767089845686
277.4950262126951
272.8308536359753
271.15390878556497
272.32887069043045
263.953948577864
269.35668596821216
275.97137112325345
268.9966429400135
269.3710479410336
276.8680160699697
277.74457744881755
277.7748666154109
276.2357268777529
269.65944684018984
271.70428952224205
277.8616736585046
284.31106428162656
281.64236292562134
279.61647329830356
279.4584384883479
273.35912067531916
270.96564605901574
267.30544624061895
268.5362894367192
260.67868782850115
264.96081575809353
261.58038215941355
270.4325804032143
271.031692330142
280.285481350929
280.4239406921684
274.1004385001358
273.2222188223268
264.3314627641961
255.85118446406938
252.02060999209868
255.19872581930304
248.51862311375572
245.35133246742953
252.99598338069745
256.17233274890685
263.9656024949901
264.227485813671
265.2581688475437
273.45229172668013
280.51498458606113
271.69409300477463
265.51653948678376
266.1238689074133
270.4229841585471
276.344708283911
284.3362246991899
293.2868850269232
298.37119323227773
288.3313072470065
288.82059650705196
287.33045931406156
287.21067257095814
287.0352306072811
287.2407363237937
286.2481520182024
284.3550197255261
283.4902294933521
283.0435294370469
279.8183863693952
281.4179737525057
280.7077873307802
275.145588571129
273.2346218739301
268.90780647549195
261.59175262111864
261.7986802659555
262.18229555253885
263.10993310476
264.24504524904063
267.1329346355457
267.69289577759787
267.96672204899005
277.34376807679865
277.47306938585103
272.16094501182414
273.587816774148
273.852681155365
281.531163576338
275.3033844798326
276.55608943845823
275.642729006663
275.84411216243603
280.5911427395528
283.77296880028655
283.32617259889423
292.62774212535487
299.0945245430811
299.5684007069348
297.8154038034093
295.2546226994245
294.8254606903065
296.87556107197565
294.08079337642505
287.1321608448892
286.51927555795345
286.33098497976675
285.7249740915268
280.746919866444
277.57021426000125
276.81995380486063
278.737090140804
280.14776718261885
271.997229488628
278.3641192545059
283.9204946408202
277.27050616652065
281.7861804457852
284.264915439845
285.997527325132
288.5695838512474
284.9914035416089
285.31332307553964
284.373861641427
280.9217918964575
281.60181259386945
282.6033557440967
280.320563660009
279.93688172809647
278.74158260348827
282.98674319601406
284.1719695787899
275.19492840907645
277.83835688952126
282.6451233026947
290.04148757565827
290.0926530256223
300.18957037968954
301.5745482460547
305.5512540566762
303.26980606098414
308.2296536485941
309.0122110685967
313.9754996556775
311.49290751693263
303.2079665688282
301.0060645940758
294.1084082628464
301.316094015687
296.4029793765415
300.87410091812166
300.6772928005713
298.67313727584167
299.3665244776259
303.3274208661281
303.98208377893934
303.08804256870064
303.46086772172316
303.00751744549524
296.53403202957446
305.50564465533324
305.29157369369005
294.9559890107108
295.25524180968955
300.8643913168567
291.83066617700035
292.17811349216794
299.51004501053274
300.41514128318136
309.562202033242
312.78825815980184
311.9446899569858
309.93113250415433
303.40363106874395
294.6232286587756
288.3380466117245
293.2047265464695
293.0595368890341
295.3464329634117
295.244138439044
296.7325009681298
302.69537509917416
292.164102559349
295.3323677038702
300.61572692524294
302.3725283826836
304.41164956832193
309.8016959314113
316.6931246285817
305.822958786623
313.6213130836285
316.7816191899791
318.7147026879716
318.6040701242572
320.59303854890766
318.37378219363046
328.555985653251
328.5066448421913
324.63995398881394
323.2157949040692
313.27106787364596
308.64524204935975
303.9638900258241
301.5700782941389
301.2419837960018
297.7268890736499
293.5513157821231
297.55740027825084
305.2062876236699
304.31890498834025
306.03938275129303
310.4715455216306
317.044976012618
317.1259186476936
314.4827150734453
323.39204472913065
324.42292884947665
322.1097814807906
322.0161756832828
319.449576322979
324.806355094721
335.3935579626012
334.30656785355154
338.41425854054177
328.0498320671429
323.4857349677019
314.03500473656396
303.59420991317046
310.8112830209023
310.63139141646036
310.9104790439603
302.4235368672484
309.53667114620475
309.7718400905884
305.2277806053205
304.64419307362357
312.12340018367814
315.36169472691364
325.2608567795965
315.02005531414426
308.40893830344686
310.2191995590956
314.5208573555435
309.4895606206155
301.20326134415666
309.24756447632313
317.62284716018684
309.47703563016285
317.3351595105905
318.5077229457687
317.9274179476271
317.42017009173054
320.051288062719
317.6877805280445
326.58589272576216
327.6119373538303
327.55558937756433
326.3798912803359
321.1181097587183
325.0156771027066
318.98622848145106
321.5357838241278
324.48080253100017
315.16022888871726
317.2179514238517
322.57300431816515
313.106142625523
316.06833820836624
311.9634800189382
321.07650060368127
320.9890139073662
323.80777347195954
316.20788191221175
320.5778155923464
313.2182433768728
314.02974360070465
314.4027412499862
314.68082223524436
317.99160048755846
317.9334932408961
328.63192027074984
329.3592993023218
330.3361379521914
329.7439372482238
326.05515218732637
325.3002437683794
328.7019797270222
318.4264694567696
318.16871401126156
325.6769907647163
322.43259261579635
323.5862638776057
314.56219643774085
310.50745384232516
307.7360122521153
305.35927439028814
305.65591735247426
309.76893211864274
318.7454470838381
318.4628853957774
312.4868617190792
320.0168414403071
325.62690212438724
325.1302275956516
325.27037089658063
326.9642387343047
326.6895000219681
332.9393120064724
332.23618969542196
330.5413657588486
330.5788154787
325.0618557128275
324.2761543331659
324.3383328365026
319.20925402854857
327.7580780590043
327.8105452449186
332.6617418798633
331.13055178911605
329.1625162540046
332.00811062144925
336.3909835400282
343.4714757961669
344.94019713789066
345.001977129354
354.2287856617269
351.63670074613617
343.1098803564818
354.9302389215549
354.68652711543587
351.5312877346416
353.1707615567787
349.9324277750638
346.3821451551527
339.0566018423732
335.5076858994007
346.0792159326462
344.3417804248335
335.3994344618509
326.4109260857989
332.7408719096356
332.64280471967675
336.2718276638035
333.40124148277243
322.5274772012752
328.92768287161624
329.18524657548835
329.03791550822865
330.9926561977378
336.285855458055
343.9820436103808
349.31114029834424
339.5198736229065
337.9902809688901
338.6719502950195
333.13546195992797
337.0527304299992
336.89175543650197
334.1738531669355
341.33495775664863
340.9098208751954
336.6923454406147
338.4045195533398
345.5142546021126
347.50780513384444
347.1629085325313
350.14966507349453
338.4982353632841
338.5330904457577
339.1724177204851
339.2064090059217
329.37606612986997
331.00287158143755
337.4650247200961
341.3323764825768
343.422597369388
342.23946882897707
342.67497972350395
341.5062819230881
338.37258228956796
334.3902304829659
344.9685965342068
344.8580810065643
345.7551503869961
345.4887758865711
340.4711028913277
340.89768854923256
337.389466941559
326.80326280248585
325.2530495307987
317.7700459423656
321.1631767717164
321.19838504308063
320.51035939453556
330.7072506029514
333.04993704182647
344.3700095967921
344.32394546328544
344.4000654121309
344.4701821005274
338.1931465269455
347.58024528445844
345.59022643686814
345.47348282676313
336.08536771205814
327.5000696493576
334.5176317874616
345.7499675419647
339.9674113482473
338.5387808600411
342.4099691059639
345.71195231070794
340.79625387353104
336.37237757297777
331.2424587693186
335.6216836251375
341.24525971249807
345.4808733698353
342.19588657512406
342.56886235349936
339.0858012034272
328.51924580614434
334.5424250503068
330.9259787002613
320.18064140362566
324.89171742589645
334.69269529867887
325.2697032006298
317.15226164277874
325.4538903641518
331.19511871641424
323.08689925913257
311.99903715141016
317.74008850467874
317.52104633187383
317.01159254156227
308.5358072736788
301.40184420583864
301.12833602076074
303.1035581616519
303.22073123480214
310.17791742995433
311.6184252578207
315.89290029769813
309.25179776693415
303.74651223112556
310.9777108952875
312.6725290026369
307.19905599174854
317.85430281089685
314.1933664145156
315.6324121010831
316.8544567479545
317.14424878809444
308.77031585202184
303.92145443595655
303.89027746821733
298.681530964476
293.4015584316311
297.36613594811
307.2088921392149
305.11459192311503
299.21303741807134
290.65276931197053
289.34829595763506
298.7133647878221
301.6324220868711
307.1641531038971
307.50899396362183
317.7139997203696
328.75099347568005
333.9395775491259
333.4851488559948
328.1829834406067
324.0673325131759
313.0757124333042
314.19069265644004
319.0820395384434
313.2906167658395
318.5031898950696
321.8631603378733
320.9967924641693
312.0128153251631
311.6312758162884
305.49585396420093
314.4019773279467
308.6542016700806
305.8587102963675
305.82776119997254
295.7703514001043
295.9182316059099
295.53051985301914
294.56440254810195
297.22558169387304
297.1724254056737
298.2816728030088
306.2063676403821
310.1637889326364
316.10959687361617
307.4300157102789
312.6618987115798
315.0412057311517
313.135878667007
313.44357651479294
313.48428139825364
311.5065996663742
313.5737169560277
318.49038621692665
320.73169634084826
311.9950976890742
308.0333169881703
316.2299120580175
322.62036914751747
313.59899124472093
314.4282665287004
311.1620036360146
302.53960460524485
303.3201139088015
302.7926547189998
302.0488450176165
300.81580666111387
301.1154826363779
302.96522815078015
311.76286873438283
311.1420042912852
308.83995752590585
308.2731468373983
298.85956809080693
302.6909394266623
293.5117763326392
299.94789596000464
301.34414214060837
308.4052305831593
314.752828331855
319.73433219550054
321.78422428258875
321.6963298211945
324.2257864731508
325.3611176030586
329.3412490972298
318.868532008303
308.11387665565303
315.8952373965382
317.27992160890494
318.9452468522026
324.9249662296723
318.6830546089152
327.7362258062236
322.18568086521753
324.28563367266963
322.6599879954361
331.6115032922377
333.266832621821
333.0325028986618
328.0975467118953
335.5555604923705
334.5871795015733
330.0658459973465
339.92796830924834
329.24989821742093
332.49940377198254
343.13230319407336
334.4642419595118
337.2995939737326
340.8771064330003
333.37359925043023
326.54527629123385
324.52667498849235
318.29343750236916
308.08708457732104
308.98745463781205
303.1712309062375
303.2128334482136
311.51336159522884
318.0362653203229
321.1404371019932
321.30176742234147
319.52805777538293
327.2393729813868
317.6806108230501
317.9821013909596
316.12734503150403
318.87413722175717
309.43593668851094
310.28499616369913
303.8353764442658
297.0336657153999
302.77773282472526
302.82661267567363
300.4909226215013
299.9426263850359
299.9879870495348
297.3751793171187
300.5034125342363
301.62784489489536
308.0191217249277
317.4513974537899
319.95641322955146
310.94151560563927
318.2490332670218
321.3566572286764
330.55230137725636
335.871099818541
334.87608214278026
335.209575711534
327.598530307049
328.3363194840118
325.7274141979953
326.39144067282945
318.7157408103894
314.64583787609536
314.442276996766
320.0677482051488
312.361018078072
320.78575178310376
320.842432801519
320.581648270558
318.7560707965509
316.8200943344369
306.71493478465516
300.0653692307875
304.30261555072366
304.5649665308143
308.50075101906623
313.8206837506159
311.42331121487655
313.9331914005592
321.94963150320564
323.0429841881705
312.67229585616184
313.7895873842009
319.49752141137446
330.6665919584131
332.0944674612148
341.46057120500876
350.2674451717537
345.68781504803644
338.71248041570385
334.51900166423593
332.1594626966166
331.65506798560557
329.3909330530854
318.18261264895204
319.75147531736087
317.72383807752755
323.29717890534414
327.83614815797097
334.6127742720343
334.09683752010744
333.7324414486456
335.5446789091822
327.26312861421917
322.6202977535138
315.82317444625187
319.9350747196527
319.08352618988397
319.5330852250717
325.04033989898164
334.8285155502688
323.8462498514896
328.2439472356073
328.3062284592969
334.2271718892264
327.02543425543104
325.8777864023122
315.4607403147772
323.2399851682914
314.0826950935898
316.9043596973428
311.39501186452424
315.61683769687863
320.90484291402515
328.71658164128814
320.9902518215233
323.95948765732
331.08861765610254
340.42176298947305
336.5286161626668
337.47440479960943
328.73959932375493
335.80555126545323
335.6446370572568
346.7880156096838
347.1524714536818
346.25290801372046
347.60895191610916
339.7354854523649
339.77582996839215
341.56071483689453
348.3998453939735
357.90051878700524
350.402281261376
349.6323247984357
356.267586213418
355.85108030506797
353.4471769908827
347.144635320148
340.92932703344616
352.1821727015492
347.6623413863231
341.22457348312105
330.00071670545105
331.63958673971064
324.5619639465947
330.79178420233507
330.5640791512645
324.114937820149
322.5747528731955
332.56553918350374
328.19372771793485
328.24978219164143
335.7511177748249
336.92577865840155
333.19530888595585
322.9330368106252
322.18243533750035
317.41833352291917
312.39878706776017
310.20816058982564
320.96791787626603
318.86703959365065
328.93201487971555
330.84141430527
331.14706900756556
331.4032503173074
330.2534570625315
331.7644241904775
332.68311217079764
337.77594814436515
336.3978019352134
340.8630291966574
335.56752970824857
341.2505290840254
349.7015047521914
349.9376766324801
341.8144974299066
345.26443822590943
339.22150910740305
339.3823066921074
336.3982337224694
336.8572908876586
333.5037744349845
334.68997334868646
325.1603953451481
317.5964425076621
328.1060146726716
317.1663632574028
322.83037297805265
327.8940323233075
335.45908415165263
329.06413126328
329.5768346504769
337.3760224307236
334.2501741337997
324.21724127808227
328.88889481471233
324.6751819207498
326.0728106570394
333.7073153300461
336.37561470625707
328.13185821671397
324.5380865167979
326.032692750673
329.274644797299
338.4361175277006
331.5074513080941
334.34062300743784
335.09948388779594
342.4474726488294
331.022516482854
334.30045327421766
328.41726219215667
329.8388075079512
323.90644302549117
325.48453615950734
328.40127068909175
321.3226417825862
321.5814768594358
322.4748135996508
328.2941655011814
328.3284630987411
329.22313681210096
330.3735612663134
330.79524309278315
338.03088454946294
329.8174969809994
335.03510561223084
327.17465990024607
327.23110014892467
325.12753231611873
330.0596267117243
333.63342282255275
342.63483211692113
334.56559573992445
344.49587534971533
339.09783052289947
342.34576752747523
342.1251858256988
341.6900659568901
337.9157062452459
337.8808460973836
342.5519518947465
341.5847986874964
337.61986657197815
338.9430938121525
334.14724710958126
338.2354644274053
331.74970481218156
333.2809603116031
329.29596329393706
339.3981904346123
349.13535325524197
347.94285255096804
337.8424225179938
331.35581472410684
329.80456642571323
333.7807266433253
331.6616296286775
326.1021364282635
325.85720326315743
327.7058389912036
337.23294141208476
337.6479791819294
345.5106810333719
334.66563561018256
341.6369415035508
335.82012902762904
338.5416506472652
341.36114674098764
331.50671244239606
333.0208714741178
338.6578924410036
330.01622163410036
334.7656738196225
334.72831183218005
343.5281094523243
344.84571603049204
343.4736522679173
350.85163160824965
357.86903362190344
361.4840565160554
370.80717648348997
361.13140796792976
361.2039077054907
355.58305904237204
343.4747816551397
333.6843198090152
331.53148686954324
338.63949332565306
340.12343011986
345.58779607729946
352.906191851305
342.4536542753315
334.4286733492101
331.7783827602682
337.34504742931176
333.77535119751644
337.2823003012047
336.2140647818804
334.036519062687
342.03508418093696
344.24653108470966
347.3423145090477
348.6819807812909
347.7121125071263
353.65218807646096
349.1166231374975
338.4272000655505
333.4090278223453
333.1804957918125
334.3322304856665
334.95081146639154
331.3806345820048
338.9218896852209
338.86180339423316
338.3469469590102
336.3222796033531
333.0099330787323
330.650023004599
327.9441706892267
318.29079459820673
317.0447916426592
309.96601401016676
299.98833616839255
302.40737962859583
302.7218281689365
313.0028658168647
312.91054921371773
313.1285649176812
320.9567732967031
331.48571281699134
326.7602604256201
333.9855008116962
326.5559076392753
331.3701513506539
328.29281613244046
330.29142813727816
328.1333859012647
328.9811166044784
335.9322845660529
326.92446786650845
319.8759927150914
314.07595885276936
305.72788717811164
302.2587593004749
303.00951221619283
301.9916478219831
300.4222798382368
309.04503543085286
311.0056884857285
300.10771144988666
305.2234626532441
301.74134502282396
311.80223170519025
313.82039424775525
308.99769396836064
312.52203769217414
318.19504192336825
318.1500812148098
317.6416567353659
320.0791402944483
321.3830070985704
319.4114574578827
328.69786004470257
326.9740285452707
