0 0.0
363.27943547128115 372.5032049343374
370.7271275223538
367.0360155388102
364.1707059454915
364.04575498522604
366.6695161268291
358.3375121154494
361.2496178395761
351.73432355818835
357.2994065859772
367.91540099964936
368.29394341395056
370.1684214360473
381.8499047917052
375.723930994315
364.15300639878666
373.04948721012033
368.3933476741177
370.1061997807769
367.24053482926485
360.2276278846312
365.14020979668913
357.0718435359458
356.52455200631135
352.92295349441224
357.04484666245514
359.05989662473974
366.98827187375974
372.2969205676652
381.86818993887533
377.27829673125746
376.9186507877748
381.06622295782626
373.90028175986436
367.1674692741053
372.5917630489127
385.6402901230216
376.1062607673017
370.0168065963583
361.5101243246365
361.9625903331377
355.07941782675294
359.88242746694146
369.8217081180767
376.6244935765121
370.094474576262
376.9190297430358
383.78161996642433
378.35084727322766
378.77019268738695
378.7206973760333
379.4601164343734
380.00012896597315
386.83891605663985
400.03664461132416
406.4390287349476
392.3676264644906
379.85470535760066
376.0978948049874
377.806287724081
375.8283185536694
373.95079174869795
383.50658737023497
379.95675045986786
384.3775046662566
380.023617076779
379.0154037641882
369.96693839033776
374.5365514907899
378.58746138606784
369.679737851893
370.10813187088934
375.21205892492384
374.68997953029816
372.58907943066384
382.71683470547373
383.0302719116816
378.9217925336734
379.086494158847
386.9294287350206
389.51130046005335
386.96914584649943
385.71633932235426
378.30629571247414
368.05765068905913
371.1513067123525
375.3083720319596
375.5956250946436
373.6815458924009
368.96235212731693
357.44495202198345
358.1221829245856
352.3205657181536
354.20988271160206
344.8577235579612
344.995568310268
347.7101437194817
347.7795799657769
342.37210145214505
343.1763519089499
346.3259637041464
353.19148980704557
357.3739302725758
367.584898044221
371.946630601494
371.05765943093246
359.4660559481197
365.75486893555376
370.7945131780859
367.2067812539563
367.27796714179925
365.5070561678102
358.1148010329225
357.6563477513269
356.44856266549147
346.5557545194279
353.5768218795454
361.80733373874205
350.4255716134314
353.72575915098844
348.11114267533264
346.97036867854575
342.3124857013422
335.5022712434934
330.6915600088772
329.4449158607864
327.2360967290708
327.75429364532664
330.4230026195207
325.71088050958775
325.47605609056575
316.4047803300045
324.68570020850376
318.99854933084526
321.9727089300922
324.52626490437757
330.1363818564955
335.47566277746597
335.1249244386559
335.02747704387207
334.89604548130274
328.57846127925785
328.2191125534328
331.7652764159811
331.48744474779534
342.21946354936716
341.4977767263142
351.4084148503472
348.58554813121015
343.0196590666896
331.5803107962291
325.1457000964594
316.5322566944298
306.3918492696409
297.93251094378456
295.8999291556376
285.8321215573071
285.7273769452862
295.19197509032983
304.4864251454276
312.67853213099494
305.8970671109736
309.14335249902183
319.25697410634024
311.4381294166775
312.89294020598385
308.83315944311545
311.35253419992944
308.37778575819993
308.81468204946583
308.7190113976455
307.5181274488146
310.65486684819217
304.1068289934099
305.0061036505414
299.5027029838306
306.24989181180115
309.7455442255581
318.1100310715101
318.37267162048187
309.4234721747466
306.82102586083886
305.649138426848
300.0185630540647
300.68536180539394
300.0577486577533
299.4666141242827
293.20893208769013
298.4394540378321
301.2680792134238
308.9106672387003
307.59301299319196
313.81815822403144
315.1776114502398
314.8198072187949
316.4267941993965
322.34849661757596
322.1694948390755
324.2231471363427
335.5662598516232
335.4986965979778
337.4528927769451
349.0022817223724
339.0894172707116
340.30826286768354
331.40089843414887
331.7941465017973
333.5567028023306
332.93867169613355
326.0085333985871
333.4252665205295
339.2889167813358
333.3845975446225
333.764387627912
345.27393955336083
343.4020191916855
341.91450987158584
339.5153143155868
332.38330421845353
327.7112397162068
332.59059785784405
334.7343438135449
323.0727774919327
314.6855651027088
305.1988698878691
311.3165658990818
310.93932320502137
309.33087525730804
312.6364493087218
312.6887701004232
323.131462544786
326.2157393526185
334.8390055264145
341.9064392844986
339.9977577237311
339.6719063329941
341.1378355727625
335.5269622808677
345.6496974361631
336.42098603373813
337.7310870784669
335.98576038197245
328.43918285729166
321.89931059928625
324.6498202706409
320.7211666362244
325.56113564803326
325.8395067469997
321.5793600075033
328.895838751504
319.73760373000823
321.66366398177274
316.31724815567964
327.29451069664987
326.9774752077331
334.0952109598825
325.0396236797514
329.962739950527
334.7989008356764
337.8454351091141
347.37416182577135
352.27119394068853
355.41381612137457
357.42265699417857
350.74596790986607
353.6320077104949
347.2606619213949
353.20482722892973
356.86649532490094
348.98928461378244
357.7446447876149
357.6891996326839
355.16440681694024
348.76313865031364
338.96998959875884
337.14294118991717
332.83322910482565
339.4701638423441
346.7819518655019
346.45769908355777
346.2852888953549
356.7961444207251
355.4046067260542
362.2034930869072
361.61454865601405
360.41338099593145
356.88327056927767
347.55444561501184
341.40986256220344
336.73744200854696
336.05361362831485
344.26516982376575
342.4989864937483
335.6408532863451
341.9809917144519
336.4894428345528
331.76635838701486
326.61742737745885
331.1361796644803
320.0824756472843
325.02566649996663
335.94242018616603
345.8284156557585
344.5219018973317
333.1633615352349
334.48795601104433
343.1658715149913
351.74562287519024
361.27791180904933
360.98261909363777
366.5053824270339
367.5039976934442
362.4538750713098
357.2064442756956
357.2606112164548
352.76450137864657
352.3436448145805
356.110781887178
352.31363491787164
351.43681591889765
345.79114470590315
336.3751040314494
330.8232059406974
328.08738862661636
333.44377943996386
333.3947833324414
333.2224979972942
333.8578423568548
345.4189352565125
333.32119192490495
332.70688185196775
334.37676148780275
342.931164969238
343.82291546769204
345.2512095146905
341.5242998813289
351.8941682671514
356.1126642280126
349.1481259682744
348.96252151434203
351.67485269027725
347.7476241741395
351.75651248468085
341.76968381469845
353.2511227746436
356.25770955643196
355.46836897763455
355.39931984826006
356.7364692224797
368.3124063153466
360.1264065790975
363.7819841042953
366.93988660188165
356.7669474579205
349.42806020663016
345.5508578088261
334.703298746057
323.6985649955744
326.452187504752
316.1165825242049
326.8554230226369
326.8893434077161
329.74035566030994
337.0778827851817
333.826292451775
343.65821375693406
343.8618771670056
344.07344692793134
351.5093881535556
363.3058257094032
364.1807579493089
364.00500512443386
361.6504905943347
370.08888461259045
362.83799532578826
363.5981934006092
362.70574200335085
362.76434467974093
371.2280687561339
370.5143379731403
366.15237703387066
370.7551944629966
369.6539905393828
366.3857088777987
361.7686934190506
374.41733268666286
374.3070017467786
369.7126688367716
357.7939246775399
357.8298468057579
362.0849587755003
371.01866030351005
375.3125154097303
381.16987167937117
384.4143361669852
387.6281640531573
384.20707710766106
389.875830079553
389.97046487885893
389.1868011752733
391.34311708321263
391.9586859457678
392.5959200310284
395.8241318077926
382.24479615605003
388.2606673085098
381.8976183992608
383.29053772410606
384.8813702364466
393.5679810709527
390.42428680874065
391.9083448890047
399.32835244085896
390.0717445658253
403.4382911744627
401.5880515819913
404.0334091001107
398.0426803703463
399.8202596602314
397.4792843051164
401.645614429254
401.5018643325791
403.80568670564446
403.70664005828075
412.44481537868216
414.6136088153825
414.283609863056
418.57593693942846
418.41464081411726
424.76881766235726
434.68244383920006
434.5688613258197
428.5772851528235
423.9513752104505
416.00865820820604
414.9634555988259
426.2445409113974
417.81105869618204
416.58503689025474
416.19481754357133
404.98934847055114
392.92005256275104
390.0058139037154
376.3621444626537
379.15268405543816
370.86635995137846
374.4965773591168
373.2026459741365
368.82032824354854
368.11843389034715
370.32284233210373
360.6795579117372
364.4402704674832
371.8302068354287
376.3082525416
374.30463596350853
382.2959711265186
388.70782226566206
389.19811109288827
387.49882283799883
390.8783581800836
402.7665953754135
395.95052872252415
395.9926314444605
390.03568369463494
389.31483387993285
385.5182090927559
394.18797123355995
383.98095571470134
382.9705265939796
374.84519758005445
386.22985980398005
385.5094058168805
379.3711256984511
376.6085293154775
371.32522168572206
371.28808298859303
360.05237732967885
349.76202406560776
358.3683476033276
358.5745083390272
366.1662631707055
377.3129908747028
389.2145786710969
390.9191257797596
402.02274513217725
393.3247675648778
388.40480738499735
398.1771133728872
390.5261391240458
388.7793615960719
383.8950257294473
384.01964342723494
387.25307868963745
384.68472423821567
386.71418288289766
397.23423133254454
384.72822179548285
391.2579713965924
381.36117989882666
376.209575338601
381.55056403365677
388.76641594779704
384.3085753614065
384.3787217280895
385.44538223456976
378.40904161417126
378.6416682947858
377.50669512220486
368.1387974014308
370.21437464974395
367.2674509101222
374.9043549429039
378.7862817964605
378.7415843064951
378.81320754724055
381.0462009022074
381.4203267346637
382.81938397730846
382.92108489503227
379.4882625219222
381.28246494299043
390.7430268267495
392.7677997169886
391.1205619577741
378.05587566831616
377.1146303938895
373.2383817144383
381.11797771105046
372.00391857826816
371.89811379901397
368.300606019216
361.3617223706407
355.5121661225179
354.6464678545361
352.07600046226514
357.5303501488222
355.9720793791991
364.2720128046896
365.2955931681692
367.6904309150506
357.9351146573691
357.79376199579247
363.82844120738605
354.12782304355926
352.07277822568153
359.6498019229163
354.17845559029195
353.9183084708675
355.8061186585519
356.80996968354816
364.28007410566124
373.0308720122954
373.61124080339096
370.4967591211386
372.05208595090096
381.60852221006616
380.8785644559101
392.94619697794184
400.89446549445177
401.2405590900279
408.6457142100663
397.33416539655957
392.8121604887937
397.29044138179245
397.23794502436607
401.2899060167031
401.23744062925954
400.80411737350505
400.4783955986701
389.49569295245715
388.1346078791439
390.46871884246144
400.85536018987955
398.8368256272264
411.3871923408342
402.21372873060193
402.75244459954564
401.9032086646289
406.8306046342763
410.86332713687113
413.095597143294
416.7220568630667
421.2621696247331
433.8951088153502
426.52949882216296
427.4232771299362
419.27212055427975
418.0173818894661
409.03195348567573
406.12283036786386
417.1783589154652
414.07267249692063
414.0160331037219
406.720041450223
417.3609665927906
420.30276177756133
407.33241863932426
397.4969888520115
389.864754194278
388.6370167144115
399.2072794235343
396.21996494732105
396.644849465864
391.6852774290015
382.871311615747
387.3011848222526
397.80000536416316
405.35442500838224
399.46477864899236
404.40882460544725
400.48127859339706
403.5545501552142
410.8811538844098
402.2569949884484
396.7426135180687
400.1561168070232
392.9919446665623
392.6167594823509
385.0684662571711
384.0668758406394
391.31813681834234
386.21473109442275
385.1664774545281
379.3902148276237
382.54229714449417
371.72758580049424
371.7697414592874
376.6701798846216
377.6227668615055
382.78340343941096
386.23561376503534
390.90754535055447
392.19931552749335
386.45723079296084
399.97798433730486
399.6324003237287
399.8385534398989
410.39103878172017
403.15032003585105
416.302723309172
407.69460837203803
405.9119286359431
416.2847218216727
416.19764736728854
414.0089542378127
405.240872557427
403.2676058115894
393.70780194713757
406.99775824191397
414.4248712609928
412.7298268971024
412.41440152605486
412.0002024144893
406.0528977734385
393.3425200486504
402.75500869956505
390.06236140338626
397.7776519655635
388.80938356668196
398.619111011446
404.49466917196656
413.8067802313475
421.0642716597656
426.739953256391
435.1886518175323
433.7998586941852
421.24697858661307
418.9750680117682
416.1462647277535
413.4109761735045
405.92040724574963
393.3054531602012
390.9106616460146
398.2043286181803
398.27165659563985
384.50065629906175
379.60179281842414
381.77656423810737
389.68155201518505
392.555306082073
400.8026792727525
411.9383956193108
407.0943110101391
408.60346867012044
401.4375357235546
403.6221879569651
408.92949082056856
403.02136879681814
412.3856184818431
415.6267017607003
402.85474302636777
407.6770371866035
401.11679296725407
408.97681247958656
397.3333265425402
397.26609544745753
395.3407525291336
394.80767598321046
388.2534857990824
390.74112437204485
397.4503823037135
395.99953570761926
384.8561490440811
385.23628357486825
394.19944350674234
395.3512031128336
396.056041340998
397.24672683875303
387.69831663832764
391.66912318325444
386.0429378502843
396.2483345245982
392.828253891166
395.4365039734658
388.2107300738782
389.9717275398002
399.52828139058795
402.3833281113042
394.0748260549129
394.1193071147588
390.8998221731084
379.36605328727234
380.48430093796577
378.09006653072413
381.58932897283074
393.9809985282255
393.4666794386499
388.62270194582874
388.5624972371434
375.1376306731738
375.2139354138616
375.3075875656703
384.71497519976845
395.04297102849995
393.2434215132295
393.20367383063797
384.38440828675465
387.5995243173732
399.9278783772444
387.9980583104491
378.8425053985626
387.73646998725263
387.2255806405308
389.768968481688
389.8658281967115
390.1147605003792
387.1228822582883
382.86672267988905
389.5475106581316
388.95955541366743
390.75194402901826
385.7949338131102
385.6091708001774
385.90206665024766
383.0817706012594
377.2329302828552
375.63379649536705
382.91967941552696
380.2910100801199
383.2118587371162
391.6985744358397
405.3646835342955
409.1970067648281
409.6520931377336
399.16828756159674
390.1946953332837
385.91384759806544
387.49603430433365
393.1050754388034
399.4786015869954
397.52385376950343
398.0461202815339
400.97379224803876
404.43131863975333
408.40500364159436
407.203707681477
415.4792206836254
401.6664929090488
393.0959619146551
393.0485982744522
387.1818556357146
386.47888241445474
380.83175462652014
378.4815998031034
367.63038836897505
368.1310028249963
366.787841073927
367.6750266094379
379.08656610708783
377.4295539559225
370.62138480295664
371.4183628911367
380.6311431938736
388.0515986737204
390.4726306983816
387.19665878694224
387.32151941690483
381.3508354999335
381.55826728462694
384.7796547660343
386.4448798138104
387.22248369845687
375.29300104513476
378.5210523390903
388.84802322097437
396.41309207152597
391.04276587215503
389.1813853648571
392.89041600216257
392.0558860858637
396.3063395102622
397.6730004322221
401.84625033225734
398.32035591186934
385.82208787269207
394.2356035345672
395.388909794241
401.02846580299706
400.46537624156116
400.3698326853174
388.0483832397539
388.00615612997274
384.28509417180476
383.35936734016934
395.06593563277136
387.75115089431256
384.4353685230475
389.55893219721304
391.78412879186806
378.68501135644306
379.60636380662584
391.4817637012521
392.77760419543813
389.2996646702348
381.6858403423749
381.8884138613285
394.5949618446815
394.7162148162289
405.41259153150503
395.57411991949823
392.5900422882051
394.3485772606436
394.86974447856863
405.61661975928365
413.4152877261926
413.81362452267734
408.1928915626502
408.24245657343573
414.65679438530873
420.17331293558647
419.44065731767137
421.71617113053776
427.88541170965334
431.8510029218971
428.93641910311015
421.51706932891705
406.84430022497173
412.02547406954
419.51082717063736
413.35238653816754
414.58233834600077
414.8015959169662
401.54322523452424
415.52980104882965
406.6361654197907
408.76732479047416
408.7243633310897
404.63519463445334
402.58118969613287
411.06414670054784
417.2019096460044
430.6083807298266
429.377173275687
429.9484897468893
428.92579096304775
427.3331251888075
418.9742350843938
419.69368382060657
415.4375873938217
416.11639666453954
415.88101857661275
408.61321630583814
397.0710824762028
397.1349970837518
406.2798118949294
412.64152403239194
414.51313125248817
427.24581060681464
428.48872420315035
421.4995997097702
406.83350615374
406.27039360543296
393.63305458343854
390.3030364144155
390.35973176026977
394.06711570434373
380.99907964973784
387.6534506375455
398.2744608748313
398.31523458384873
394.51466887512566
405.2273104930881
399.62180371294426
387.28489892980525
387.39365480391785
393.99296239441264
395.2650751079543
399.4518536248473
403.8412343843756
406.3091008723025
393.54404537645377
394.32726113285315
406.4191599739092
392.9107312149272
404.49748489740665
408.2608089122969
400.2767908547249
387.95129469308085
400.69748989160956
403.89255134889044
392.5022437129978
392.7158346696577
402.9232052366423
407.1122503166515
402.9223633781489
400.7522961975127
400.6988784600531
404.8466886672843
417.01192257591435
416.924549955946
416.81191463793493
415.59159699248096
410.2702616649483
409.5368998263777
399.81389078843415
391.7245139760066
387.9646423578374
388.71202363627395
387.99775581226896
382.0625847920882
386.36146478793256
385.379218449886
397.75348723910486
395.02620122179667
383.37540463066193
374.02087868743655
382.58107332724444
393.38630709651017
392.0507908661441
392.12594852697595
401.85872949425726
404.9025990989422
412.61144318966956
418.8935838083595
420.0152995997673
420.44619364667074
416.96676006238243
413.3838701994269
413.8848929313044
408.1950325382926
399.4633400065844
395.2584062151927
383.1597572123656
381.22884428825387
376.279985715061
376.0820174615349
380.5314145754731
378.8604947290841
391.85164011879675
402.7988388913222
400.94889661676615
407.81567942585923
403.8173338392301
401.02407076430353
400.62963227996363
400.5871487794938
388.05335184444897
392.2508851023164
382.8546290000268
380.547107065065
378.14068795126576
379.0247868909522
380.4505131065404
373.14011618665495
365.3327404746526
359.39098931509
369.2200085368203
371.3499078251954
383.22563737830797
370.24937408973767
373.9507403145479
373.43759246019624
373.8837535707664
379.2230919106512
375.97495816086854
363.8238436902997
352.9526755874466
358.4800515937759
358.8098195165406
364.1605832887868
354.1574153749428
347.14960588540293
352.29375930808874
361.3146652538213
368.2268992559604
358.0747402749789
363.31926164155345
363.17650913534766
362.7380117774261
373.9438242737455
375.2175306071619
371.5276782391303
371.7324451576287
379.66541612493717
377.9712261085581
379.28638352314925
389.1911318399874
388.5716921766726
376.92207643540996
375.9712227601424
370.31347712580254
368.81209684553573
376.86364131544514
373.9935393954636
361.3645752888181
356.7438967186786
361.2181359770178
367.81376081753274
367.87220344196453
372.1058642887141
369.8612877974675
369.91384064908925
370.1287013114042
372.16266250001576
381.27182555742166
376.9286168565695
374.5198911391162
382.82743996902764
377.0296915078178
375.2187030229465
372.48589051640477
370.58095707327396
373.37599733328614
375.8819230314052
370.58314174779446
370.3077673042895
376.08475105253666
374.0937055289882
365.8341654009553
354.8391997573401
357.7854942859734
362.7038139492387
362.59578998893534
367.7108737890555
374.51517100759884
363.17175059545593
364.1139026483747
369.9718636684679
369.7998180820119
369.07224931683226
381.1651263387354
381.66695535289847
386.73420708273164
391.6385003949552
383.7675642090265
389.5643227372381
397.3712960111026
395.33389785874186
395.08606129211677
386.92186260852566
376.82880490344303
372.76157671690794
374.70888635008293
372.2722039024054
372.312529907148
381.5770245295783
373.52406744969676
366.1913281887469
377.86068260837123
367.1697909279731
361.39194157614077
358.6621889904929
362.61596292641343
358.27292712800005
366.8479655385283
371.27645986618614
376.15338871366447
380.45236380847496
372.57490374919934
368.46139522049316
380.1136715942988
376.61150428941636
376.29380025998285
384.2100924860773
383.4107941962289
381.75896275575445
373.1492641921844
372.28213489795695
371.34144478726574
371.18024546241537
364.78247133269156
364.5761250617136
361.20588718190584
373.4513514631939
365.5339107833878
354.6411407033221
348.06522220601323
346.7821428932776
337.18939645469766
331.2410521901304
321.1764451269043
325.38905681516485
326.40062110888806
337.1780073772106
340.8941077596282
332.33534828885854
341.83763478699
351.6184199412496
358.16850766850143
364.23869174977074
371.09863534732733
358.42146238125457
364.9619646214725
354.73215823662315
342.96288365452386
345.9994643292621
345.4619174653037
356.9178486512356
356.87140400531507
351.95380582571516
346.9642930179939
337.187516218528
325.6095990195108
331.0056989139639
341.35036058783027
343.27029684813476
339.96308709528927
339.8546471163054
343.19167592218133
343.6245308247154
332.7610758219965
333.8505846151542
334.13147734358205
338.5935417103565
345.2094541242104
345.1180113863419
350.1562852127669
358.78053227356384
355.91536776000305
349.2972036125985
349.43810397397743
347.4689885355626
337.6996816478243
346.06801030127406
348.87041087520976
360.906282849558
360.79057674316084
364.7247820596357
357.5623191313447
350.14697307772406
354.2770094883926
354.8293974192651
348.6545523620909
360.3533212988722
359.11810447143614
358.9831549271348
366.537172079015
367.833118283441
373.8768174137064
376.89819142215083
381.4155978328581
382.0873332846428
370.8103111466937
370.85138013106456
364.12168786518725
367.28303607883777
356.9291365116847
358.43539990972283
355.45666077318
357.10926635031484
356.8014297481441
365.7652443291205
373.5390212189379
377.7213447074552
379.1613091743592
384.6251118878648
383.7811581306358
385.40378359119694
377.5108088979967
374.3506855358496
374.19792650410955
379.87312763518196
379.72890606235734
368.1347545503507
368.26731747317365
360.0998247131151
360.474433605323
360.6218107453704
355.6492686813409
348.00161019367476
351.3853716880294
350.81327237055785
351.05005557970554
341.62535347412336
337.09316611338403
337.2513655771497
338.481769235276
332.1550626400338
331.9917814557587
338.4916138624084
339.5009254566271
348.7878170355432
340.75599865953365
340.8026066413928
344.6582604424634
336.88791385529674
345.1012195932908
335.84910715707116
343.0325182000512
338.6240373458522
339.3148456047395
340.9958248190231
337.73546030519503
342.6327860818309
340.5881679060646
341.16997107172716
339.4787474610577
343.97192948887545
341.74058314199715
341.8352205723194
338.2444443993644
333.37656784457704
330.4026640365424
330.84448797957555
332.3693087321876
342.96044733143793
346.6427759547976
341.34518412712026
342.941286243325
343.65301420593926
348.939510831097
348.38025219386276
360.2950394068079
361.9306030853957
353.09788700403357
355.00496924470895
356.4501850924744
347.34219921878207
350.21313408842417
345.89721683625135
350.07108438074727
345.5088901608443
341.05551265791087
329.8743721881143
330.00419206405167
327.2820777482558
327.4028584761716
323.05620112523377
323.4628601639561
318.0253561124708
314.1661105086277
319.50173008398656
327.2845052209853
334.07449127489053
343.5384438998875
337.1798747657264
334.80939329910535
334.25636798915076
328.92037897550307
335.56467345556706
341.40429987130085
337.6868014206174
330.5491976870043
328.4247254490863
328.06563711986564
327.04854839108685
324.8058704943681
318.04726725029997
310.88696680410754
311.1940493899438
310.7797976368947
311.2850447937334
312.28213406753804
312.35442837031167
321.6229089063653
319.0612747795503
320.92841227998895
327.32093833985215
333.30613736982224
337.7223499487579
332.7570319564664
343.69162290708135
335.9412532140202
329.8591355420976
335.5041526422649
333.50618899791874
332.9650152166169
328.614791221516
320.3993932841094
327.24889769703236
334.6171429923085
340.2693632704869
348.245751542771
336.7956604088013
338.6210059105268
341.718565614127
341.7529216327092
341.6000922268942
351.1094964037479
356.9536187542018
345.39418146018903
344.9045127762247
341.90073798704873
347.8195098815253
352.98183055223376
340.6796702863562
335.60189722870626
324.67461068316504
324.0710990617626
312.8038401992308
313.49362854125013
313.6954596562592
315.95286017080787
316.1996097709609
316.1338945427363
326.80820568513684
324.68081984148404
330.16542605614404
319.3330685495875
315.1248434449427
322.7610107214783
326.86222218410177
334.34871579036775
334.2665390982402
334.1990680886136
342.86204458460077
334.360503016313
334.9118436038772
333.38454326117335
333.8145354926006
333.57841234981606
332.2908328342659
325.69985330356093
326.15395998332355
334.32275819803226
345.42336994133495
338.6859394345061
335.2167992742197
333.8348867183683
343.27526943557586
346.63201894720464
346.4832626735566
342.93062004083345
340.32833665035866
329.82114336188516
321.1641094316453
322.1424688688764
314.78179635701827
318.62619290554187
316.50323033789385
312.31796642573994
314.1394807089534
318.5124926461205
324.49195623856605
331.4493757472347
322.75585627309334
327.5592008065051
318.1206587079783
317.68003917298535
319.96356453603016
329.36794484271826
339.02753180083215
341.9691241195313
350.80784995047236
349.8918135633917
347.8003121047124
351.97812031149545
352.4400425465267
348.42086698992983
345.4746897740709
348.1439580917229
352.7258761337639
347.69658953841633
348.0262684585975
340.48486387902864
337.96502018309627
330.2692814997202
331.16219968722623
338.42843074590127
345.2813267490022
333.71049337594724
333.82650181695067
342.7787980514449
351.2052703190428
350.5580662986554
359.16945427684266
350.4631649472048
350.7367560728805
345.8742048764578
343.79246282838744
