4 0 0.0 1.4857773105052354 8890.138681597191 1.3238652275840677
326.54615491678345 317.0490228265976
307.8933968176817
297.58669048396786
292.7117907753057
283.0680835899714
282.7806348459038
282.6569254596064
280.635656136326
282.64977010564587
281.94129571606953
286.73084185623156
283.1961510728604
283.75471165481696
283.7969585724543
287.88818323464534
278.5656141253016
287.80444233661467
290.6034576085844
295.0294827597425
285.27466838513374
289.0563720446819
290.8677939222793
299.1532122559356
293.503374803032
293.0008648036274
292.863993821423
292.4112825159081
290.787247586076
291.0595074758533
290.9119197288766
286.6170558940943
278.41709068323246
279.25000454064116
278.57626288769654
277.47576903303957
276.0109673785378
279.7981001679447
271.19279095062376
272.1032651616829
275.42925598050994
270.13422824751416
270.33419149688075
278.77318489631716
276.2554138586745
284.72939341335115
290.5469740412216
290.5006517972219
291.94595908277626
295.2964827727883
296.64993349770964
291.5596433990282
294.54328574885733
294.31045073763056
288.3997908693301
280.56236182728713
281.91629833711676
282.1075183711055
287.73691744734055
293.0139626090261
296.20473285944473
295.75824740977384
293.63547909105176
301.0357785606143
298.94584496848637
299.7762403955642
307.6355433829297
308.3953738328433
302.91426169531576
295.1979052298679
295.47100979333953
296.7029110961397
290.01237347482726
298.36737078413427
295.825713184172
291.440573341114
294.6048519651516
301.0029807550147
293.6741221106741
294.23517450232634
288.9275390004628
291.63872040756627
298.30143040136267
291.6091929197132
296.3324984340897
302.2185609528125
301.2133366166428
302.9947069833039
302.5036360410465
300.3071984626945
290.8195182902156
299.2056251872195
297.0670192302733
290.56076829805437
296.6885904228913
287.5263971339296
296.4712909742205
291.46314758963575
297.9881275108693
300.18577052238044
310.53665633737074
306.8785567236207
311.02916393658626
307.34436898467027
303.26451392944114
301.3260582044245
294.66048575159886
290.93944279368793
293.43690365253275
290.0503058078871
288.3935371026082
282.45502245268335
272.60879789027115
272.7188158189175
274.46867924141964
280.9620029031729
286.113874781578
285.24798695401535
283.8017811750868
290.71064469905934
281.97156250248474
283.3482376694676
283.4293417861873
282.17373652323465
283.3713577336801
292.1460007676956
302.3260667501699
294.6251321653995
294.4486063529168
294.3204033229267
296.7919716942419
289.7884815285883
290.00625704304343
287.4638093294629
289.8452901231464
282.8111799638976
289.3681839951654
282.51390710987994
278.29298240846464
278.8230705511726
272.1471298880126
263.17809463520047
265.9954008386908
269.46030936556605
276.9157211358948
277.5402135703958
281.6545497300677
276.49189664263287
271.15792496263236
271.83888330415357
263.9772281771566
267.1878149450556
264.59018789563686
266.0488234636802
266.68935997647725
272.6215945018755
272.5720966381489
278.76839581880455
269.1243484850779
274.4366676105006
273.11023945740976
274.698082312855
272.37867733455636
273.2109233941574
273.2787999429384
273.11100231553445
266.9867158864109
260.2192785897403
263.0020521836498
253.80949470835864
256.8488625049807
263.4182278237462
270.6490022876431
273.7724587794969
273.69983049273844
275.0874578612085
269.68356841960696
264.5507175927528
265.43806148727884
274.67163464451164
273.64111424336767
272.847099722184
264.2775689523592
268.25698683612325
270.843791338365
263.08684432927345
258.72350385820687
257.4622509539893
256.3274524873741
249.8500740317383
250.09896500566603
253.55754746807233
260.6617639283808
261.01754736051873
260.6613060384085
260.703965530744
267.2376898433842
272.60151517476424
265.8448392892369
265.70516370898156
262.31245576712195
256.85462633455575
259.8259851003855
255.52488757951002
254.61930353507296
253.5592664020264
252.45313943635836
244.7860282261034
245.70909531291443
246.40945704281305
248.92330728146942
257.05987801743817
248.85241562479922
243.17453269109373
244.58274085137992
251.69890040108567
253.2785149927422
250.27602917436676
251.05908695797388
251.1176447807021
246.76444440824116
247.74912677682906
243.65765001744535
247.84482611279066
248.08072154783048
248.1330274626489
242.78792487451128
245.1546052162532
253.1688410477185
252.49914455563393
246.02155142779273
252.54097449386427
244.8348044681071
245.09203734395305
251.13610005107802
251.01585234681562
257.5440543593746
255.41295766456915
261.97775472438894
262.51294173343575
257.82573868278024
261.9599802312495
254.28638805577327
255.25558263649586
257.399540725329
258.7769953074357
250.15235593491255
251.35797028511817
251.40234818246233
257.07686291729516
263.14088403203067
266.5818299568508
270.30797000279966
269.2080606710219
267.6045048417958
269.0843116606343
270.86539167280466
274.04042650720066
275.2213658159628
274.3644839441118
283.21730322524047
284.99690735936974
281.97104456153784
289.30404237788946
279.25707743363085
281.09754245643086
272.4164420282853
263.7602428786855
259.88363844909185
253.73274427714654
253.94471696194023
245.55028310620315
240.5007266208068
235.3021335016948
229.84097734000966
227.86993422257083
227.46378293993516
220.838466728784
223.4577750233221
219.15264246653467
224.89704026492927
228.79454982134214
222.9093123426877
219.77329440007614
219.70474564055445
220.10999155280032
215.36163105080706
208.92651500646744
212.25753575024615
214.57418267597748
214.76675046645457
209.79305074004102
205.46962399258362
205.50335313983624
212.45427041242897
207.76395291276782
209.00683873702783
215.667803003391
216.25958527420482
215.82004093654302
218.0779717588668
222.08180945285122
219.2314190789771
213.18291043652667
218.09784495352076
224.1494260226831
230.90256225259904
230.49298982141153
224.04919647765644
216.48362027587936
216.58401560353235
218.3875591823937
217.044151643508
222.8464816374311
222.59704937318008
215.916423410147
215.9749445135912
221.5719271362019
225.3711541185614
217.8254024938921
224.25568413078102
230.82696652938037
232.98357110761302
228.04340472732449
222.16908277811302
217.28439879125665
220.99820754138653
218.05156464527897
220.9719762015335
220.9050706758571
218.53402827251432
213.36928287311903
212.14902056670033
219.10615811727138
221.59906665149614
222.26734120305287
217.0541535710822
219.2072173883124
213.38213177188254
213.4255818661283
217.05517687637703
211.2212613404368
214.64027471128577
215.9711316586147
217.52910144490917
219.0181845985354
222.13451143404254
216.2930008138312
221.79627155832526
228.01672133944058
226.8028440552152
224.10861719498723
224.34526349381704
219.59628983752933
220.7020246547046
220.66408453372577
226.24826933901255
226.0967334819588
226.65019226645865
230.9245981040832
235.80662579635592
233.29534837696656
231.5166182452266
224.81783581581504
218.3202258991551
216.46310964576267
223.71437345604915
220.66076588486067
220.57058495548569
224.40198125773338
219.94777075912586
219.5266085822882
222.2217560035462
222.6202964982619
225.33212040996244
227.57425607438626
234.50275701864464
226.3043612958599
226.3993690613629
229.59548677505796
222.89015075517406
230.55904889637046
238.03898190587145
241.68515661354562
236.42654724930617
236.25476755252157
238.1067274833798
238.85110614215847
238.13589008605803
240.20794602145006
243.03464338993703
250.951762700103
244.38946477602974
251.34074820649465
246.2325946366108
239.86503824699219
234.90360578432166
233.38792814556112
239.98582610587601
235.66245832700562
236.05076144304454
244.27837123578857
242.86931543266087
241.4885992887988
241.68545011023735
241.48819701070474
244.3324945815905
244.64100500232584
245.35980064439394
246.52103543811575
244.01753903164487
242.63141471903717
250.41465852699434
249.86554492915016
257.43128205447647
257.4040278735556
257.6092516885932
252.32447022766337
255.78675239072712
259.2586071703677
264.10410903157015
258.85637406641246
259.4677207518841
256.97941298315556
252.35612691866274
249.78977612096466
247.96453028548723
247.18208454110749
245.7748425517011
247.665057702316
246.79430142567608
240.81566106229195
242.65583839868725
250.9910909204659
251.10916015474143
259.86934560198006
258.0805204741349
263.32485636642514
271.3423165651412
276.90406245651036
281.9640096149798
281.19771843332876
286.40193204839386
283.72337056681016
285.48626544441146
285.1854410814685
285.12701909051884
284.1826217874507
282.9911273062435
278.310776659685
278.61359206923237
278.1926148861249
285.4363378414041
282.63951082280255
280.20008775331814
271.3313014954016
264.0849647959682
256.4076501651406
259.2068356645291
257.91860111657644
257.7318540584584
262.6963732203192
270.6476218447992
265.8022655910629
269.98122639377675
276.1384430254564
268.8856506838545
260.99314757570914
265.2596496530285
272.53791857955815
275.04482822292505
275.2382434185675
275.43573053326696
277.20365897064187
284.9418384857512
285.10290845215354
280.57740227416565
278.8128090535495
285.2530519652804
287.97611567172765
293.72705516858764
294.02624286219685
288.24795281044055
296.16814384437555
297.3190125436147
303.29195781866076
310.24761992999186
306.5373324751575
304.0853992056386
296.3256137235316
296.29481712670827
296.19497218969866
292.53528278148076
291.9047897506779
290.6817220439996
287.1389624986336
283.810403075058
278.8082961275732
270.46985839592503
272.3341220082132
277.57997648885186
278.4860314181529
287.4585081069602
288.78466086764115
293.51396026275785
303.0706331369342
297.3263410614299
306.4167941922534
302.27171674932254
296.06665624210905
291.5980193252671
282.12539766287375
285.90772421046216
278.6961092310998
279.0133856721265
275.87479596221925
275.64115138784024
277.48206567133326
278.66097573742553
283.0071648279417
281.8558064188954
285.5195616239568
289.21937674984713
283.33610140537104
282.0489463784695
283.2227361069723
281.9743094696512
281.90352114700886
282.42041959875644
290.8822856646263
298.78721883832344
297.5014610382923
297.3395871018714
297.4405110438853
297.34873566209603
296.68152622154486
296.92343760932744
295.33548045826416
301.0085293885384
296.73600658593296
298.15726577419554
294.1911790601827
284.3589962235891
280.6878029026678
278.1069266166845
280.0438564590605
275.88897992470584
273.0860663382974
281.2004080299147
279.6934538965954
277.8635556464149
278.7037727173058
281.09284543593776
282.11189427831766
287.1218782736593
287.0005193643597
284.5141854895379
289.2928085189796
294.68987800062155
293.2626131526365
292.22371153881477
291.10917417225176
292.5885388695072
300.32998813468623
296.6412771375762
305.8692203859104
309.64238907273324
311.46741885098754
322.1336295110759
311.0359753591734
304.06445031590886
312.32963896001723
303.1239054173936
303.2143251473499
296.85157279831765
295.8250728420598
295.02569424046936
286.6537611197349
286.73112022637713
294.33670683385293
294.55859199219844
294.30515664031907
294.9199185778855
299.8376808761893
299.89021624295117
302.7847439837317
305.01347607460593
315.1384009527295
311.3627097866106
308.34737851459533
312.39263516863883
309.05938076795064
311.0508239157687
315.9094161480479
324.1366091609363
314.40278876736687
310.23389743972473
308.6557633963853
313.292181891663
307.22123360245314
298.8563341113397
294.50837969273596
301.0264993952786
293.3156881696286
293.0670537055126
289.64694501646653
299.7808698623865
300.11694020669717
300.1530900071874
300.40362090798294
308.1899199374108
308.23406558072315
304.5090496754547
302.98822759165915
296.6296061639879
295.62237546676783
295.3593395759292
295.4259519388174
296.3562681453042
287.6552203350098
287.62640682121577
282.95025461548215
290.3367840395112
283.02352801254875
283.07273009603534
278.1176656805999
272.8325208549655
273.17353208610496
274.37852665671903
283.5491536632234
283.82768765625275
288.91408079683725
291.2839602814545
291.8216345482172
291.68207071824537
298.07636746721613
295.7570940025214
289.1164904882156
292.5576536156824
295.2866308466292
297.53029019975014
300.2302126741151
297.23693771115944
301.19189524845444
308.93709017455984
306.5484973676954
304.339486928221
295.8623356272975
295.07703567122354
292.7457669142512
294.6891683082867
298.9586467919294
296.9537258812622
301.03649263105825
298.23060253401246
297.7605619013943
306.8631285268603
302.4525857080088
297.88333419988203
293.5882045300906
294.78188091654744
296.981429120198
299.5440094414032
290.8600718821555
299.7521601683167
300.8921371329151
304.36275372023766
298.2792797350997
300.3393660176014
298.32000107002705
294.96877811609295
302.17094906862945
297.28305397759107
301.8575577157591
295.450974044889
289.4506490948744
281.57110522967065
278.7869613215632
278.3738561300424
279.7741590395795
285.22904244840674
284.1539292450527
285.9878406584798
290.2367254104826
293.50515259925373
302.62391924602645
303.24732612060967
309.01903777182343
303.8970231916077
299.0005562726594
296.4264680600722
298.9816808349484
293.06534839125015
301.5724734309645
299.6881482584206
296.4592565279505
299.59767525908046
294.8694765420325
294.7908822660819
293.7617449899562
296.08069249601465
296.1181091306849
287.5834905228925
293.01533824907744
293.507918186064
294.18934923307614
303.5826036729652
304.8918891529792
298.2250221513623
296.99933401351717
294.4040351659832
293.7107244348652
293.6448619733401
297.53235674834303
297.47980897949583
296.56581204581323
296.5245999858938
287.45238417366664
288.5241026705522
292.37500236714925
287.0205203232839
294.68878591953705
285.0890480561156
292.90701104091966
296.90532701134003
303.94826009854364
298.1810507791068
288.9819770572455
286.7043632812313
288.99001921592026
297.38521109074856
293.41760701351006
296.67176542264184
304.2186781721451
305.30063397634564
295.2520980231782
296.75504924016747
290.43642718053655
293.572103435331
301.8673709640589
301.00429448128443
299.9128967660445
296.0731761664461
295.4150976793029
291.49077207755164
291.5617419229453
282.86437168961953
283.4158886984386
289.25130668893854
285.87740614856756
292.1133685715886
294.2249502376642
294.706975460452
300.5209060328866
304.1159731235373
304.6915064486713
304.513792623664
306.49276229435924
315.5549564011019
318.4086634647504
322.55477745869115
323.66392580841705
320.4821235243998
312.5060274783668
307.6992764183273
301.75291045743114
294.18403799301467
302.5433690433836
292.6503956829179
284.1677521064772
286.58852267308134
292.5835877319789
289.82352279112627
297.366518407922
293.11714957402273
297.00467570486217
295.3778276864666
286.0892223117328
279.70224133118955
283.09672375144413
290.9503150824878
291.7716126688309
295.347846688312
301.1147988609083
305.17903792943656
298.0840660362534
293.0114894733493
293.05158873865247
294.0383119812978
298.52348321669893
300.40095024237127
289.96275088225036
282.09275750079144
286.8294561099543
282.7469122185724
273.0223783807906
272.9933961063727
269.04715053871524
271.6883437337837
263.7038991176269
259.0336080546207
267.58059871701215
271.61170485056283
279.0908342377878
279.99758206608925
285.59926607542354
286.0762490745846
294.2859070449721
298.03284025519724
299.20749624292364
293.0090780050824
288.5232481707268
281.7161384062611
289.791590978972
289.54998442662173
286.25608554246077
285.1918556580809
283.10148247839027
278.06520612275597
269.3254426040746
273.44025320681266
273.79160472735236
277.80443546893434
270.06331545651227
264.6905677232327
263.22476162308874
268.1984607158266
261.8761011503099
261.02269405727236
269.08337732912
273.61824982587876
273.75065896637227
277.22845432089633
273.3205911973024
268.34115649741204
273.5058093519193
268.62546947405735
270.5621438526368
267.7871959813445
269.79186285819395
278.39131997212365
279.2271983320142
275.21073418755975
275.02238514834454
275.82241723371095
275.8501414015283
275.79828182956186
278.38348256470897
278.54763176342584
277.04913281007265
275.1464919531342
275.10908713247704
274.91730385485016
279.07583328417127
277.1101088401732
283.3067551279512
280.05836248150587
288.28573799362914
289.6188447634341
289.43776149283804
298.5818274671008
289.64719980776596
288.3831972171213
287.20495199560816
293.73493623842126
299.6499100433288
294.83926387645437
294.2007298624091
294.06744706632117
288.7413021414519
287.6171073861559
287.092798590492
293.95299995086805
292.182498561111
288.2952423229557
297.5925379589639
307.2046017905647
297.8446052896695
296.5895022630581
295.0201279582244
289.6662245444342
286.92470063037143
283.9788016324217
289.3546369412951
289.02883513934
287.22518267965063
292.2916659261066
289.866864663074
289.5757600388946
292.53435200293904
291.3921920438982
287.9280412612309
284.7364156258654
292.78672633627724
298.83144109382044
289.4017188835582
281.4571427189428
272.73545680895285
273.6530605064117
274.61489971127116
278.20435097007265
282.4591912924952
282.51569254416233
283.0631872512909
289.8089410379651
294.4500398069561
293.18992957085453
300.0125828323773
301.66869687675717
296.2880535475633
305.70917027658214
306.0768383730698
297.27294531260634
293.80304814985624
292.62252488552
300.6987991779602
294.5153074798971
289.7717506554884
288.7850315523217
279.2205946726066
282.8399835131653
286.21719396254076
282.5574444962063
286.78247106018244
288.84846962675005
284.4062080036953
287.8922452885761
294.4034907113492
292.25850955349136
300.99527198561134
300.8066978931359
308.7238945203769
302.2972240038986
301.940095781618
300.9614441792494
300.3874210100842
294.82139630807524
292.6583795370803
291.20564143987156
298.0665806489429
290.5877867008273
284.68368779678383
284.06953140333434
281.31756670280356
290.3252989059598
285.192842666576
275.36070996546727
275.0558757895276
275.01985331862295
283.9661260716078
286.93586914116975
292.4145107222359
295.1854873100605
302.14199009408765
307.26337690168447
315.66531795579533
313.99639683458224
307.3007402039191
309.30753659366377
315.5318154219783
319.68909884711326
319.9915062449448
317.14358013819844
315.90537493674384
315.48007668524446
316.4347028591642
322.01829311157303
323.26090423345823
316.2034276358279
315.3221034729948
322.1435641076775
320.79875283571255
314.6976370338915
316.63571767241245
318.27856050378284
315.3862665418734
321.2564028250879
319.7034189734751
323.3198281240505
323.9263197881998
329.1204652971919
328.3842058295703
322.83282356127467
320.12701965530727
328.7949941986487
332.20804583959966
328.1761973096497
322.31872576677745
323.95208674136234
323.7734685372496
330.37542092808167
330.7263525990306
328.84140780149755
319.81437054683533
313.97228658127676
314.0498212015602
320.4185024292089
310.4514030986587
318.36387655383805
321.7927702509458
332.49001323183825
336.73423544044095
332.7118225812668
324.6153863329181
330.5401532991492
321.8673891460639
321.3295073947748
331.76368351002594
328.6177021422817
333.9689453329965
337.68642134469167
334.8094886474741
331.73509792210496
327.8988562885791
329.7825696850861
326.97981064564874
319.77450075757446
321.3682029799554
319.8673074310469
329.7644856961656
328.34962738129695
316.9401880111921
308.49366040568236
308.9083510502685
310.73683067503697
315.2143075852634
309.22620505048513
308.5120121147201
308.28090118587613
314.752109730753
319.6004566682759
308.4251808281702
308.7256696240483
306.58833300056784
311.5363530162568
304.2375454053031
308.68222829509233
310.926789736126
304.9369474919951
309.15043636460825
310.4366197898802
313.89507136874863
314.48435830205347
323.9324675196106
321.1506714439011
322.9249811267689
319.42497307734504
319.50642508733534
310.2727325105216
320.9069604371477
319.56035730607505
324.42168309134144
317.97794551350654
325.26529547617116
323.3585508583433
324.1264620480889
325.1061464280886
323.4265298322375
317.004954837474
306.43121875925067
297.919326208394
304.53393950144596
298.16406223383916
299.86731800625694
301.8995852604273
306.540799533534
306.2176568460498
313.25205596576205
313.96420053343456
306.66310743582324
313.58868728729715
309.9113332518452
305.8463396890184
296.0621891538844
293.5512163367905
294.25688241289913
288.8955595323979
288.78236883145024
292.48552827343025
287.45351873375324
289.98193196170394
294.6619872948846
303.58793174335483
303.6295506605782
295.58905568353873
305.5695675495337
315.42992503893146
307.43828937725743
316.8746593157541
319.5496947982409
319.1423083384152
319.19449432470407
325.66367365622904
322.20583238938195
316.2795177887157
316.0039393477486
316.34073582824084
312.45637301709337
312.21184695805835
312.8469601155608
320.4706703960543
328.8844283867288
328.07826744590506
323.66299867093676
312.608289789924
312.37526312750475
314.8113984892598
309.90575340763587
306.41965375918255
312.6062951308325
312.9122785796457
315.30560006555976
323.0829307642743
324.861918436805
325.0574893457297
313.83266225816635
323.10271747320246
331.33143633566937
329.7331290320829
326.020036661719
323.6767996181827
316.8465865740382
308.95915105044816
308.92653005441423
312.4681542022255
313.2599520944389
315.17695268342925
304.28534359536195
304.66025531715513
313.34831851173897
315.2681911562938
321.2810989276227
322.7760499191187
328.2674406380792
318.4288944563356
328.08958907104466
328.8352935926455
323.4748161547208
329.62250556280503
335.04382627989565
344.21199132606694
347.9728703727263
339.14574839267675
340.9543781960086
344.6967804591809
334.91115000273385
334.73543991786903
325.76906319493906
317.26341774538946
321.94733739644704
318.4801392823993
326.87227412387256
326.76651946448436
333.0873495717297
330.7520356254946
325.80693668528954
326.50119480715495
316.2845877335474
316.6664794714019
316.16037190924646
308.13362397580465
308.60702977454
308.55929619250793
307.9731061975136
313.9872205069652
311.8408353816745
307.33131381930787
316.96163762708073
315.2585912149358
321.9714292717516
314.53807925124124
318.2600615521545
311.2683673688339
311.3657753454968
318.144971975859
317.0404066592727
326.0077911779402
333.2884950138975
332.6354782983732
332.4475894012755
332.8721975136937
322.8453638673632
315.6713376065386
324.10649395662494
312.92894976827904
302.23248681133407
310.74708934718126
310.811079319369
303.94754539101604
304.97861776310685
312.4831536619957
317.55599704773863
317.87232581873474
319.5744621294959
319.615047909434
320.2093981865326
318.3618228508954
318.03561998627146
318.41204805843205
309.0035227536448
313.3602598671174
307.73747568104426
308.5583367078516
318.7275391336448
328.75792944299917
318.419017303341
327.5052837769647
327.47212127544896
327.8958241849376
337.51745186768204
328.0547201739901
328.1271283875947
328.4733725331423
326.65545640509924
325.9278438918147
329.568089725445
322.5196881471101
321.47645887639374
316.341746989465
305.2674749601789
315.82399181521595
314.4771567676264
306.51192037074367
302.70181386691326
302.0099813201713
311.757747676455
310.11609536762546
300.7434405604612
297.7309454543524
298.7010823372441
291.7719921484059
296.3499768443578
302.1167912689896
298.24312569862633
307.86753415501613
309.00202530084124
303.23354573113073
308.02433525028823
309.48143142845726
313.0913956278613
313.59745191952027
302.7514867094721
298.16781855568814
296.9380351099143
298.9035139904196
301.63446550533575
301.33398021156654
302.8967421928791
298.2955631031935
298.5244995802522
299.61213983251236
299.3973280124144
300.36304695712965
309.3786975411338
311.1928549126913
310.8552431917901
320.6306007841499
328.3149516433519
328.3496519268784
328.1234226693468
331.465549151456
337.16740911333915
336.74747534061703
336.56372330099737
337.4453292336744
349.1751534021352
354.32723967307805
355.0408219170117
363.46996302336066
358.329724268105
359.8915273426754
359.8347410284395
363.4317921219859
357.82392990878367
358.20562599324114
366.8191270654174
362.0169352344392
366.8534379348041
356.54267018898537
353.84852048221205
343.2324266727013
339.27802997553357
350.4442927506321
347.06972152951937
338.34700696794704
338.7656662876739
332.4378792683943
336.1105420292981
333.7900405589818
330.55332088406936
333.92540003117773
341.93179219577087
347.64643737192216
340.95222658655064
336.50548782017455
325.688721018926
332.37563010785004
332.4770169780288
328.18117934192526
323.1981067452943
317.3917145624319
316.73262262255025
315.740420236925
312.98854150580036
314.6547936912917
319.80256915001723
322.70645797762694
322.8862441306134
325.64742541894225
334.72665205581296
335.70160273481474
337.9393054873534
344.46504398061427
346.1931009011539
346.8441017658721
345.5757219394881
336.50312804988096
337.7314054760429
344.2159245679502
341.6070290705054
345.3543372838536
354.26063178497355
365.70667289690175
370.4772000861829
368.34529090053206
380.0436871483929
372.77351613419455
371.98122005099606
371.75741012910936
365.55794617293304
364.5086501701185
354.681483866683
348.0098191517055
343.63545811929913
347.3831704246088
353.06794722641655
357.9340373418628
364.97697095049796
360.954957142021
372.20129541217375
370.87832047444164
370.76297968617394
380.90621332868784
372.46629220049294
373.1858982559384
384.0400872295594
370.92192726782014
371.698608782497
369.0823993062822
362.3072036101735
360.4710531639073
356.4760765301179
358.8622072220167
364.49507241944065
360.3778336086936
357.6109733223838
347.2192774913189
342.38022071075795
345.30484355838746
346.3393351960102
343.0631861630318
338.5618361710498
339.6418318656134
344.47356901386036
348.8978490638834
349.09082020945084
339.11076974156595
349.4532591914662
359.477082060739
371.0230703539552
370.30723507569155
370.9638664683987
372.94958234980294
376.55937570376756
364.68382783386767
362.1095064219985
354.5983050829518
351.0035364494211
354.6687301718596
362.31525616938137
350.670243822635
347.9424097480279
348.05297174790996
338.9210817508567
343.6795143918354
341.1966720779843
342.42320526315376
353.74584276674113
364.0180887665224
370.2469337250565
377.2200159829715
371.2302377717391
370.08082272103326
370.04306636499706
366.5685885637456
362.38112668324777
374.29752609745736
373.31389973428566
371.28584381852573
365.82564024748393
358.0055646808932
352.3341550150768
351.5039202804718
