97.27084409206073 96.86901160408273
96.86901160408273 95.21392659364611
95.21392659364611 94.11199532109882
94.11199532109882 94.12552721791883
94.12552721791883 94.74532360149519
94.74532360149519 94.85464725156791
94.85464725156791 96.07491301519752
96.07491301519752 96.25827087651051
96.25827087651051 95.49537430324777
95.49537430324777 96.45845445833085
96.45845445833085 96.58154507944057
96.58154507944057 96.62960067742446
96.62960067742446 98.058588394084
98.058588394084 97.48954015955066
97.48954015955066 96.98238227991128
96.98238227991128 95.88881946337368
95.88881946337368 95.02115417787192
95.02115417787192 94.89256359164246
94.89256359164246 95.75549149921818
95.75549149921818 95.67475816294916
95.67475816294916 97.34664253257957
97.34664253257957 97.82793584069377
97.82793584069377 98.90051248665505
98.90051248665505 98.99060106484121
98.99060106484121 97.86998348672418
97.86998348672418 97.51344712967636
97.51344712967636 99.32821767294031
99.32821767294031 99.34300372418895
99.34300372418895 98.02314016154143
98.02314016154143 98.7321444568549
98.7321444568549 98.49587386923638
98.49587386923638 98.71841792410443
98.71841792410443 99.43448081431102
99.43448081431102 99.40380610779542
99.40380610779542 99.73151276106502
99.73151276106502 99.72106426648969
99.72106426648969 99.30070914149847
99.30070914149847 98.1548600200609
98.1548600200609 98.18397195654018
98.18397195654018 97.78014573831013
97.78014573831013 97.54772844372536
97.54772844372536 98.38367321629099
98.38367321629099 97.78224433565003
97.78224433565003 97.11057618121434
97.11057618121434 97.12919113175484
97.12919113175484 96.17658504653991
96.17658504653991 96.18694222170063
96.18694222170063 94.64947397916907
94.64947397916907 93.38844097171427
93.38844097171427 93.58358007809713
93.58358007809713 92.70927006555594
92.70927006555594 93.3006720669517
93.3006720669517 93.5920687419365
93.5920687419365 94.47643257863004
94.47643257863004 94.50566835995173
94.50566835995173 94.51969215601909
94.51969215601909 95.64260307007955
95.64260307007955 95.94851649494608
95.94851649494608 96.2880932690144
96.2880932690144 96.52291298736803
96.52291298736803 96.93452524308249
96.93452524308249 97.85820281612011
97.85820281612011 97.94056707025605
97.94056707025605 96.99198533610438
96.99198533610438 95.92651023644025
95.92651023644025 96.08857857761114
96.08857857761114 95.55495779650484
95.55495779650484 97.39835657673018
97.39835657673018 97.85519447818945
97.85519447818945 98.99223140888304
98.99223140888304 99.56370435358271
99.56370435358271 101.33099210165042
101.33099210165042 102.43342847968306
102.43342847968306 100.97156019624421
100.97156019624421 99.04658762760829
99.04658762760829 97.371177760389
97.371177760389 96.08041715120389
96.08041715120389 95.7270433705746
95.7270433705746 94.38565648106136
94.38565648106136 93.17580111832842
93.17580111832842 91.37687930297105
91.37687930297105 91.475761738386
91.475761738386 91.61570792002532
91.61570792002532 92.21458535641504
92.21458535641504 93.58586167424161
93.58586167424161 93.65193941141446
93.65193941141446 94.43190552221226
94.43190552221226 93.30938619780336
93.30938619780336 93.5143705980566
93.5143705980566 95.22066190145534
95.22066190145534 94.7415339511201
94.7415339511201 96.25166804305005
96.25166804305005 96.36698241725688
96.36698241725688 96.54650711281538
96.54650711281538 96.69030402392173
96.69030402392173 98.52235447284153
98.52235447284153 96.8017762885994
96.8017762885994 98.63526092598394
98.63526092598394 97.0817968605509
97.0817968605509 97.50024948930786
97.50024948930786 97.76049392807174
97.76049392807174 96.61432306080982
96.61432306080982 97.11775806246969
97.11775806246969 96.21346382777143
96.21346382777143 97.07359331415896
97.07359331415896 96.00237064228126
96.00237064228126 94.79981124382819
94.79981124382819 95.61111289118972
95.61111289118972 95.59976662713956
95.59976662713956 93.99812701987234
93.99812701987234 93.97873621472502
93.97873621472502 94.49246823902101
94.49246823902101 95.03014725725754
95.03014725725754 95.2535525998986
95.2535525998986 94.26031584882162
94.26031584882162 94.53053767587477
94.53053767587477 93.04585239337379
93.04585239337379 93.50747489058448
93.50747489058448 93.86678815141421
93.86678815141421 93.93897698503098
93.93897698503098 94.31567471538544
94.31567471538544 96.02812104935094
96.02812104935094 94.59048647047533
94.59048647047533 95.2550608937942
95.2550608937942 97.02793778157908
97.02793778157908 96.07415733237083
96.07415733237083 96.06129769166584
96.06129769166584 94.9008803529769
94.9008803529769 96.68931391857897
96.68931391857897 95.88185285550821
95.88185285550821 95.89692585419876
95.89692585419876 96.24197669795853
96.24197669795853 95.8035021266168
95.8035021266168 95.16058632064936
95.16058632064936 93.79764422851521
93.79764422851521 93.48066610629856
93.48066610629856 94.05197409534304
94.05197409534304 92.27403953543882
92.27403953543882 91.49381109433834
91.49381109433834 91.42456369594407
91.42456369594407 91.34067152777695
91.34067152777695 92.35573131852678
92.35573131852678 93.34899684991706
93.34899684991706 92.94028046863724
92.94028046863724 93.75551868975573
93.75551868975573 93.91389344845527
93.91389344845527 93.93377797468193
93.93377797468193 94.41091445497445
94.41091445497445 93.16372542104462
93.16372542104462 93.35348980415678
93.35348980415678 93.50777524371723
93.50777524371723 92.58091889707894
92.58091889707894 93.80877655429303
93.80877655429303 95.58376671876663
95.58376671876663 94.41326042059903
94.41326042059903 96.10928279128869
96.10928279128869 96.14211508575228
96.14211508575228 95.04431996938003
95.04431996938003 93.38738175206723
93.38738175206723 93.68650396318843
93.68650396318843 94.07119030513056
94.07119030513056 93.90537106773333
93.90537106773333 92.61601571891639
92.61601571891639 92.7343834446525
92.7343834446525 92.48161419242948
92.48161419242948 92.5119396268364
92.5119396268364 93.96717068402504
93.96717068402504 93.99740672517736
93.99740672517736 94.60702384762682
94.60702384762682 95.42636033341343
95.42636033341343 93.9162975976171
93.9162975976171 94.13389162667248
94.13389162667248 96.00245608602181
96.00245608602181 94.37082046370551
94.37082046370551 94.05956948884449
94.05956948884449 94.04404704626253
94.04404704626253 94.62689760677185
94.62689760677185 93.65859330519916
93.65859330519916 93.78147350916102
93.78147350916102 93.80449244354217
93.80449244354217 93.91692107594542
93.91692107594542 94.0249567784467
94.0249567784467 93.3241278378958
93.3241278378958 93.0956907159186
93.0956907159186 93.37298610515066
93.37298610515066 92.94471346788156
92.94471346788156 93.15073550696596
93.15073550696596 93.22148909457475
93.22148909457475 93.05718018627513
93.05718018627513 91.97133101178999
91.97133101178999 93.17726854701647
93.17726854701647 93.43580643040849
93.43580643040849 94.08288830343457
94.08288830343457 94.0062700904337
94.0062700904337 94.07220698315518
94.07220698315518 93.53777484795604
93.53777484795604 92.34432748484801
92.34432748484801 92.4417996887481
92.4417996887481 92.50774434022954
92.50774434022954 92.68060699858316
92.68060699858316 91.70589772004135
91.70589772004135 92.40801692553018
92.40801692553018 93.38015916304896
93.38015916304896 92.57479864316309
92.57479864316309 93.77936544463816
93.77936544463816 92.23760266843819
92.23760266843819 92.3238341033248
92.3238341033248 93.72739784713181
93.72739784713181 93.0974687586657
93.0974687586657 93.10781855338406
93.10781855338406 92.92861983279637
92.92861983279637 94.71501237491528
94.71501237491528 92.8838335391189
92.8838335391189 92.7207454921655
92.7207454921655 93.01425513358423
93.01425513358423 93.07279441405325
93.07279441405325 94.01672214219286
94.01672214219286 94.32006026405018
94.32006026405018 94.67064612567009
94.67064612567009 93.99005465615167
93.99005465615167 93.50409823894435
93.50409823894435 93.9713057879872
93.9713057879872 93.91541578556021
93.91541578556021 94.18496204875905
94.18496204875905 94.17481588559383
94.17481588559383 94.0768889385746
94.0768889385746 93.61122244408418
93.61122244408418 93.56184357495682
93.56184357495682 93.62461307110088
93.62461307110088 91.88424221936373
91.88424221936373 91.10537572888413
91.10537572888413 91.93618918504684
91.93618918504684 92.36567217881209
92.36567217881209 92.28693028615201
92.28693028615201 93.0196935232664
93.0196935232664 93.40324936827079
93.40324936827079 93.42221401965371
93.42221401965371 94.77455699922044
94.77455699922044 94.61644452793632
94.61644452793632 94.43415286726118
94.43415286726118 95.45834782368306
95.45834782368306 94.12745197828679
94.12745197828679 92.39516517812153
92.39516517812153 90.72745891891478
90.72745891891478 89.00100395063029
89.00100395063029 87.9009759122973
87.9009759122973 87.18100430526343
87.18100430526343 87.199999519897
87.199999519897 88.76522173345471
88.76522173345471 88.94495693663725
88.94495693663725 89.88219319097608
89.88219319097608 89.05714691665048
89.05714691665048 89.55826102938899
89.55826102938899 90.06203548911459
90.06203548911459 91.43565204271755
91.43565204271755 91.52288258887559
91.52288258887559 93.30696974901949
93.30696974901949 93.28622998709778
93.28622998709778 94.95987518698816
94.95987518698816 93.13910607806947
93.13910607806947 93.12586449116158
93.12586449116158 92.77654025573158
92.77654025573158 93.90730219801472
93.90730219801472 92.67901925139581
92.67901925139581 92.70567772588623
92.70567772588623 92.5322277110797
92.5322277110797 93.27459401376845
93.27459401376845 91.54771434194863
91.54771434194863 92.55874289707104
92.55874289707104 92.5263852493253
92.5263852493253 93.7537092248099
93.7537092248099 92.21885411701732
92.21885411701732 92.23592582930401
92.23592582930401 92.17238104498949
92.17238104498949 91.8963069559136
91.8963069559136 92.89787034427819
92.89787034427819 92.85461991468264
92.85461991468264 92.74803945824588
92.74803945824588 92.73193354529089
92.73193354529089 94.18118787156268
94.18118787156268 93.71845672846916
93.71845672846916 93.70776907493878
93.70776907493878 92.42964107546379
92.42964107546379 92.76945375789737
92.76945375789737 92.66050315122803
92.66050315122803 91.51657740124327
91.51657740124327 91.31243732084295
91.31243732084295 91.99281018989018
91.99281018989018 90.8637495239425
90.8637495239425 90.73096858895133
90.73096858895133 91.73972502833135
91.73972502833135 92.56709193967492
92.56709193967492 91.90897281034422
91.90897281034422 91.70077618065602
91.70077618065602 90.37597150732091
90.37597150732091 90.34673128714464
90.34673128714464 90.371664524372
90.371664524372 90.38203309646367
90.38203309646367 89.02170460681758
89.02170460681758 89.48561242921892
89.48561242921892 91.13647449931068
91.13647449931068 92.35050272151571
92.35050272151571 90.50987903756965
90.50987903756965 90.53244989271586
90.53244989271586 91.43040115471227
91.43040115471227 90.42281265116264
90.42281265116264 91.85400655134116
91.85400655134116 91.52366331655995
91.52366331655995 91.67807451166217
91.67807451166217 91.6464939080083
91.6464939080083 91.4347695174473
91.4347695174473 90.97869207206195
90.97869207206195 90.99936038659605
90.99936038659605 91.66657201591813
91.66657201591813 91.23572482927875
91.23572482927875 91.20603233442289
91.20603233442289 90.60649579088462
90.60649579088462 91.01214916182539
91.01214916182539 91.68867736529093
91.68867736529093 93.46206676666108
93.46206676666108 93.21428382602882
93.21428382602882 93.29432573173804
93.29432573173804 93.92231898248806
93.92231898248806 93.60377116399881
93.60377116399881 94.46995756585251
94.46995756585251 95.27921379274228
95.27921379274228 97.16672040068109
97.16672040068109 97.22391319395912
97.22391319395912 95.43770362279768
95.43770362279768 94.30797221213186
94.30797221213186 93.61987441406252
93.61987441406252 92.02229789010795
92.02229789010795 91.75545990739667
91.75545990739667 91.65366598090094
91.65366598090094 90.82442069952495
90.82442069952495 90.70365826055446
90.70365826055446 89.43012185921809
89.43012185921809 89.44711069056649
89.44711069056649 90.1891393409194
90.1891393409194 90.90910208454657
90.90910208454657 92.13791285539318
92.13791285539318 92.23477005940464
92.23477005940464 93.6881137845788
93.6881137845788 94.13091083590142
94.13091083590142 93.92373299278367
93.92373299278367 94.6855074701158
94.6855074701158 92.8083237784019
92.8083237784019 93.09040858015136
93.09040858015136 92.72860889668715
92.72860889668715 93.42912815068692
93.42912815068692 94.5125820308943
94.5125820308943 94.81412317427997
94.81412317427997 95.03202540417894
95.03202540417894 94.455413180783
94.455413180783 93.6913375577591
93.6913375577591 94.36472086089793
94.36472086089793 94.38859308833598
94.38859308833598 94.06735433975442
94.06735433975442 95.3646935733099
95.3646935733099 93.80702368259897
93.80702368259897 93.81907634869111
93.81907634869111 95.02461278930991
95.02461278930991 95.37245290578204
95.37245290578204 93.6215063040349
93.6215063040349 94.31672740705717
94.31672740705717 94.33538830358204
94.33538830358204 94.32589404170973
94.32589404170973 94.94625784600636
94.94625784600636 93.58029763401115
93.58029763401115 93.42160232864524
93.42160232864524 93.68603601604559
93.68603601604559 91.8869436354964
91.8869436354964 93.20939222985368
93.20939222985368 93.84578631251914
93.84578631251914 94.17478415428563
94.17478415428563 94.14761814367037
94.14761814367037 93.6540018490695
93.6540018490695 93.22713923235146
93.22713923235146 93.67541369300639
93.67541369300639 91.80940042022749
91.80940042022749 91.83114904378841
91.83114904378841 92.87043118198498
92.87043118198498 92.90595650392336
92.90595650392336 92.37320195569819
92.37320195569819 93.49490042286686
93.49490042286686 94.3275523201449
94.3275523201449 94.27247031187764
94.27247031187764 94.74569282621349
94.74569282621349 95.76977564290983
95.76977564290983 95.67396908924027
95.67396908924027 95.2981018503199
95.2981018503199 95.0667672062923
95.0667672062923 93.54410943934435
93.54410943934435 91.96527102157505
91.96527102157505 92.18506541844117
92.18506541844117 91.17529654775018
91.17529654775018 92.20199343593514
92.20199343593514 92.2581005845353
92.2581005845353 92.54567387845326
92.54567387845326 92.53636236132712
92.53636236132712 90.90808909922337
90.90808909922337 90.01986757927207
90.01986757927207 89.12042347542858
89.12042347542858 88.72145781146071
88.72145781146071 89.85203434137867
89.85203434137867 91.01775331859021
91.01775331859021 92.48752386591738
92.48752386591738 91.92546224660109
91.92546224660109 93.16770651810111
93.16770651810111 94.02767142741467
94.02767142741467 95.54774105827174
95.54774105827174 96.37452996594479
96.37452996594479 95.26810495277216
95.26810495277216 95.25371733020539
95.25371733020539 96.94899753276054
96.94899753276054 95.69315971615491
95.69315971615491 96.10554833320795
96.10554833320795 97.42070742901996
97.42070742901996 96.6197553334096
96.6197553334096 95.1418454118743
95.1418454118743 93.28596271229074
93.28596271229074 93.4014156171346
93.4014156171346 93.37850799154887
93.37850799154887 93.21346335860235
93.21346335860235 92.54878709298048
92.54878709298048 94.09944434627876
94.09944434627876 92.22177429989942
92.22177429989942 92.25775036800583
92.25775036800583 92.18111200472184
92.18111200472184 91.79879047792589
91.79879047792589 93.23077808823555
93.23077808823555 92.87084660934671
92.87084660934671 94.3286867482955
94.3286867482955 95.14240131044322
95.14240131044322 93.93525663584843
93.93525663584843 93.63896128402016
93.63896128402016 92.426978202499
92.426978202499 93.1432952163097
93.1432952163097 94.53694781101191
94.53694781101191 92.86699624073849
92.86699624073849 91.56117375525561
91.56117375525561 90.5000269728367
90.5000269728367 88.71928638452373
88.71928638452373 89.46945283518103
89.46945283518103 89.65143109263855
89.65143109263855 89.72300605409816
89.72300605409816 91.48665168299794
91.48665168299794 92.22922813301402
92.22922813301402 92.89591942420853
92.89591942420853 92.8344769684694
92.8344769684694 94.61616427993896
94.61616427993896 93.76722479783311
93.76722479783311 93.92140760065043
93.92140760065043 94.21996695195935
94.21996695195935 95.59607690855384
95.59607690855384 95.9326661539179
95.9326661539179 96.61485566791285
96.61485566791285 96.57669227250085
96.57669227250085 95.66738207294135
95.66738207294135 97.0537945484981
97.0537945484981 97.47991876146263
97.47991876146263 97.92355703577465
97.92355703577465 97.0209365149189
97.0209365149189 97.14128383541659
97.14128383541659 97.8286209413029
97.8286209413029 98.94867071311293
98.94867071311293 99.08988617071117
99.08988617071117 99.2888923649032
99.2888923649032 97.78157662948176
97.78157662948176 96.2365634473117
96.2365634473117 96.08320264131609
96.08320264131609 97.23459883578496
97.23459883578496 97.18120101369492
97.18120101369492 95.80726181837068
95.80726181837068 95.7400315519505
95.7400315519505 93.94585105616484
93.94585105616484 93.75055507131543
93.75055507131543 92.48291011652336
92.48291011652336 94.17941761020667
94.17941761020667 93.76180544443314
93.76180544443314 92.95580687034456
92.95580687034456 94.09235075154582
94.09235075154582 93.08887376662
93.08887376662 94.47121642362532
94.47121642362532 95.32501363757123
95.32501363757123 96.48739064680197
96.48739064680197 94.7006482429257
94.7006482429257 94.57774911388834
94.57774911388834 93.87101379508428
93.87101379508428 93.40848404798926
93.40848404798926 94.91290350431716
94.91290350431716 94.37014201554473
94.37014201554473 94.01593669764496
94.01593669764496 95.02166266859511
95.02166266859511 94.98738682683386
94.98738682683386 95.19833280154928
95.19833280154928 94.93781468786037
94.93781468786037 95.02685016048125
95.02685016048125 93.63133333501335
93.63133333501335 93.4725756495548
93.4725756495548 93.8512328717603
93.8512328717603 94.93602131161133
94.93602131161133 95.9223668909491
95.9223668909491 95.99295113796576
95.99295113796576 94.30999188487446
94.30999188487446 94.42446221081268
94.42446221081268 95.57524809503067
95.57524809503067 95.60131150033696
95.60131150033696 95.03470061991193
95.03470061991193 95.16943408078014
95.16943408078014 96.41713008000116
96.41713008000116 96.65733903316988
96.65733903316988 96.24252805020909
96.24252805020909 96.26625210423943
96.26625210423943 96.59415441957874
96.59415441957874 98.2078678353967
98.2078678353967 97.77605979663369
97.77605979663369 99.31628620383638
99.31628620383638 98.50789163572021
98.50789163572021 97.024028043506
97.024028043506 95.13957056622793
95.13957056622793 94.33348070224996
94.33348070224996 93.342087536932
93.342087536932 93.28514038196406
93.28514038196406 93.34986658597497
93.34986658597497 92.00124374825575
92.00124374825575 92.0140273935408
92.0140273935408 91.87236567660725
91.87236567660725 92.38195108851946
92.38195108851946 91.06013550894333
91.06013550894333 92.78715969756334
92.78715969756334 92.61772426492745
92.61772426492745 92.06065558701906
92.06065558701906 91.12147919004471
91.12147919004471 90.0023732315071
90.0023732315071 88.94983992814024
88.94983992814024 90.68240578668562
90.68240578668562 92.28501711822629
92.28501711822629 92.48295406397304
92.48295406397304 92.7537069517551
92.7537069517551 92.53734580132739
92.53734580132739 92.60396193225148
92.60396193225148 92.70117035723415
92.70117035723415 94.02065603995715
94.02065603995715 92.68118500009017
92.68118500009017 92.76238454846361
92.76238454846361 93.13309316769057
93.13309316769057 93.48553309221558
93.48553309221558 94.49346494823396
94.49346494823396 95.20957582998811
95.20957582998811 94.6019667196657
94.6019667196657 94.97555830535279
94.97555830535279 95.03979570987212
95.03979570987212 95.58823534278184
95.58823534278184 95.29001037301335
95.29001037301335 95.66764043644983
95.66764043644983 95.74051758079207
95.74051758079207 97.28790928173788
97.28790928173788 98.81305169502615
98.81305169502615 96.98181195024986
96.98181195024986 97.25091392591588
97.25091392591588 97.43466859189856
97.43466859189856 97.14680458768747
97.14680458768747 95.739232938161
95.739232938161 94.31612219426412
94.31612219426412 93.26171818890452
93.26171818890452 92.73199525213313
92.73199525213313 91.01886747412794
91.01886747412794 92.82309882424325
92.82309882424325 93.45099788005642
93.45099788005642 94.48915068568729
94.48915068568729 94.92694392500468
94.92694392500468 94.3116467471475
94.3116467471475 95.18526024205559
95.18526024205559 96.26982375252545
96.26982375252545 95.92953483629161
95.92953483629161 96.46110341774286
96.46110341774286 96.41369368906877
96.41369368906877 95.71947081610085
95.71947081610085 95.24781137857343
95.24781137857343 95.05887875699013
95.05887875699013 93.78367139473757
93.78367139473757 92.23321666607512
92.23321666607512 91.82407457643107
91.82407457643107 91.92589354122596
91.92589354122596 91.09006459956588
91.09006459956588 92.56297188143039
92.56297188143039 91.08058084426645
91.08058084426645 91.05860772337475
91.05860772337475 91.594375106641
91.594375106641 92.70392933670632
92.70392933670632 93.87144221915916
93.87144221915916 94.10892254437054
94.10892254437054 94.57746379318813
94.57746379318813 94.47895361590184
94.47895361590184 95.2311347512364
95.2311347512364 95.54440833515545
95.54440833515545 97.35386896313105
97.35386896313105 97.27915763326237
97.27915763326237 97.33559637707788
97.33559637707788 96.74141463564295
96.74141463564295 97.02383149804466
97.02383149804466 95.23865506476102
95.23865506476102 94.75465453566864
94.75465453566864 94.02801816330408
94.02801816330408 94.9106278241983
94.9106278241983 94.66041842759367
94.66041842759367 93.47957446265484
93.47957446265484 94.04807679357356
94.04807679357356 95.11194471948853
95.11194471948853 97.01186214663741
97.01186214663741 97.59789199995492
97.59789199995492 97.47488732239209
97.47488732239209 96.72838256964832
96.72838256964832 96.4664452674323
96.4664452674323 95.54778820817512
95.54778820817512 93.82029021029325
93.82029021029325 93.58559933232274
93.58559933232274 93.86551284092458
93.86551284092458 93.843742455133
93.843742455133 92.12137476515252
92.12137476515252 92.09813109947926
92.09813109947926 92.246131783251
92.246131783251 93.93486333854379
93.93486333854379 92.43407014936425
92.43407014936425 93.02344974280095
93.02344974280095 93.82387328665826
93.82387328665826 94.96116900106136
94.96116900106136 94.93991255418723
94.93991255418723 93.52565466646122
93.52565466646122 94.47763049706586
94.47763049706586 94.75098169036053
94.75098169036053 95.0554167268724
95.0554167268724 95.07141840669036
95.07141840669036 96.47930289026704
96.47930289026704 96.7414004945736
96.7414004945736 97.96016112611395
97.96016112611395 97.92215683119801
97.92215683119801 97.93938063703742
97.93938063703742 97.305421893615
97.305421893615 96.6416354359602
96.6416354359602 94.8210098838602
94.8210098838602 94.03392939732461
94.03392939732461 94.10983565382521
94.10983565382521 94.59382268130435
94.59382268130435 94.38694102875854
94.38694102875854 94.69871388942595
94.69871388942595 93.87678997410876
93.87678997410876 94.48428590580978
94.48428590580978 94.26656203609902
94.26656203609902 93.29860924363774
93.29860924363774 93.83626383879515
93.83626383879515 93.93449256820386
93.93449256820386 95.80675086264792
95.80675086264792 97.20938403561667
97.20938403561667 97.52489483906014
97.52489483906014 96.84291996309135
96.84291996309135 96.65835400693418
96.65835400693418 95.26305778882404
95.26305778882404 93.84277528799865
93.84277528799865 94.05553578511254
94.05553578511254 95.33245561608045
95.33245561608045 93.55926840344995
93.55926840344995 93.49718703172725
93.49718703172725 92.67495911596806
92.67495911596806 92.2458014507255
92.2458014507255 91.33557935191669
91.33557935191669 91.42624429489491
91.42624429489491 92.7952643228109
92.7952643228109 94.64743778093364
94.64743778093364 93.66944580281258
93.66944580281258 93.89398304751167
93.89398304751167 95.25397386327224
95.25397386327224 97.00740002590095
97.00740002590095 96.53448330850634
96.53448330850634 96.8031728744489
96.8031728744489 96.57689843230436
96.57689843230436 96.40486768760631
96.40486768760631 94.78583910527931
94.78583910527931 94.85845419047541
94.85845419047541 95.00789990593971
95.00789990593971 94.58869957454891
94.58869957454891 94.51955191066969
94.51955191066969 94.91388640485474
94.91388640485474 95.38418549868241
95.38418549868241 93.99592207789469
93.99592207789469 94.0936582248698
94.0936582248698 94.25833947400375
94.25833947400375 94.40387686222147
94.40387686222147 94.06528429283614
94.06528429283614 93.65274213638766
93.65274213638766 94.06157226848879
94.06157226848879 94.96423532825676
94.96423532825676 93.83623716922835
93.83623716922835 95.37145126139356
95.37145126139356 95.48205104855228
95.48205104855228 95.58438404546732
95.58438404546732 95.19079453814996
95.19079453814996 96.27577693211296
96.27577693211296 96.07562667024555
96.07562667024555 97.76545397380889
97.76545397380889 97.7298745128212
97.7298745128212 97.41575980431183
97.41575980431183 96.12440377234498
96.12440377234498 96.55880772607155
96.55880772607155 95.88487455995254
95.88487455995254 97.32704095419128
97.32704095419128 96.01052146474379
96.01052146474379 95.49583206488529
95.49583206488529 93.98190106727614
93.98190106727614 93.94343981178085
93.94343981178085 93.79453303585224
93.79453303585224 95.43452381104929
95.43452381104929 93.94104283051576
93.94104283051576 93.87711667923652
93.87711667923652 92.10424936568664
92.10424936568664 93.4699033867369
93.4699033867369 93.5714380810516
93.5714380810516 94.65728461875182
94.65728461875182 94.75442006011478
94.75442006011478 94.84989738895662
94.84989738895662 93.57273964756558
93.57273964756558 94.73053761728804
94.73053761728804 95.33996769968326
95.33996769968326 94.753583248974
94.753583248974 94.77805846445295
94.77805846445295 95.01137860199248
95.01137860199248 95.22792740794142
95.22792740794142 95.66897738686235
95.66897738686235 96.89173077248557
96.89173077248557 97.13005259563099
97.13005259563099 96.32734849286807
96.32734849286807 95.72863705135372
95.72863705135372 95.80543197826964
95.80543197826964 96.97804596892564
96.97804596892564 97.21808840579997
97.21808840579997 97.71375603136686
97.71375603136686 98.12035131537658
98.12035131537658 96.9167295566109
96.9167295566109 96.92757806673085
96.92757806673085 96.19849021993508
96.19849021993508 94.58164714447732
94.58164714447732 94.22580849430548
94.22580849430548 93.50841685085136
93.50841685085136 92.61236431166681
92.61236431166681 92.66074737688689
92.66074737688689 92.78775943586606
92.78775943586606 93.78199506233125
93.78199506233125 95.56778835849495
95.56778835849495 97.40459819115199
97.40459819115199 96.9536012007959
96.9536012007959 96.65863098850532
96.65863098850532 96.49160802561329
96.49160802561329 95.46767362132756
95.46767362132756 94.70454344446955
94.70454344446955 93.62895883683952
93.62895883683952 93.83175478269887
93.83175478269887 93.72823905679665
93.72823905679665 93.0911656656903
93.0911656656903 93.80157416051533
93.80157416051533 95.38244627319453
95.38244627319453 95.97209669103867
95.97209669103867 95.50715524061536
95.50715524061536 95.55216439459467
95.55216439459467 96.86857241571407
96.86857241571407 96.73833779371645
96.73833779371645 96.76265414969588
96.76265414969588 96.67118359345123
96.67118359345123 97.6147747129359
97.6147747129359 99.52096539875801
99.52096539875801 101.49805137729598
101.49805137729598 101.40389737934225
101.40389737934225 103.05402031283425
103.05402031283425 103.14130940776651
103.14130940776651 102.02015901470558
102.02015901470558 102.69370956041163
102.69370956041163 102.72846306779402
102.72846306779402 101.89599787677552
101.89599787677552 101.88363793790191
101.88363793790191 101.66471031208292
101.66471031208292 100.18612209093739
100.18612209093739 99.5114309763404
99.5114309763404 98.0572739672754
98.0572739672754 97.55328066155882
97.55328066155882 97.84141798256528
97.84141798256528 98.16712971902935
98.16712971902935 97.63972755425954
97.63972755425954 96.64923949087337
96.64923949087337 98.51831531128585
98.51831531128585 97.39775334121818
97.39775334121818 97.20467785952039
97.20467785952039 96.94789660525771
96.94789660525771 96.7848870381091
96.7848870381091 96.74798526164456
96.74798526164456 96.36087918702232
96.36087918702232 97.36661873087746
97.36661873087746 97.90018355892425
97.90018355892425 97.47444259909655
97.47444259909655 96.14736926942116
96.14736926942116 96.36159373493919
96.36159373493919 96.34831479954808
96.34831479954808 94.88718279080533
94.88718279080533 94.22612658776674
94.22612658776674 93.92946478449531
93.92946478449531 94.65030203515713
94.65030203515713 94.17435946825582
94.17435946825582 95.77740460674777
95.77740460674777 96.82394105993853
96.82394105993853 95.2990608803213
95.2990608803213 95.3610164950753
95.3610164950753 95.5026410673775
95.5026410673775 97.07089635287582
97.07089635287582 95.35076251211169
95.35076251211169 95.73995611675082
95.73995611675082 95.69247922394607
95.69247922394607 96.63639849630266
96.63639849630266 97.26019766778568
97.26019766778568 98.75819764807481
98.75819764807481 99.1159489341062
99.1159489341062 97.1370112662189
97.1370112662189 97.21025616584834
97.21025616584834 97.48060686248581
97.48060686248581 96.81691540203462
96.81691540203462 97.47240431332601
97.47240431332601 96.9267407112223
96.9267407112223 95.2764061218278
95.2764061218278 96.52566042130772
96.52566042130772 95.62495084299027
95.62495084299027 95.3450346989237
95.3450346989237 95.93714678267237
95.93714678267237 96.69250258003211
96.69250258003211 97.0737985663763
97.0737985663763 96.57271196647244
96.57271196647244 95.83711059511761
95.83711059511761 95.57085545179548
95.57085545179548 95.08986848083437
95.08986848083437 95.16161603854064
95.16161603854064 95.04602637767606
95.04602637767606 96.63896263835498
96.63896263835498 94.80729654006015
94.80729654006015 93.72281180023776
93.72281180023776 93.83271145832448
93.83271145832448 93.87706958939512
93.87706958939512 93.96428536712786
93.96428536712786 94.29412170219172
94.29412170219172 94.84029105256073
94.84029105256073 95.53835179684391
95.53835179684391 96.6068926971319
96.6068926971319 96.8465149709742
96.8465149709742 98.45608267843551
98.45608267843551 97.93209757372863
97.93209757372863 97.8575844905341
97.8575844905341 97.71018009682173
97.71018009682173 95.895435051711
95.895435051711 95.79745822141317
95.79745822141317 95.36895522291161
95.36895522291161 95.26561689616152
95.26561689616152 94.3847088941468
94.3847088941468 93.96604720255243
93.96604720255243 93.94941916016457
93.94941916016457 93.36205465975138
93.36205465975138 93.1912397490209
93.1912397490209 94.90983504349556
94.90983504349556 95.15430661909934
95.15430661909934 94.44114468155325
94.44114468155325 94.18968149409606
94.18968149409606 94.20973954119827
94.20973954119827 95.78223579191439
95.78223579191439 95.23119759640873
95.23119759640873 93.49379610145199
93.49379610145199 93.54894366210499
93.54894366210499 93.68066838494481
93.68066838494481 95.51624993896223
95.51624993896223 96.23445304440749
96.23445304440749 96.8765003166533
96.8765003166533 98.46681012782199
98.46681012782199 97.23979262858393
97.23979262858393 97.22181160642499
97.22181160642499 98.81755386858384
98.81755386858384 98.78057053976175
98.78057053976175 98.3907345387597
98.3907345387597 96.6576202860911
96.6576202860911 95.59155808434257
95.59155808434257 95.67315382488667
95.67315382488667 97.20600018658497
97.20600018658497 97.2239375330394
97.2239375330394 96.45729998928208
96.45729998928208 95.80481272182475
95.80481272182475 97.30439460028727
97.30439460028727 97.02540023881613
97.02540023881613 95.78173746642943
95.78173746642943 95.06275344773915
95.06275344773915 93.52392749707342
93.52392749707342 93.73267042998488
93.73267042998488 93.67565730941877
93.67565730941877 93.6162938822929
93.6162938822929 92.42617643648133
92.42617643648133 92.47859042701184
92.47859042701184 94.21184291844756
94.21184291844756 94.22577531513936
94.22577531513936 94.1306374775766
94.1306374775766 95.19257535245
95.19257535245 96.6838382060972
96.6838382060972 96.56014371347726
96.56014371347726 97.12589961109796
97.12589961109796 97.04580214885088
97.04580214885088 96.46232265130965
96.46232265130965 94.5740411252809
94.5740411252809 95.108827390841
95.108827390841 94.41376262912432
94.41376262912432 94.02654951651888
94.02654951651888 94.75799629000171
94.75799629000171 93.5784862443925
93.5784862443925 92.58345518998468
92.58345518998468 91.26880199597502
91.26880199597502 90.34266060920466
90.34266060920466 88.75893350501714
88.75893350501714 90.13141997420381
90.13141997420381 89.21138246339973
89.21138246339973 90.23567636060442
90.23567636060442 91.86242214058066
91.86242214058066 93.28275059600642
93.28275059600642 93.51618543383148
93.51618543383148 93.52596774271747
93.52596774271747 94.3675878946765
94.3675878946765 92.54274187260569
92.54274187260569 91.98722950268764
91.98722950268764 92.16152134364926
92.16152134364926 92.5803001199607
92.5803001199607 91.8078833743189
91.8078833743189 93.50407320847867
93.50407320847867 93.84620883095135
93.84620883095135 93.89129413535576
93.89129413535576 93.92335560983679
93.92335560983679 93.94160922911213
93.94160922911213 93.16683210969332
93.16683210969332 92.72708948951146
92.72708948951146 92.6881984033226
92.6881984033226 93.85192775299203
93.85192775299203 93.94120698825483
93.94120698825483 94.62540803675493
94.62540803675493 93.79961249874455
93.79961249874455 94.04026930312351
94.04026930312351 95.03518747173675
95.03518747173675 94.82803357216524
94.82803357216524 94.89921817943606
94.89921817943606 93.05607917576577
93.05607917576577 94.60773975547069
94.60773975547069 93.91691432605741
93.91691432605741 95.12683611127794
95.12683611127794 94.73071302589933
94.73071302589933 92.84034643996736
92.84034643996736 93.01103127746866
93.01103127746866 92.91638980135009
92.91638980135009 92.75906903761441
92.75906903761441 91.86881913910017
91.86881913910017 91.85071737855144
91.85071737855144 90.25716406785256
90.25716406785256 90.01891776298947
90.01891776298947 89.68601275256516
89.68601275256516 91.05731329071867
91.05731329071867 91.3443386069771
91.3443386069771 93.16832371839818
93.16832371839818 93.78423171333388
93.78423171333388 92.79059867303779
92.79059867303779 93.03579691239055
93.03579691239055 92.40571742401599
92.40571742401599 90.77863107350299
90.77863107350299 91.97554183919164
91.97554183919164 93.7217164340605
93.7217164340605 93.08803342140831
93.08803342140831 93.44101218520416
93.44101218520416 92.235926369581
92.235926369581 93.64905319864799
93.64905319864799 93.16456091318322
93.16456091318322 93.93401178244885
93.93401178244885 93.65975846957613
93.65975846957613 94.51570661081062
94.51570661081062 96.27909961063308
96.27909961063308 96.89811074629134
96.89811074629134 96.23744088599472
96.23744088599472 96.21521703744978
96.21521703744978 96.06525554640076
96.06525554640076 94.22087826983238
94.22087826983238 92.80963961953522
92.80963961953522 93.11598202231991
93.11598202231991 93.29255430668151
93.29255430668151 91.61749723208163
91.61749723208163 90.37579741431246
90.37579741431246 92.09593349100913
92.09593349100913 92.22720950633803
92.22720950633803 92.49764914114388
92.49764914114388 92.5171642216374
92.5171642216374 93.69703947812228
93.69703947812228 93.66261122851081
93.66261122851081 93.50009417108393
93.50009417108393 93.58011504491533
93.58011504491533 93.46625141643383
93.46625141643383 91.8812084102259
91.8812084102259 92.56191536914537
92.56191536914537 91.05673175278238
91.05673175278238 90.57091831817668
90.57091831817668 91.63630656888098
91.63630656888098 92.38648618756181
92.38648618756181 91.03628482843668
91.03628482843668 92.48463318298381
92.48463318298381 92.57191124830237
92.57191124830237 93.88351323522538
93.88351323522538 94.15588029385657
94.15588029385657 94.90733442649078
94.90733442649078 93.27119506530235
93.27119506530235 92.30133335941416
92.30133335941416 93.76132208275426
93.76132208275426 93.64561555143702
93.64561555143702 93.93325595733995
93.93325595733995 94.16325532910479
94.16325532910479 92.7988338380947
92.7988338380947 91.39779142576089
91.39779142576089 92.53658975809324
92.53658975809324 92.67247076626953
92.67247076626953 92.81765025325983
92.81765025325983 93.01818680213636
93.01818680213636 93.88194337823175
93.88194337823175 92.17840812770368
92.17840812770368 90.77961296040354
90.77961296040354 89.2169747212186
89.2169747212186 89.16921783220079
89.16921783220079 90.2566969738599
90.2566969738599 89.67664304498173
89.67664304498173 90.8555452398316
90.8555452398316 91.02948024217848
91.02948024217848 90.08598199065
90.08598199065 90.11894612003746
90.11894612003746 91.33791656732423
91.33791656732423 92.41715439062558
92.41715439062558 92.42946787835847
92.42946787835847 92.62658411573547
92.62658411573547 94.18202308060764
94.18202308060764 94.14178187772039
94.14178187772039 94.74893725171728
94.74893725171728 94.68208605258302
94.68208605258302 94.4636128643175
94.4636128643175 93.50650827786296
93.50650827786296 93.4285999221563
93.4285999221563 93.19549136664656
93.19549136664656 91.7665837424321
91.7665837424321 90.61260421842724
90.61260421842724 91.2762201461056
91.2762201461056 93.03368159180742
93.03368159180742 94.29626409355787
94.29626409355787 92.90952346169001
92.90952346169001 94.04638481693746
94.04638481693746 95.61871773074769
95.61871773074769 96.91213547310325
96.91213547310325 96.62479473719485
96.62479473719485 97.83348698928089
97.83348698928089 99.15265964139326
99.15265964139326 98.73612782897398
98.73612782897398 98.0668017094753
98.0668017094753 97.69129338181473
97.69129338181473 96.71548027746405
96.71548027746405 96.7024979640416
96.7024979640416 95.47068228018519
95.47068228018519 95.9856826232028
95.9856826232028 97.57832987040999
97.57832987040999 97.6049829760798
97.6049829760798 96.98965909036819
96.98965909036819 96.01764604433625
96.01764604433625 95.1891856983689
95.1891856983689 93.94121166408807
93.94121166408807 93.15737699741216
93.15737699741216 93.6519602771716
93.6519602771716 93.4653857359682
93.4653857359682 93.2607049109869
93.2607049109869 92.34851819273447
92.34851819273447 92.64363293181778
92.64363293181778 91.08210272446323
91.08210272446323 91.67366621175024
91.67366621175024 91.81565933830906
91.81565933830906 91.20667564458606
91.20667564458606 91.82606775400892
91.82606775400892 93.2623758110848
93.2623758110848 95.00718493939121
95.00718493939121 96.1119796767849
96.1119796767849 97.3279148362846
97.3279148362846 98.68240267079995
98.68240267079995 98.06104639583833
98.06104639583833 97.34648010586197
97.34648010586197 96.2212246851691
96.2212246851691 96.04961926959848
96.04961926959848 94.53916396841537
94.53916396841537 94.03113526210429
94.03113526210429 93.97730822972386
93.97730822972386 93.94506856334904
93.94506856334904 95.15632063939795
95.15632063939795 95.22876877424503
95.22876877424503 95.46424819361377
95.46424819361377 95.51163157969897
95.51163157969897 95.54814139801792
95.54814139801792 95.76837875068647
95.76837875068647 96.26279709994051
96.26279709994051 95.51467541672673
95.51467541672673 97.13312404588066
97.13312404588066 96.2117019614086
96.2117019614086 94.33363402370468
94.33363402370468 92.8543841477763
92.8543841477763 93.13373883143201
93.13373883143201 93.48567337980916
93.48567337980916 93.58227792094257
93.58227792094257 94.21319699040393
94.21319699040393 95.47706221820572
95.47706221820572 94.81165594495823
94.81165594495823 96.30372780300846
96.30372780300846 97.15123154148726
97.15123154148726 96.85486179039637
96.85486179039637 97.97478902382463
97.97478902382463 96.22700231711467
96.22700231711467 97.7607532972363
97.7607532972363 97.3667734016953
97.3667734016953 98.91922583346236
98.91922583346236 100.29138343627226
100.29138343627226 100.1157579632483
100.1157579632483 98.11466214649154
98.11466214649154 97.44797197326685
97.44797197326685 98.7668940090949
98.7668940090949 97.79163635047179
97.79163635047179 98.56449519928883
98.56449519928883 98.62482911458663
98.62482911458663 98.471118200269
98.471118200269 98.44916536984792
98.44916536984792 99.76985731394635
99.76985731394635 101.12466931239419
101.12466931239419 100.42440290206997
100.42440290206997 99.8837678423911
99.8837678423911 98.06317663463032
98.06317663463032 97.04530474980061
97.04530474980061 96.47145287776083
96.47145287776083 96.21931415230135
96.21931415230135 96.06123250970774
96.06123250970774 95.69501915450252
95.69501915450252 94.51977028210693
94.51977028210693 92.94612119066547
92.94612119066547 92.41391163302387
92.41391163302387 92.50893203303903
92.50893203303903 92.88633197986012
92.88633197986012 92.562583043448
92.562583043448 94.04483572262627
94.04483572262627 95.40924036245893
95.40924036245893 95.85811561649527
95.85811561649527 96.74507886245863
96.74507886245863 96.60682313975717
96.60682313975717 95.66084005882658
95.66084005882658 95.1768467731247
95.1768467731247 96.88819076550428
96.88819076550428 97.18673801157931
97.18673801157931 95.69930895018422
95.69930895018422 96.43951404144855
96.43951404144855 96.39808551620116
96.39808551620116 96.78685874639092
96.78685874639092 96.60856095097888
96.60856095097888 96.0959128323204
96.0959128323204 94.49794296023737
94.49794296023737 93.92995014801242
93.92995014801242 94.16717548253857
94.16717548253857 92.9224062475707
92.9224062475707 93.23015165723712
93.23015165723712 94.71299268730631
94.71299268730631 93.935605080193
93.935605080193 94.61891553524502
94.61891553524502 95.78833924692107
95.78833924692107 96.40958172411584
96.40958172411584 95.79749760663532
95.79749760663532 96.79959650711324
96.79959650711324 95.56149406981503
95.56149406981503 96.15677689070675
96.15677689070675 96.48325986667068
96.48325986667068 96.55229333743107
96.55229333743107 96.91483359532845
96.91483359532845 96.9964517588426
96.9964517588426 96.15010921723069
96.15010921723069 96.70673629102299
96.70673629102299 97.07374472152316
97.07374472152316 97.8058760536029
97.8058760536029 97.57686964885578
97.57686964885578 97.0273286674139
97.0273286674139 96.90510913343738
96.90510913343738 97.5692990515486
97.5692990515486 97.6635196597688
97.6635196597688 98.95583298127393
98.95583298127393 98.51201424795724
98.51201424795724 97.92408465512206
97.92408465512206 96.45672207153447
96.45672207153447 95.42215675641258
95.42215675641258 95.00577176691783
95.00577176691783 95.88070005387328
95.88070005387328 94.14056291908368
94.14056291908368 93.53032265960591
93.53032265960591 92.63653125599748
92.63653125599748 92.50804642531789
92.50804642531789 93.22585143970103
93.22585143970103 92.69773694746804
92.69773694746804 92.37256371319137
92.37256371319137 92.50412055405985
92.50412055405985 92.80678598989118
92.80678598989118 91.9957259182434
91.9957259182434 92.06529067510117
92.06529067510117 91.60522538845915
91.60522538845915 92.20926997492185
92.20926997492185 91.42572765852469
91.42572765852469 90.18710234787662
90.18710234787662 89.39928142105163
89.39928142105163 88.92143050205834
88.92143050205834 90.04610827207821
90.04610827207821 90.16873595165625
90.16873595165625 90.52964854036155
90.52964854036155 90.55191665737149
90.55191665737149 90.93581162122102
90.93581162122102 91.0857070471166
91.0857070471166 91.80733344544178
91.80733344544178 92.7999222810334
92.7999222810334 92.05062874566642
92.05062874566642 93.76834686767987
93.76834686767987 93.59452996959324
93.59452996959324 93.42961017188645
93.42961017188645 94.65574355320645
94.65574355320645 92.7593113153805
92.7593113153805 93.38456142839006
93.38456142839006 95.22009715113057
95.22009715113057 94.92281227294622
94.92281227294622 93.43951290993411
93.43951290993411 94.6976773866161
94.6976773866161 94.6264211394964
94.6264211394964 95.6842759298463
95.6842759298463 97.2380388211832
97.2380388211832 98.51517248683577
98.51517248683577 96.69168987181898
96.69168987181898 96.66065960440709
96.66065960440709 97.5321196494385
97.5321196494385 97.33887695479147
97.33887695479147 96.98430465753754
96.98430465753754 96.29297535624691
96.29297535624691 95.0981099794268
95.0981099794268 93.74634482676626
93.74634482676626 92.25255956187378
92.25255956187378 91.9577414813355
91.9577414813355 91.89785548227363
91.89785548227363 91.8435966594341
91.8435966594341 91.58264180581631
91.58264180581631 90.17705744195186
90.17705744195186 90.66659137233982
90.66659137233982 90.69868597999445
90.69868597999445 91.37851261079027
91.37851261079027 91.48492585611581
91.48492585611581 91.18080709690972
91.18080709690972 91.52999532297225
91.52999532297225 92.53895177980189
92.53895177980189 92.11632189697391
92.11632189697391 90.43102939228542
90.43102939228542 90.51712977939867
90.51712977939867 90.81426858808436
90.81426858808436 90.85422521608231
90.85422521608231 92.53759970155342
92.53759970155342 94.17214303649735
94.17214303649735 92.65420575667984
92.65420575667984 91.5584125394882
91.5584125394882 92.0697330818101
92.0697330818101 92.94052046755336
92.94052046755336 93.32508139081007
93.32508139081007 93.36069603971917
93.36069603971917 94.09897353697107
94.09897353697107 92.26751500748219
92.26751500748219 93.79917003338856
93.79917003338856 93.81294672696693
93.81294672696693 94.84884713322381
94.84884713322381 94.71291305665463
94.71291305665463 94.81726446415948
94.81726446415948 92.95749857261667
92.95749857261667 94.59119909407718
94.59119909407718 95.47223521442902
95.47223521442902 97.37710627040573
97.37710627040573 95.46678216272001
95.46678216272001 96.47305462163635
96.47305462163635 96.28313430300611
96.28313430300611 94.76541263072129
94.76541263072129 94.73878140452499
94.73878140452499 94.71455086756633
94.71455086756633 95.91650321005939
95.91650321005939 95.93972453354549
95.93972453354549 97.76964615403831
97.76964615403831 99.02271973609152
99.02271973609152 100.97365230096516
100.97365230096516 99.6253582432683
99.6253582432683 97.92782865244372
97.92782865244372 98.24540820105443
98.24540820105443 97.96023699360174
97.96023699360174 97.86683409174223
97.86683409174223 99.21383530822915
99.21383530822915 98.92634820224481
98.92634820224481 98.22735663708417
98.22735663708417 97.9347257473831
97.9347257473831 96.4826312098513
96.4826312098513 97.01774997682057
97.01774997682057 96.67741346076212
96.67741346076212 95.00266124547426
95.00266124547426 95.01246983328878
95.01246983328878 93.37820519011275
93.37820519011275 93.22184617479006
93.22184617479006 93.33143670161489
93.33143670161489 94.09079646544234
94.09079646544234 94.56259960766185
94.56259960766185 93.82765931641599
93.82765931641599 95.56248131984238
95.56248131984238 94.76163090094096
94.76163090094096 95.4619235529027
95.4619235529027 95.22254693650764
95.22254693650764 95.94373035263268
95.94373035263268 96.34983715519246
96.34983715519246 96.46338059659135
96.46338059659135 97.960393879468
97.960393879468 97.81060852334382
97.81060852334382 98.42421326733565
98.42421326733565 98.09249425419144
98.09249425419144 96.70258996025564
96.70258996025564 98.4767680555372
98.4767680555372 98.0945313318759
98.0945313318759 97.45350560249243
97.45350560249243 96.3732259117748
96.3732259117748 97.66890575674604
97.66890575674604 96.99118016145928
96.99118016145928 97.31144337516521
97.31144337516521 96.08689001343589
96.08689001343589 96.73018513016054
96.73018513016054 98.28265921686807
98.28265921686807 96.51482104052617
96.51482104052617 98.15900490443101
98.15900490443101 98.1222550003248
98.1222550003248 99.62042344143104
99.62042344143104 99.5888488535365
99.5888488535365 99.13889801623874
99.13889801623874 98.06825000213796
98.06825000213796 98.25749867324706
98.25749867324706 96.70404427750677
96.70404427750677 95.79837371914469
95.79837371914469 95.26321563269843
95.26321563269843 96.38615890553477
96.38615890553477 96.5892914200007
96.5892914200007 96.49890148956224
96.49890148956224 97.02026847806175
97.02026847806175 95.56482831758372
95.56482831758372 96.84009070726654
96.84009070726654 97.01570960796768
97.01570960796768 98.54269680593511
98.54269680593511 98.39384653822762
98.39384653822762 96.4325423802442
96.4325423802442 97.29118495786182
97.29118495786182 96.89633589976607
96.89633589976607 95.89001183014204
95.89001183014204 95.33206735884609
95.33206735884609 95.66456070912814
95.66456070912814 95.51286542702293
95.51286542702293 97.03170363563378
97.03170363563378 96.28141503300853
96.28141503300853 95.9374229832576
95.9374229832576 96.56425802586013
96.56425802586013 98.36285051253019
98.36285051253019 98.80010959852692
98.80010959852692 99.46277147300756
99.46277147300756 99.57569853771152
99.57569853771152 99.44181752757042
99.44181752757042 100.16381328159427
100.16381328159427 100.38378328543077
100.38378328543077 100.08876295564417
100.08876295564417 100.0781286382349
100.0781286382349 101.61985821743905
101.61985821743905 101.798420935226
101.798420935226 101.1705677871792
101.1705677871792 101.03827753121213
101.03827753121213 102.16924326581815
102.16924326581815 103.93510871708258
103.93510871708258 102.90880272745488
102.90880272745488 102.82725955406862
102.82725955406862 102.79754133009173
102.79754133009173 101.09739025318822
101.09739025318822 100.8662027329981
100.8662027329981 100.39697922281658
100.39697922281658 99.57812559912664
99.57812559912664 99.49888994858537
99.49888994858537 98.90653894891021
98.90653894891021 97.24979348370336
97.24979348370336 95.82893942706738
95.82893942706738 94.55111838433453
94.55111838433453 93.97508647013845
93.97508647013845 93.9397953870926
93.9397953870926 95.78388698242546
95.78388698242546 96.08098160687601
96.08098160687601 95.52995871465845
95.52995871465845 94.9612649448282
94.9612649448282 94.65129161860247
94.65129161860247 93.771093939204
93.771093939204 92.35988053115551
92.35988053115551 93.46324973166237
