4 0 0.0 1.946988198916284 6583.731537139839 2.55
124.4288938600851 124.33712635842437
122.93685413141372
122.23049454885701
122.55566352614122
122.63093048960644
124.46651605571004
125.17377225738383
125.13889463647537
126.37562039442193
126.32588601056162
125.4049818910542
123.39045769400408
125.46622289586988
125.26408969828765
124.47451720539414
125.15067165523786
124.93372164975138
125.0168556994333
125.00280979198942
126.61083100386053
124.80703357652898
122.93425720500066
121.70013126616122
122.13086978868877
121.8653513446203
121.69465112079443
120.67387590575156
119.53847931470062
119.5943271274001
119.08331455251117
118.01266994420865
119.4983990383891
119.95318355368259
120.0475393948485
122.22513050796339
121.66474914761963
123.58522986348513
124.80666916695358
125.54985514033721
124.28667345524262
124.73092477895433
125.56822781184827
125.11134289715982
125.12824363289843
125.36028351183614
125.33022007508742
125.3443558471978
126.42204304728979
127.18475657251719
127.10550776343429
126.45323653340648
125.25220628954187
125.70342512912303
125.53197147962808
126.42867169290994
127.79933298129592
126.14514639649724
126.83901249508153
126.74851988387842
125.27288280044944
126.11923173756696
125.47728307850339
126.14356384979091
128.53317614990604
128.74772773459284
128.6519078014743
126.46660100750607
126.52327943588779
125.37492822461049
124.04400280004822
124.57775762330509
124.07216908412772
124.15909790388034
123.4470555957167
123.54265373509237
122.5578672463088
123.61060346128549
123.65491917007826
123.78171056462145
123.79975335141714
125.71053502077157
126.19084678085822
124.98905918073147
125.17945391381993
124.9205904609852
125.2322437284589
126.04404769305854
127.29600669333989
126.1765108540448
127.02103094395372
126.17903236161568
125.25400860681269
123.83398983789847
124.10835225966802
125.64088773211563
124.78718987103971
124.80052879566321
124.96291865703571
125.374732223008
127.15381908414233
124.78365724252309
122.89571824226117
124.20692682041765
124.54647749407182
126.81363931995462
125.85542761798392
127.82373957211965
127.4985949018618
126.3577698290854
126.51037510181635
126.3193936800822
125.77900945108948
124.02705493661882
123.90489002428546
121.76264086850695
123.32064336185937
123.01455746616129
125.3278950369009
127.13066499437815
126.26782975031234
126.81341517355133
126.14867363557796
125.24407497359883
126.06412748070593
126.09453399438135
125.7783951670279
126.05102931336639
126.75225132112507
125.58784460585
124.82170665616391
126.04006290725195
124.75271573747669
123.95840086516789
124.49740195324011
126.45183188357768
125.89635155345381
127.72935921354852
125.57146563202632
123.58501787613235
124.50042691689335
123.14816608677742
123.16101576727773
123.2044340587503
123.26918461868816
125.13682818267904
126.71839286694721
124.30213961178274
123.83349700472958
124.24074971177792
125.06148496144692
125.48274044789058
125.73493247079229
124.34486697987818
125.25396704883597
125.57332850674128
124.37335652145418
125.49149963374478
127.02322736782811
128.50257486585807
127.80317755473153
127.78973272752093
125.44554637759788
125.61061504817867
127.20459443270707
126.91213138050199
125.66347947325782
127.47495492500815
126.71274301971017
126.59022676850336
128.64744986418359
126.93820902836718
125.1236505081827
125.11086806823714
123.92570380418111
126.06064953969391
124.97980960260398
124.67921265546234
124.66533182957268
123.93452249685951
123.89325016278904
123.40650831205967
123.22625242469496
122.81491977553583
124.0750642813039
125.02876792929537
124.90842428121529
125.28666051560104
126.11368608095474
127.14490211622342
125.3077927784316
125.20586726028345
123.73654125019553
123.56887522189118
124.53236844090941
122.06194665259099
121.0568677152169
121.40791756508618
123.14315229309503
123.55290719609684
122.04645059476692
122.7743839913497
122.8293633170786
122.77719780241402
122.87735723307266
121.74706694117725
121.84042335838626
124.22235807350144
124.43239500429856
124.7533241579735
124.09302682744328
124.43079431370788
125.27693687612762
126.42794339080103
125.94946118167013
123.91070703721027
122.85572439274466
121.86800335769607
121.89121992460275
120.5668446494805
119.96405951688995
119.87564530670622
119.90527493514512
120.58810250655615
120.65621672068755
122.11164242145509
122.43913073981017
123.77200257188237
122.4029846025937
123.6074791261669
123.7609541165497
124.11703767608435
124.99224584657887
124.8842182568355
125.17337279131262
126.70964169663813
126.824785341855
126.73293018294399
129.12454293080182
128.50595351561975
127.76384401518631
127.56265710016059
127.80493628901463
127.78829032004255
125.51328973113397
126.44597331874816
124.10340198649928
124.04806090900969
123.69107627523626
123.86194262512177
121.70459677223097
121.3470269638975
122.02036996785303
121.92501289031013
120.8057851404057
121.50397029469275
122.51524627146942
121.01152324375248
120.50632866205935
121.57369317320303
120.98558020916037
120.56537315309502
120.88920817062221
121.05663833123303
122.44575652049686
122.76976248007067
123.624117459899
123.15810589783264
123.32724609156892
122.39584310845939
121.86490484059958
122.03005017530853
122.04487097686524
122.17431648146417
120.36525523208708
120.30230533001806
121.13138035859049
121.14373827530845
121.94230777629424
120.33636279686891
122.58243766859914
121.56572427027042
122.40751767442897
122.3917905225936
121.11126309026955
121.38740796688339
123.68438288127453
123.75045244624908
121.64736297571969
122.1995343984889
122.51562248074052
122.48116138296075
124.29864082250447
126.54557860445436
125.23745628501511
125.30429773865987
124.98641364602327
123.46260115080953
122.81159392166502
122.21838701355257
120.13915652702921
121.85245532038584
122.3330927522491
122.29378807216374
122.26669648539915
120.77223175504996
121.36891340892805
121.4364369464523
121.04875130540049
121.37732604260859
122.47627961244467
122.58861199262464
123.32848910912011
122.05121221385754
120.42339455408887
120.29309997734308
120.02786217581554
122.22051912101098
122.62448680810803
120.33550592763069
121.76897660646846
119.81139435522799
118.12013963546659
120.2265754313424
118.53286628566374
118.47515055096521
117.86704355606538
117.92082188487471
117.1014716114425
116.78426765417242
116.10142226565618
116.03045510183841
117.97286869165204
117.56589150811301
118.9831347568009
120.4482105908814
120.74884093237112
120.96595397724661
119.09132939327287
120.86648163149565
121.38827573551652
121.14791413579303
123.02056195729558
121.16027993865602
121.33525202064614
119.80269549022644
121.04482988546879
122.52331924712247
124.2454581630486
125.85953506592952
125.08075645798174
124.69088573981483
126.2492765953445
123.8764355210196
123.84885085086563
123.58901868178405
123.98048367917228
123.194838771626
123.78376568908425
123.65994269862058
122.99582167724577
124.78473661241321
124.55922816900582
124.75117798541748
122.74287812472363
122.47564866579145
120.57403381971703
118.86517960473378
118.39390721008692
116.92030192939362
115.75039428715783
116.56829182619612
117.36474338040648
117.67289245107462
117.98259241196388
120.34375316706222
120.38798137308214
120.77069921837953
120.79016659034754
120.86498402380516
121.70209154449665
120.53504770469638
119.74398001316769
119.60960697635805
118.94637613216999
116.7487737131283
116.07189745332784
115.96986513393888
114.48284002004746
112.35900027585848
112.60261708850365
113.13156974524892
114.6591673386608
116.48433773453061
116.55132496816233
117.23786468535522
119.22157456315529
120.83303153941286
121.44856002681415
121.38575605449151
121.32110048171548
121.33876265107753
121.82031713629482
120.37359545918665
120.53254096603702
119.35662419666781
119.52852084000047
120.85229894760626
119.33684718190732
118.78800845688792
118.70251748534551
119.14174788406677
120.10001134195292
120.75756637467855
122.17906442054195
124.31242345131986
126.09212081057862
125.77346805076795
127.3026689871395
125.34282006021817
124.10086632949172
121.76153656927889
119.51469480058819
117.26940977149815
117.50547639874829
119.81407374501997
118.2611454946279
118.46406090833408
118.36055028258401
118.1051259397259
119.85976264607666
118.283657196593
116.67558438193004
116.64665479523174
118.95337401099931
118.32296130836747
118.42079479163205
118.7539362089355
117.6607104253275
117.26595566348576
114.99833988256545
115.11139512319859
115.2077395498969
117.4905627945913
117.07322805778273
118.00091281795201
119.14564178776592
119.24084617169827
120.30602465864197
120.82405612059249
122.60297216616698
122.54326204472474
122.35329670093105
122.5113273484622
121.84812771219923
119.41663986464971
119.09465248979672
118.116167337131
120.24439302074981
119.8125241150466
118.72757846824177
118.6268680809586
117.41881519996032
119.06449441934058
119.92491050030426
119.60043345696499
121.42615182585347
119.4050251644355
119.3099537694513
119.5051575539096
119.48216844404391
118.65590782156542
118.68299981190835
116.42714658130484
117.01731611288092
118.04630667376117
116.03643699143937
117.27289728931143
117.18944085849733
118.59454864907359
117.32142478437194
116.72386694974793
118.24787448371863
118.7000117899309
119.19055552559301
119.92789983851078
120.82659807798345
120.02230159216849
120.27836109857004
121.04931437095198
121.11790330661135
120.32928991136178
121.28854246697477
123.28639801771538
124.82561379026583
124.63494278272043
126.05702174976905
128.12859108662983
128.60773740156483
127.6182884336986
128.1030526047132
127.67416238822774
125.85009929275681
123.90341889643585
124.78648494203681
122.92575479357366
124.55103518963486
123.54092176994175
123.15264981503623
122.16159736403142
122.87552372422849
122.24250361187919
120.4551910220498
120.54687455668582
121.75313058509914
123.17212652952618
124.81428463829174
124.84460064032851
127.24048078901014
127.00771631937957
124.72065054494394
124.60075129442949
123.8296687343511
122.19483248961896
123.86401968996468
122.22904863084703
121.68360840519071
120.65961774174747
120.3321830451808
119.72279936830539
120.22280892109146
118.67157247585887
120.97632420634844
122.68980788959968
124.46756331178501
124.34176856818644
126.79852462309364
126.96048875112055
127.26307694792297
125.23802595829962
125.13255923974782
125.36693969502691
127.20945980399183
126.03539256765832
124.79410132013913
125.45590603699412
125.96388828800548
126.84183058675019
126.85676698633682
128.95413303312608
127.09602246538653
127.48509485128803
126.54538107095709
125.98715680076542
123.74067942744264
124.53050827573634
123.62456235879907
124.14386200134506
124.21398484917736
123.12635522822048
123.72674653453132
122.66454550984784
123.49192233034019
124.72181778457588
124.10838850246711
124.09562015721913
126.01555489521141
124.9057108452253
125.0273556464677
122.71492427792829
122.98202753106733
120.52909161258997
122.25594451129989
124.172930068584
124.91574723599607
125.38557617337003
127.76525972111256
127.01382901891456
128.03060711016565
128.98910542589368
131.28482361797626
130.70412950898324
128.4824289331397
128.6082228099745
128.57171690979555
130.45773083197554
130.57825390017246
131.52617664499627
130.89598487300785
130.61440331137558
131.402728371559
132.54063156962738
134.31078095640385
133.61219522462198
135.46296052681126
134.07661932612297
132.72388930723557
131.11178010876063
130.8823515937927
131.4833984589173
129.64975414979588
130.09648447443993
127.77208428511702
129.6366963322844
130.04557480068638
130.41092162636681
129.85892807422545
132.04948510246226
132.46941983463176
132.3711216495491
131.965215959874
131.90188635518538
131.59890331852165
131.02958110064696
132.71309614246306
130.5788979848567
130.5556831313331
127.98870510376204
126.61796011685287
125.0149031881975
122.99847845237454
122.87262876374376
121.57998302626997
121.44380896564907
121.74045189595527
120.76115756258018
121.50894017530982
121.91597413627491
121.4440815117748
121.68347955816859
121.7043421335082
122.05159917425193
122.47848663997102
123.21962414825016
123.24536254305212
124.55892452798705
125.42150331887055
125.62638537069957
124.18055015273099
124.70313715740274
122.76409322401007
122.78657755833876
125.17741100900497
124.29566168856809
124.46984929460658
124.69202178583953
125.36363491725102
125.42891041266172
127.30592523927035
129.48503016885005
130.10981932656225
127.69247893026166
126.17914695837766
126.9513913633961
129.4053601978238
131.8426062163182
132.46054572517284
130.11925327365216
129.94347570296327
131.42140023575536
131.4572701826975
132.19702860339933
130.2905749569996
131.40381239222745
131.4243904764205
128.86166889153617
128.91632123350576
129.34809380184808
127.06065660256884
125.26333908129544
124.15090270421796
126.27289033316467
125.5620288564241
125.30126949919777
123.09961987698286
121.59147283146557
122.05222379345535
121.67069528598628
119.64156812953814
119.95607564385654
120.06651687315735
120.9273543924685
122.46244448242112
124.64304651657284
124.71632321622953
124.9831150144915
122.54219227120267
123.12280288352464
123.07277754445614
123.85070345551195
123.8968202087839
123.88435464448375
123.8975593945342
123.9253286612191
125.35950045259635
125.40235595105996
127.19412041039202
126.40451413189851
127.83083687650434
127.58773864878829
127.74811077770929
127.29575202454085
129.17970937708913
131.34589193631015
131.56053676451498
131.5088906635227
131.7708912255845
131.70636280619647
130.18599713630928
128.6091109905092
128.2794635589655
128.80267743870712
128.86676443710144
129.81301767816342
129.4876957182682
129.5245997221774
128.3655124589492
128.06278624288024
129.95229333920278
128.8526521592435
128.81803373396696
127.97050679262505
127.07002625567472
124.81031211388938
125.08483713433733
123.89228381595015
121.41647134362074
121.9520424412791
124.0647411035508
122.44292210889935
123.7192210744801
122.63802380932387
124.21475099634057
126.61446171324403
128.3565740680623
130.27600721130062
130.24671001166746
128.10453530512854
127.57887070195736
127.85187267671344
125.94418193416205
126.25065812588001
127.7643732145419
127.79974328822601
126.70470930979401
126.7415629594768
126.83579719055952
124.37987032496432
126.30657984907025
128.41771708657834
128.45625466236947
128.38856408443743
130.0712124760952
131.68903466222605
130.21044499472652
130.38406956452306
130.09772782926842
128.28521555785662
127.87544340087891
128.44599078370894
126.0617846217996
125.90060857873746
128.07158610748485
129.89997748340403
128.62842780489768
127.3731697440822
127.89805801110066
127.71836551971111
125.7068629533287
127.98931265257563
125.73585835146687
126.51943074991775
126.61751852700674
127.45286805213377
127.58763604679426
127.8981015680147
128.20149823677195
129.7675744614683
127.74078265640065
129.719647148408
129.59560449995504
132.1525910547359
133.3691344774128
133.26418892201082
135.53297347313037
135.18868879035375
133.76640829181312
132.3753316462768
130.55702004583958
131.15025598309796
131.10530018506606
129.0225410373286
131.2201376318417
130.3502723755163
130.55962965386777
131.75818165373494
131.72419035775636
131.6508001270484
131.55597335597452
129.58064916626628
128.25030073237508
128.35727855151748
128.24939568040298
125.93281289341373
125.28662166662532
125.87662590960336
125.18085497914468
125.59412838563459
126.64368239517317
127.9575919266231
128.00474876061762
129.24193014422457
128.04865313686247
127.43979833347966
126.94309328346473
126.38932783188065
126.7019280365088
126.5625343775318
127.27810490826364
129.46866973520898
128.68784226350385
129.61736483314738
130.79253303142005
131.10345398160962
131.93599153827424
132.00718207868957
134.15880898672071
132.82556107108027
132.69215355322498
132.6507349483648
132.2576512681997
131.03925468179034
130.7378509733743
128.56874761380442
129.70979423992193
129.33767188338018
130.34565634167367
128.0837050185461
126.65026811828473
127.05671815752164
125.7919120144791
127.3338422639547
127.87948881146987
125.45080205510412
126.19850169256434
124.89492505819642
126.42178913280583
126.86060373578988
127.51517231800095
125.9140205193072
126.87588942096824
127.00302488645272
126.49252167455951
124.52308782301695
125.67932961426219
127.48201706718233
128.25599058840618
127.221602427658
127.46792319177702
129.1805568587925
131.38274048819235
132.45791439648522
132.0841144786193
131.53365592300034
131.51874003204614
129.25284098978068
130.98545979163936
130.4016926905924
130.1429256685983
130.12015509282176
128.04395892640918
127.90945520919095
128.02463133715568
126.04305784970425
125.72734498200298
125.6327379621016
127.01615222390858
126.72281433960106
126.70103546044702
126.43850304185428
125.13631371342207
127.349955290016
126.66258921204977
127.75239542845736
128.25074647088508
129.40381626606953
129.20456940133536
127.92073965636176
128.50938542119002
129.69434428726956
127.45512452376104
125.7088845058342
127.56643148803485
127.94588614611018
126.14077283743839
126.24814121789207
126.1667406764551
126.11311709557286
127.28125169817372
127.65612661243331
125.3552549820798
127.50208711860996
128.2513756698554
130.03121722023167
127.82489014740426
128.68007641393186
128.3367583470014
127.53632884866605
125.59524308581003
125.64689394013874
124.15721096950715
125.11586524441508
126.43088716865704
128.4709592338955
129.548946739286
130.18643183289296
128.91167998052276
126.85662220899829
127.05402675046666
126.6930508657785
126.85438994725324
125.98778144709733
125.96479089124249
124.1376693394014
126.32970754584005
126.07617756895293
126.86439750507591
128.6508537987467
130.54632583904342
130.37350062968102
132.9036080211229
133.3763013970806
133.22177005229128
133.94492986568045
132.65180964436456
132.42978628455296
134.04432847169656
134.33146971600317
134.35986199362472
134.2381818739648
133.64903098177362
132.87460708931505
132.25235736313786
132.31041609263636
131.17837040474262
129.21287969361043
128.76027238163948
131.04036899021435
129.01862303978731
127.79785700852077
127.46005157486141
127.30916910416843
127.20465886462274
125.85967594379251
125.52762754407959
125.68881578180381
124.8942266146582
125.11521835194256
125.53985308023714
127.92401561575119
128.52663685093512
130.48488373609914
130.81494811350439
129.92970563406445
128.84306065205476
130.97381553434172
130.61383515625587
131.39860457774282
133.17848487691904
132.18826982493525
133.53089820035314
133.54571927475098
133.5323574976502
134.06166647921955
136.13795258521483
135.20471251280898
137.00798812987446
136.4108579172157
137.04605771267993
137.7305887721301
137.1054682370444
137.13995056842992
137.30921618374578
136.49838653768037
138.98652270460664
136.62405355927737
135.26033659575725
137.69914778482294
137.5919544923033
135.31895548137973
136.16853588691737
136.4346086469435
134.14771464708267
133.79413951425963
132.05432236160667
129.86422091011198
131.0678143303807
128.59086733949206
127.2943878561565
126.14340963440476
126.0089458316242
125.21189003780508
127.39261101223374
127.43681551343921
128.29684461163097
128.46674411358333
129.8214234362178
131.31207331203564
129.11000549287664
127.63701804736183
127.85331668700407
127.63188996218022
128.2362432759022
129.21436806872296
130.56952371687044
130.59265395288372
130.60594798176217
132.24421264344298
132.65946697981957
134.84737109606723
133.5723872177552
134.46131517894452
136.58536631124895
137.860570845785
139.04757675442866
138.81285326793412
138.61176661341028
137.74976549848594
140.31098421021466
142.93007485935502
140.81761097433304
142.05233069355543
141.92740640195782
139.41077946609857
141.81079581146315
141.7556213156339
143.50443494916976
141.9582007703808
141.97277897537992
142.5304419834598
140.64823350844853
141.21079945837403
139.27817139704533
138.61107328988274
136.3473043632061
136.31315191769366
134.1907207408943
132.84854128262
131.45711968232106
130.70365310474824
130.7329032588485
131.0025665528417
130.95736602922605
131.038584814999
131.1415061551227
132.28052172410233
132.99684364103
131.80213251401554
131.81690583282597
134.27282631371895
134.93837962809909
134.46461504316244
136.33659931478866
136.29355712660416
135.04363457001446
135.74863486831717
135.0755714522336
135.83319052839255
135.8619727297469
134.72924993766145
137.05226861083364
137.77800925597703
136.75360778618918
136.8290245054219
135.59972108398406
137.5305600118145
138.37739638021873
138.31430975053334
138.28623818179224
138.59492730651178
141.00985998630776
140.9112278481024
139.09125532376942
140.67451106068987
138.987163827428
140.2752639094267
139.36259215802127
139.31922582385738
139.2842019628423
137.86342547861403
135.28770437477988
133.00802173511096
131.24110717837945
130.71583162275863
130.07561608359717
130.2460641277712
130.36167505035738
129.06708945396548
130.4630710891389
131.59355120225007
132.6064192012059
132.62307049198526
133.21364943763714
133.46744351994317
134.01275043169605
134.02626851473886
134.4286173071726
136.40616001805685
134.02645130198414
134.113049171182
135.9816603433016
136.5689331663186
135.07137616936066
135.2676437418598
137.3615081424318
136.02564523657162
136.2711252680174
134.31585431199284
135.15262869005107
135.30610288127687
133.67770525804704
135.5822233758457
135.09281836497505
136.06029949756882
135.2684955164023
136.9515306539408
136.99866815804256
136.28310861550435
136.47369903890177
136.74336001019867
137.11346197709534
135.9699368721461
135.84664233516705
135.70017132916533
138.1268488821049
135.6275361311724
136.91144967951817
136.17697454214772
136.00051064301041
135.20503159636013
135.67951430011806
135.0433417842739
137.29540482838132
138.41735624767352
136.02536697188623
138.62388548329824
138.98993170715192
138.74962593622902
138.82851309177923
138.19113756680628
139.2261104921314
141.29061581929278
141.63226888568596
141.3900954335192
143.71302367916493
146.04302949352913
144.57418991089003
144.18916423174298
141.8336121906478
142.94917187367156
143.9956892172098
142.15763766345066
139.6618204007193
141.71998743597553
141.82384449574178
140.07510406258484
140.4654899793611
138.77747332230928
139.01553684605287
138.03535441028728
135.70377445415363
136.74947958148388
138.6415300832152
138.84052395386132
138.8884287743696
136.48930574003748
138.91375435771369
138.0151430637186
139.12680501981433
140.39225486358734
138.16850504211538
137.86829819613496
137.743135833135
138.8616062904466
139.45282242697206
141.94783762731234
139.2476906210367
140.04760019806025
139.13112203195504
137.95436512824037
138.458934328911
138.52104861502025
138.63943462679757
138.74913501127824
140.62332865315045
142.44921520044767
144.53736714159206
146.15964376402624
144.25729829078477
144.0070983073315
144.42729072139008
144.44209745313722
142.85972851058904
144.54178596205867
141.80368925417287
142.82979157557483
142.69096640569515
145.4921333219615
145.68540775255408
145.63248905067164
144.6040128492941
145.06395611384121
143.7908244001539
143.80586793842394
143.7553512663712
144.83727512917102
144.44827803634814
142.37092614225745
143.40509067839872
143.25731977350614
145.2936996134152
146.67596270201437
143.9685228035461
144.76426115963878
142.2014507774476
144.1059256566577
142.881008558902
141.7595656708433
141.91388614878542
141.8924058931423
141.76932232153746
142.0697219282901
143.15424157339652
145.05691135776357
143.68298825765154
143.69828714828395
145.08079928143047
145.47185313462114
144.6591174335438
146.04996530649308
145.34470152594884
144.7750098461761
146.72267377032964
148.7770187158039
148.64500550506838
148.50912431995386
147.19668229839857
148.42324586217998
145.52058637642634
143.202351263369
141.7106521822691
139.96221812129932
138.69076990244176
136.62174627297324
135.97811225480845
136.02692506241428
135.054031263083
135.83301874499898
136.2033235407855
135.60139615806784
136.46406858971443
137.09226633716332
138.4041913583591
140.15082789172058
141.2728883302646
142.34843490200075
143.89406366363815
145.91079454449877
145.30113604947965
144.58910830289932
143.34173064589166
145.37904181995705
145.55387763127277
143.29107489970949
143.23356090790915
143.40942550985034
143.36031516979966
143.2469064537154
140.64394378450191
142.04661882860827
141.1047765678992
143.61003580991505
142.1435152079254
139.67997477506162
136.92048561717465
135.7336956913043
135.22757653761118
133.45725788345698
133.3802473618086
132.61150937511954
133.4732582227445
131.21119440534616
133.74764214446918
133.57392063295583
134.70466709487485
134.75634251523513
136.4023311650699
136.48137386142483
136.57201682597116
136.93730213495985
139.51449650957827
139.4074999938846
138.2823754490775
137.55798266978329
137.39926980171717
135.94887740870604
135.642834098028
135.33870898585843
133.58285812822785
134.00474339169642
134.66383073135742
136.4518623986482
136.91001765366502
138.06237362513397
137.87784206767395
136.64143718275497
137.29461351894832
136.71116810340246
136.9463128339434
136.43914080451685
135.18547117422779
135.5926830112764
136.42322125854975
135.8964185528327
137.50731000196924
136.8436083527238
135.96383513689995
137.99401250388118
136.19659328159636
136.60793563552733
134.58383405564666
134.59737932671075
137.02871372740756
136.63372320323805
135.15641958876026
135.05182339451537
133.4650904784543
132.57468807576342
131.3911958649597
131.24514368736436
128.64975352991945
129.26635782441642
131.0670621425532
131.38895141883577
131.9999910962885
130.64073111018888
130.84315543194222
130.94160126195467
133.13217362120147
135.39511390989512
136.5507967725222
138.83105068530438
140.97831731189683
141.57628150669788
141.35305788133587
138.78536081645655
138.59632720406617
138.30114616329533
138.2772731726183
136.00792107769283
135.3758114428748
134.6118145178878
134.35608498645283
134.3423333348431
136.4906899517786
134.73038475784816
132.9219620570551
132.2738966209163
134.0073975851516
133.6346193492308
133.65685953749744
131.8716767883262
130.7111086537931
130.5317820187012
129.9510049214485
128.29546267712186
125.8033940236179
123.9950221709123
123.957218164874
125.10782863063811
126.75143119128781
128.75054221567575
127.33407257321424
127.64219270013069
129.32829206096227
126.80087114124665
129.19278130636886
131.08911399315042
131.90597046030194
131.42418288465984
132.3750490369533
130.91642288165525
131.8464147065997
131.91100275769747
132.2776002529591
131.84112509310287
132.00702808871844
131.11790399189022
133.6608894916226
133.7575618101093
134.37087006285165
134.78191991703181
