4 0 0.0 2.645057751195056 5919.037984789687 2.55
119.95346119151839 120.06683702888513
118.45562495102799
117.77120407717565
116.11892910159291
117.12594708339739
117.28363863262105
118.61044002497525
118.84011416927488
118.77344039390874
117.44936204769718
116.37846182075327
117.12983410912626
119.20025517123113
118.9209435827214
120.03776013969552
118.60178902768942
119.54075866363135
120.29663349014551
120.85003629692226
120.64624486926594
122.81142183400192
124.10702389349655
123.19266392459788
123.30895957522368
121.335875265867
123.2154575606026
121.74448597299491
121.65587769856558
120.95590180705396
119.06755764751178
117.56824883369232
118.86478065664419
118.18267560327784
118.86662876713955
118.52119687691807
119.84257572415736
118.80177455288461
118.70897482337595
119.21383743759384
119.04645106108589
121.34903412657718
121.08140614444034
120.94828793051882
118.95659201940617
120.42482122189362
118.87204968943848
116.57992216050464
117.11175038219024
117.0659197187052
117.35396259721406
117.02566090661269
116.3496103314493
117.3917405400217
116.32512483956698
116.3594521797137
114.6601004297133
115.4534103534959
114.92104862681528
113.33376025051464
112.17236093609814
111.86320270718778
111.60422312242413
113.03782961966454
111.98217199039574
112.3571853599274
111.64513726400305
112.64973862260396
112.37052017870327
112.8677855446217
114.65163431935089
115.49622440149628
116.39041616242471
118.10388611999828
120.22396186812557
119.53615486366733
119.54825738086748
121.1339966495618
120.91412070693268
120.03302777020731
120.12111828284105
118.34615125911036
118.33300667722527
116.82242602719047
116.95280327493984
116.93602946611499
117.62472642658582
117.10290712245528
117.52092937282318
117.28962952909785
115.75914566814407
115.1602732209201
115.53775328901897
113.82545777661277
112.94238185990854
114.08657803470685
115.9456927591069
115.89178559801306
114.71394942296776
114.49597677744696
114.43291015462326
113.4906782670872
112.76281372841635
111.75648304410207
112.99261944116475
114.43573665855902
115.8504335974963
118.0164740068876
116.73455698380226
116.61692035738837
116.63320277935752
116.88252896383547
115.98222999179184
116.15691176017397
117.03647608790857
117.20948642748453
117.49257196199407
118.40307328424537
119.25251810023968
118.52725092477446
117.82957115132888
117.08217373136814
117.80830937621766
118.25263595172032
118.61442242799608
118.4159141504624
117.67406590867182
119.7436601702649
119.56745110836617
121.13311978149207
121.06667480595536
118.8854578522052
116.80543252778286
116.78989924786387
116.65695440751173
115.2246289707265
116.5176292799787
116.18778228227586
115.96298740917668
115.29422108817819
114.21298975219251
114.30482947880483
115.6806679855007
114.42462887196818
116.13084159188664
113.90773748556859
114.75219959559578
116.96034225427526
116.98584333399043
119.02015098344748
119.46267372667192
119.13967390528344
119.11369503054472
116.89299547245336
115.05013927943645
113.6463819220955
113.27476877163018
113.90839353601757
114.70651541925565
114.31036143217837
115.07096403071137
116.81915957023249
116.57563365487829
116.52040370157111
116.6574661701555
117.53091965637921
117.79804791456993
117.81965259791014
116.67826666302825
116.6603206209921
117.28677968288122
117.19335255678159
119.20916057456651
117.24308570413812
116.50047887129149
116.20551396119046
117.42322384538318
117.7061000644425
117.18597466167625
115.76597921982932
115.84245174821802
116.3319216095899
117.07800238708549
118.89978030368246
118.31481445207743
116.41793310282056
114.44572004371841
113.79727468132198
114.89980267036927
114.54555515863123
112.40724492313399
111.52955214237397
111.19209367081379
111.56323147593326
110.28788509875865
111.26369937709333
110.30192961358274
111.38200429000378
113.05421579070926
112.16859532665922
112.46431905612732
113.94929943967784
115.69231754793402
115.62723442405793
117.15827229074523
117.95542353203777
120.0645855531479
119.3939104249223
121.78994239807379
119.69389602377323
119.99217653396403
119.7602616472397
118.03491672947034
118.24068719596414
116.43585299434861
115.91094568275871
116.89944764130371
116.94270013571922
116.31841422759395
116.39791753021481
115.15528452432955
114.2714681219677
112.91823322642601
115.1404807999973
113.4402167504515
114.77379837929719
113.62684347953441
111.63132627900615
110.69780480576526
112.53741513370298
110.43528545556045
111.42737564820081
113.1427990230796
114.29186037500526
116.19768676661504
116.14251491753714
116.20013020041634
114.92014963328658
114.93165638365765
114.6911938000331
116.4866722112033
116.43472866687956
118.33195947663694
117.61528856012518
116.75975350117834
116.70784729225542
116.69475251814727
118.6105601436503
117.34800741582849
116.99261533667783
116.87150476487537
117.35827607107913
116.35543780688197
116.1527966562097
115.77953381684844
115.98619142517981
117.04235764382119
117.41732137322222
117.39462596910333
116.93514630975868
116.08865336447467
115.57630098289535
115.31139712458084
113.60760415115787
113.88957576524719
112.53978323064645
113.48225327519641
114.30042468307998
114.4335532398591
113.21002163090394
113.03577094052051
111.6556912408276
110.17354023756927
109.63110342561161
109.14938414559293
109.7339794946829
109.38809855440613
108.13408595044184
108.38614520606806
106.95435487176928
106.90669191002677
106.69419447189416
104.9131796729021
104.88824857609346
105.24280646683006
104.84274197281836
105.58590865172043
106.55195536784207
108.53769240178919
108.93422503981209
109.4089718053472
109.03912049619903
107.19384492258139
105.71049698356657
105.29026284166403
104.44779549770112
104.93655724835845
105.60247007215565
106.60531564271831
105.21029408627969
105.43265276651428
103.55685353566003
104.9313225781775
106.95961818461814
107.43917515745294
107.71170860987193
107.73581159980739
109.74438083556522
110.3284717823483
109.78255958675764
110.55358098844492
110.65555715159088
112.68384327620853
113.8486463434499
115.46832111049142
114.70538295035237
116.13437839697906
117.54964688692958
117.79701371277275
116.62067536988891
115.10137902680462
115.74041515841233
115.2149408776957
115.23085524260016
114.7306675576542
113.94272845005848
112.76160906000378
112.77289318843309
114.4128705072304
112.23755300586356
110.95111306869941
109.45811101660598
109.14719904989732
106.95708051954149
107.47423653261612
106.03287284061982
107.12050314093088
108.0645182608923
108.04491213903371
108.34711757539344
108.69034263685226
108.7135681899246
110.88563475187149
112.92408489584088
113.31103823603966
112.55570736123522
114.07481705541129
115.7010559590241
115.84954221261575
115.83331774194937
115.8653345268778
116.24064465747738
116.47964454804399
116.50193324529428
116.44791332001223
118.7625484724435
117.48233387957556
116.90001135956479
115.14960760587097
114.05587762540601
113.17139154822202
111.90946193496238
111.69317314061306
109.71649268432346
110.52138811168783
110.41732919097223
108.95369301188612
110.80759913207346
110.66583774520072
112.43784992749417
114.56458789531314
112.88421677692261
113.20553100644673
112.05579080515248
110.44342700969395
108.87883184684753
110.00050459415999
111.9987294584503
113.29363107092458
113.53231105148704
113.5513181221436
115.59834999316958
113.39649375102945
113.6559925734847
111.48384712731485
109.35346255513856
110.96946559407449
110.874993484829
111.47469674090489
112.7844464515712
111.44313083665479
110.88091022639478
110.45956488161971
110.59359905603993
110.77978386185518
111.00891433845636
110.80979415132633
110.88744490628882
111.75972922938101
111.95821221381787
111.84715951352112
110.74392761936483
111.68338697084093
112.34737601249422
110.68059396881058
109.59419260276465
109.41963730989953
110.83003848180704
112.8575337971363
112.42940100031029
112.38459850701469
111.68267902325573
109.76943846197595
111.51139142113486
113.2341162748953
115.43876467953027
113.3745515659743
113.43429295062968
111.7325880159302
112.57633076941457
114.18180370429963
113.65477296647063
113.67060869601042
113.17074309828718
111.05498118674346
110.66913187689332
109.44090814578435
110.80817925524977
110.94220840934271
112.38649973942688
111.76454547182611
111.9315750730675
111.20369149350427
111.37048971348835
111.50694602349252
111.36455157108047
112.21224706569151
113.32887061161819
114.94183660919163
116.07156014727472
115.85374402180211
116.39820095473786
116.83701687445108
116.68558648255988
115.44119265449172
114.74511869207107
114.71799705054488
112.93556329130374
111.38592246268189
111.45722729997358
112.42725248981236
110.59610330740023
110.66842792826482
109.22868141107483
108.91891254052497
110.53507773422218
112.31878480630225
111.61347856709561
111.85607033328431
112.25410783497277
113.17265660429035
114.6733792700757
113.8447911452264
113.36502761280094
114.28267852350778
112.77878557224628
112.86348817298757
112.97474283107722
111.81926035133239
113.5468861777544
114.40546758136291
113.80116275767183
112.3137038875009
114.27220660222908
115.57795644520981
115.81273941988808
115.75684061049846
114.26034919191865
112.92745583279886
112.8470810926338
112.72729312435412
112.36192992046682
113.72248903206506
112.86758825948903
112.98114726579391
112.02475549845323
110.59114445991764
112.60861969235144
112.70350178890718
112.56706369827916
112.55240011306608
113.7059999606135
112.89434679014988
112.7634501171768
111.64706950404488
111.4463517467154
109.21523199229192
111.15547965244065
111.39110016165122
111.55479928965572
111.24126555959829
111.30591086892946
112.00638091626284
112.159229872886
113.02981874116571
110.98442491693042
111.81837482941431
111.1981052948828
110.68316261461173
110.77521387266869
110.41480814668833
111.57725606018845
111.71818680395
112.9768886257875
111.29810087239629
111.62953416909261
110.48459697456856
110.85555336669084
110.21663411090105
110.34946665649319
111.25161979779843
112.1034790037322
113.90906598497659
113.06902590601266
111.3919755135609
111.40349865949503
111.25096820174198
112.94673996727616
113.12435799108619
112.43257583808627
112.24779513482014
113.6223686789311
113.48116858367236
113.96336904698678
114.41855847973686
116.45870825373972
117.17794024767903
116.35728796463464
116.77655580048199
118.58254269947571
119.2924672132392
117.37297084480628
115.57821118286161
117.75583238745027
117.73969135565207
119.46043346063402
118.14547549803322
116.35495285418007
116.83067845197671
119.15572472661533
118.96672051395518
117.21244419104737
117.31041416202065
118.77713470666447
118.8164988272357
119.47279869980531
118.54427952424388
120.46807850399131
118.74381289021925
118.9725635539749
116.81163864594842
116.04393857861147
114.68206464445907
114.66991375660722
114.49721251630402
114.59190281725722
114.5118267715042
114.31774457220801
112.61496703899512
113.96622131523144
114.34121308226081
113.76996925615586
111.89551870355486
113.10288123722658
113.26447524294917
112.3463787219146
113.82180577455043
113.91922193577759
114.67931537428281
113.38762917645238
113.56188306327053
113.51022215380405
115.15999602916519
114.19670562507241
115.26823924087772
116.43190815447728
116.44481630611051
117.2630525946026
115.53348708294925
114.76880972905244
115.95004837164488
115.6655395221312
116.76992357439137
114.42700642942282
116.25653816686147
114.37742964518127
113.89972156117734
111.84969876069692
114.04959629596304
113.21266408750076
114.00405638473063
114.53495825181004
113.94961743446608
114.70098970426109
115.67973558699225
116.67474162294329
116.89682541056692
114.96288311770172
115.03308879254507
115.06993733271749
114.27334371392249
114.18960927057606
114.14410507582052
114.10072075896205
113.81741548790839
113.90415808495442
113.07882259519849
114.39828683194472
115.46391096141807
116.40412927326058
115.83184318539837
115.72319999612365
115.12402656040904
114.8222414710866
115.96778177725749
114.80701999247383
114.63841728932647
116.351831855796
117.57970876935069
117.60063003084264
116.15717856082894
116.83546378014462
115.97828661352555
116.03877893184593
116.11251280257706
115.17047770866519
115.88486976160453
117.94433308469094
118.02444230414355
117.09056800519161
117.80256846343931
118.59989122947752
117.59263095448075
117.1999253657992
115.18152506611614
115.12375303551904
115.13784275014687
116.43714000082407
116.10624970335068
115.9328417582555
114.71878507521114
113.50862662998807
114.31343297853128
114.52077078982119
112.41180671039079
112.93705617622457
113.39230822394524
113.35012847119147
115.17028246291719
116.40094244134994
116.58030691051431
116.42796034523832
116.85993796117991
118.10726195200978
117.91010442369075
116.39067936858329
115.72782932488725
117.19834864249297
116.21703721062929
114.84502070089805
115.07427463802077
117.30993681344532
117.26587242847422
117.16648352105635
116.95966424438413
118.23891785959796
118.10199488183261
118.0071310192247
118.31318247379927
120.26450400603362
119.16452027324621
118.62487197552619
117.06740289714061
118.56913432225512
119.05802270671556
120.19540433273839
118.85451900612557
118.28113051591887
117.99245492161059
117.61466764918542
116.2696471778933
116.62042785823985
116.26931965158998
115.83105065100895
113.98520965324111
112.99202496929072
114.21449387347839
113.03264239694687
113.10542038730391
111.99368226066183
112.09340181738378
112.12166086150933
112.56999979581416
113.40353519591737
113.61455288660103
113.6385849475547
112.87262194854314
113.22673806041222
114.11292106530055
113.65851560097818
114.45963300154271
114.59985626042943
114.85697717600618
115.32812509951263
115.86113861697457
117.39940306766871
117.38538948574208
117.73903436079729
116.40437501244575
115.79593032243203
117.08667218419784
115.2649466754068
115.09083398199013
114.89470285401285
114.86962625117904
116.60298683254504
115.01009474265962
114.98980080556493
114.86928159754657
112.59644146959464
111.81886490165901
110.00626038370957
110.287969933968
112.28235997189385
113.08269801546058
115.1211818477937
116.2337804141741
115.90099434162879
114.97939092140032
114.11509345145141
114.69671493699708
114.75461096231416
116.52248702000445
118.12959218745777
119.89216810984078
118.83646261480457
118.1011362598327
116.30259896076932
114.23845884893845
113.53482552156004
114.2176256082341
114.26821307040656
112.82884421649207
114.15990253684804
114.63039127266283
114.70962031879817
115.51159678188893
115.60913710510994
114.8982681316703
115.41428705791928
115.88667748631083
117.29714049872526
115.03581142162152
115.06281883097827
113.96089923635766
113.843812190941
113.8573396934796
114.14132770525768
114.11870541597796
112.68564617045628
114.36398232514829
112.58706418000273
112.73869636834355
114.12774370453006
115.28013515314493
115.84809411859203
115.97671057166339
115.87994158694617
115.85601225986228
113.60125013549401
111.94817439093147
112.12117029436183
112.42434771034041
113.19755137372209
114.75750768361381
114.95123258266274
116.53736467735371
116.2588026765331
115.25367953436188
115.40576736768082
115.22068985555494
117.05466245962668
115.1553211102104
114.95599579580819
114.98609536335283
115.40426759924722
116.18607777525001
116.93556977743467
117.065658325669
117.20053256573219
118.54568012053556
116.95229844795834
118.93073442781844
120.22204991044998
119.63280855351205
118.87520843031673
118.82011562175411
118.80229338019794
117.98203473464615
116.61982877996644
115.97566799035212
114.1798284856473
113.95475384148877
113.1186225918969
112.44673733745925
114.18995262681923
114.13176834171024
112.78845887696714
112.54898118912995
114.39272446678582
115.15556387231715
114.40522490597681
114.59242230256459
114.81483302504249
115.64288775583483
117.64725750241675
119.04966528211786
118.23154922583944
118.21863777428433
118.15962893744612
117.96190452890184
119.13512484688235
119.55738228686567
119.13601247320453
118.93373087494525
120.09649222222949
120.0074489834799
117.6836986743757
115.77146019506621
114.54582589584388
115.27929466019702
114.80925905258397
113.58412679382499
113.60257735361631
114.06607517525224
114.08454689217672
114.1539171138981
115.1247447790723
115.18207918958922
115.06832192973528
116.09741695481738
116.46584284113489
114.71984644510377
113.6498799895061
113.22402399957582
112.22740108765771
113.5660899160857
115.81242675577796
117.8536014286789
118.90043833569403
120.28736212088076
120.19004961664389
122.49740135932028
122.62264133672704
120.78854910730311
122.56921975799112
122.33755282048939
121.09510847346961
120.1437011266257
121.35862292874499
119.12348859753376
119.76845127668433
118.08473958936736
115.7509418048641
115.58475949161351
115.99648513490799
117.29879291168041
115.42725275016181
116.67282506465928
117.03424118874578
115.36815951374882
115.93223225109271
116.57527748082451
116.28148408898139
116.79023094609485
117.35406508539123
119.09843881158373
117.47884641991584
119.60720873892916
119.59437735395552
117.70529044898058
119.96008487933007
119.59895702637056
120.54710552215694
119.37961089295526
119.23184677269157
118.53763806801913
118.0148141576957
117.1054144894923
117.93858357877032
118.17064986450464
118.26413573316509
117.84259562442013
118.11693034842065
119.21083129190463
119.69463230732046
121.51538584314298
120.18428200413959
121.82390714303523
121.54217633216749
121.38949024471708
120.76085776615109
118.81179692825047
119.77395642216699
121.41469060159736
119.73663483428558
119.20215110538203
120.50679370119651
119.808985798015
121.02009481896002
118.66346646081487
119.21171406627748
117.96946944470491
117.88443246570338
116.40187589075634
116.04929160284708
116.26022360684833
116.19577939459454
114.35336276805627
116.50684049928275
117.22017900991021
117.68249214536208
116.87712622115104
116.6551289167417
114.51694774814113
112.41549003043144
110.58979907126721
110.44590616727056
110.93990104742564
113.04278891918254
111.0832399586208
111.90909365712487
111.9583078185145
112.19988429634826
113.40666202832664
115.6658478075515
116.57905147060177
116.14899894252329
117.3229743635512
118.75654872331135
121.12180936489997
121.1092480713353
121.93904364838242
121.8144253376977
119.99663137522559
121.47006782917647
120.76176625468499
120.20335567691552
119.83191765926692
118.47613937592106
119.2422408203958
117.68378652045719
116.9748105719623
116.27649083078455
116.7600163309517
116.70328574715327
115.61179596711496
115.54861082805648
115.44185138243074
116.20267490728534
116.21853542789708
116.92984246291107
114.90806202616943
115.74782833873435
117.7287043037021
115.5187144240174
115.6479645765809
115.40999594993808
115.65252323106697
116.58834005280814
116.56812212493075
116.68548110553581
116.63644973229148
117.52632432122286
117.87331960939888
118.09299407066595
118.10982125510151
116.96915845490662
114.75257243411417
115.86115633386123
116.43052645749142
117.97521617813533
116.0763911086649
116.98820149826606
117.07215239722998
117.15395745947698
115.60431475411865
113.77944685640816
113.79328401041325
113.94570834793096
113.40972862198916
113.68030771825272
114.43749914236668
113.97894997668259
115.52339067708868
116.50751470074435
117.42835117040653
117.36348103075943
115.96831334434609
114.12971172436485
113.91587368680618
113.73057990510861
115.4041214407452
114.60898882487051
114.45736393628025
114.82587992705616
116.35968922673507
116.21079785912991
117.3616494744978
115.49476064238934
116.45334884272272
116.58913183145975
115.69251330021906
115.05645197042791
115.3826676967841
115.06133596846968
117.2983796634079
115.91257162290965
115.79767544783206
114.9945593035644
113.35900270743177
114.09961294695457
113.44324597902241
113.58154088901519
113.16403727139598
114.26888731277354
115.1659372089388
116.95922615070263
117.15929474953045
115.49698792631769
117.06224782702857
117.0494691690528
116.64977138788963
115.39332892358783
116.17964456233234
115.52622404224715
115.39512184789007
115.61202427548034
115.95209725289367
115.15717351763783
116.61613032892897
117.93966403592562
117.00745120978011
116.03550366531371
116.78663761245399
117.92519520063459
118.331965593687
117.2956271750369
119.4267301013727
117.22425258585604
116.34062428938313
116.12135461427005
114.81713059349636
114.33592199418771
114.55241892291427
113.52585059892553
112.57921196783322
112.41913357849899
114.33430538041247
114.6871418411412
114.62041298561712
115.69454259851179
116.3286099220837
118.48310482357259
118.50558634304991
116.7191541252009
117.22294790864919
118.01393989138538
116.051402572407
116.0956304500142
117.35279744067262
117.64743612458022
119.26031289580304
117.4484830293536
117.84732772987043
115.66419034718321
115.41555287640455
115.22766721745826
116.83367834887856
115.71728953189616
115.1149164256923
114.88002503596867
116.74768064420648
118.66500538762112
120.15192308473704
120.29881853530506
119.21622854208633
119.20313016618047
118.25201943551635
117.82690854304812
117.84155086878012
115.68468332390786
117.20540344004205
117.14731228464147
118.7393921283101
118.36078843729177
116.34327527624153
116.77790880463203
115.82362029492867
115.33781572824003
115.89937002422269
117.03851050893822
117.7908057864244
118.16414039709122
117.05016097828442
116.38978162469192
116.4760625182328
116.9924370024024
117.13764260747914
117.33056118333134
118.18447197869125
119.63663490265895
119.52487273612958
119.37004833240545
117.58859283379878
117.40711417738652
118.25540786494564
117.37813518494782
116.96377363918273
117.19927100668485
117.69427708438567
116.98321974159612
117.20095994270228
118.7056574214608
118.461639867885
120.21388395649052
119.83631632840914
119.37363326915185
120.63625274065332
120.35813599195515
118.23504590284749
115.91191107564214
115.75436287351049
115.43117186181064
116.40994032884325
118.21439188239746
118.77222379008957
119.44678340596953
120.75826369841502
121.51157068921299
121.95643584371521
120.02625383414833
121.02452248246071
121.81703074205943
120.52174991455988
121.02286641554926
122.91594368202063
120.97743680345212
119.94877027468894
120.76446146251631
120.34100045911724
119.90579886483462
120.21227376941732
120.1081724250641
118.22619028580219
120.16055126590668
119.01888354729277
119.79457574015355
122.18875429367397
120.24061714320558
121.17934907127088
121.38604104596067
121.71120799076027
119.47571954282407
117.5009013429299
116.44513455706702
116.99806784182341
115.69302159596543
117.0998963444366
116.00352704877471
116.738644944324
117.11267743161733
118.06944676728814
119.31153033694677
119.59513483996503
120.62822261972691
119.5337998985683
119.6849276093622
121.45678538987121
121.96424587123724
123.38503214475405
121.54707259438385
121.5926392464849
120.9832459174131
119.6147563665176
119.39636282209175
117.3237866578014
118.11793829969602
119.54014220443126
119.40959411215394
118.62776948190968
118.76926896701454
119.02888338868591
120.84123260917879
121.95006645585002
120.27606115733005
119.86865723837663
118.83643318741622
119.70725088320556
121.06526049190616
122.32734435605815
120.06420392927943
122.00251003023428
122.55111605118248
123.6756254035225
123.79218250223305
124.94287671922721
124.96719468725861
124.03836130754313
125.8045035185201
123.9814341292694
126.08023255710017
127.07062735547362
127.15797560219421
127.82163212430049
129.75454248457282
129.18315323984044
127.80693615988581
125.59877509536818
123.16784094416887
120.72400491804186
119.72286362156184
121.84703066488505
120.56754249922102
120.50493513497952
122.22779760001448
123.1990639326155
124.34521519876961
122.47043972432782
124.40684975621633
126.8343634261871
124.33858158846816
124.3519760197359
122.51462261168501
120.75748145040392
120.73034343165914
120.80272452172042
119.22823119919786
120.65436671829045
120.94455366061442
120.09522444750989
120.79914070984898
121.59335474960633
123.23154845074313
123.24837139376622
122.99829561548837
121.99454953600168
122.7914000848455
120.358040728016
120.59270188973177
121.49996632028615
122.72724884546027
123.54308008568654
121.4235364703384
119.532850064598
118.50962902123614
120.73830890913135
123.11702010082033
121.2905220656718
122.29845098909355
124.07684334129027
126.04060174260866
126.06623978011068
125.83212150946497
123.39583609554745
123.6296492451906
123.59898130636752
123.48602431072082
123.68279847809444
123.2206530232258
122.7229382433311
123.2822857722379
121.7068829636995
123.01168935796088
123.93573806031341
123.0831147272268
122.76882966082908
124.44612886545193
124.45920499804147
125.73055150823468
124.27600500930447
124.02427204121324
123.46749760422247
120.99360561303007
122.5017231796727
122.0448247058727
119.98213461702419
119.14832862408855
119.7238020336458
118.04212602259878
118.24406014509783
118.33215045645905
118.52329319680767
118.57654084633785
120.19633203343379
121.14589669321997
122.05064093095478
123.34187163150676
125.73496191357135
126.02693439634594
126.12418547852602
125.57095442461194
126.01291496734292
124.45379164146316
124.14948073091611
123.83715886572233
123.12023065127696
120.93190500080746
120.59956305628515
119.44180652342003
117.59953885389756
117.31111645940936
117.298475912571
117.16772852564647
118.6989072581505
117.38281008157595
116.73070075534068
117.3374422417648
117.26302857817927
117.36677675123862
118.53660406633975
118.54914215295587
118.49384647080767
118.57627991832958
118.69595397655024
116.7646746774676
117.94704636644724
118.6624702762812
119.80407771470256
122.1171376230304
122.58673828553225
121.64572546380317
121.54401686345491
120.14929244315493
120.45904906525281
120.98521294232864
121.5278367217621
121.88855556060554
121.52041340886137
121.06582232956342
120.74233613283653
122.83424619255199
122.34322580947077
122.27299464580153
122.42365448942508
121.13670777300177
122.36645236001145
121.82016592183238
123.95390810342005
123.26672787507313
123.21190473933638
123.51511532087562
123.32463294130928
122.02954197845969
119.80672575809263
119.79355650659252
121.331404248191
122.67726844047797
121.55939851010051
121.09060262947754
119.86253215220134
117.66734232429276
117.7058610335773
119.96130559838421
122.2829337570983
121.6734286887331
119.30043552394042
117.60957047614512
117.68676992962158
117.12556425407448
116.97081305151244
118.49921736896012
118.44818440438914
118.25931854600326
116.24610773160481
115.08676705398393
116.99381432099935
118.0352892920095
115.68255121196313
115.2089152841395
114.38363368230509
112.4481863483261
112.4676158614357
112.97575055461306
112.78904473040417
114.47351268488875
115.25178059698196
116.02332440722377
118.08716451072316
118.10069846997453
118.3096872012888
118.35854768220422
118.87455622159302
