6 0 0.0 2.4777674378612415 5630.533506389484 2.55
97.64083120385143 97.28985491123787
98.40835305249925
97.62575413731713
96.9653243641874
95.65071485928264
94.5878165911748
95.16409597992372
95.4839802397873
95.52923516132078
96.14398561411137
96.03850397539287
95.152087984754
95.44756601409428
97.13910684372867
96.92987908135613
96.86612654314213
95.19493995268705
94.80875656525735
93.92291147001465
94.22649919903185
94.24256440194895
93.62971886823134
94.62983898178699
94.45025338296702
93.4033326518903
92.10861498015653
91.5304709748302
91.96378686998494
91.79037770470622
92.05367612735812
93.70066473776535
93.81870163716172
94.094494147769
95.84649082495352
94.8486699652301
94.6032983436117
95.36003692498139
95.95163017374092
97.59753545695098
97.39194437642571
96.75393193580032
95.28254942476055
93.70899690593065
94.42351257224854
95.37027921310076
95.54387267580822
96.22346247013824
97.96201496150272
98.04157666820967
96.79310184714575
96.40869011112835
94.76374117929487
95.16627655561328
93.67121783199937
93.81198561482367
93.32452994136922
93.21214447637621
93.10932892558282
93.48394242583319
92.54233802725007
92.85380155307534
92.63636528016656
92.07394021469958
90.93344203787693
91.80157202139434
92.91951766993118
92.75138364532022
92.83042331037886
94.49440167156047
95.29089935802038
96.96531764532119
97.04330377505931
97.0146068857008
96.64340789615336
95.28743447480377
96.17348556583428
96.03518140059101
96.71450194425722
96.64841990382969
96.6168919078383
96.28448810591154
95.28808881957514
95.16373811658455
93.45961160398028
94.47532461757868
93.9843993515636
94.23914125378005
94.29417802469248
92.9972608918195
94.60277922515228
94.53817353267732
95.27675373307117
95.83812756049812
94.97565845543221
94.20564568966357
95.86607984739739
96.20658438736965
95.11567294783971
95.39218089451849
94.07807921183547
95.28791494343079
96.15834899241977
97.75077062792654
96.44444157575187
97.96581299698344
97.70323036907853
96.43396498731742
96.45906141988017
95.17756339931745
95.01977644354348
94.21903244254229
93.35480916447793
92.34192169297309
92.49017775256873
93.50722344590645
93.61791872506872
93.65022011225217
93.90788322419604
94.6261573648235
94.75755555604668
96.3658654386233
96.30762610874486
94.52539117199154
94.71929317215204
95.47650977962586
97.25398109206549
97.49620491958754
98.26621397693413
97.71149244760389
96.74810088555792
96.70238549877128
96.05998173229221
96.23615303512949
95.18289528026733
94.87580624619862
95.46957159726594
94.98474007906331
95.95584721657538
95.94593370951367
95.80341094558106
96.38800380243121
96.03001445657067
95.99145303407941
95.69368105345812
94.6770633662481
93.09732162076571
91.91943006006899
92.6209249260173
92.64847420344458
94.00217803172318
94.23089560508888
94.05171896579571
94.1406536144388
95.4869491784919
96.70823726712219
97.6704887522324
98.34783244696538
97.1075660072934
96.45983642968007
94.82461729605221
94.70197105886075
94.92295291225038
94.11800908294468
92.38795675906542
91.2809831098417
92.90971975548756
92.12199075777359
91.0700891141089
90.86059733083455
90.82891383224184
92.4541146759382
92.47896510134034
92.52501668411308
90.96529771140402
91.30013624042101
91.35954201692904
92.92307576229426
94.68739138338516
95.60056567929819
95.14145173378495
95.80020324401045
95.87049877115243
97.74428096005246
97.72849842490544
97.53617419202101
96.87571478651951
95.27868848888703
94.75089924692178
94.49413648404372
94.88539104553213
94.21725455133509
93.91360175863923
93.4223992639372
93.36982550599933
92.95093236640197
91.43195154981461
93.16162502480246
91.63731581891625
92.28179232161224
93.62533259784642
95.45222972665646
96.532980518389
96.45267267833495
97.49979882827267
99.32058435123334
100.97402261297202
99.73444174751326
99.75910236091576
98.98657849566473
98.95896278733755
99.71238683682371
98.82706345003874
97.02838679899607
96.44800928976782
96.25853176343195
97.1528251013735
96.4263646555056
94.769440005121
94.0946049443876
92.29336308323494
91.61021156459391
90.93842067023631
91.66953312670411
92.07348270327365
92.3941418201525
92.46839384671637
92.41335211992936
93.96209829686848
94.87632736835305
95.07915579041135
95.40660201193006
95.90911163212941
96.53535180478748
96.62279709189346
96.69374161885648
98.11351229820194
97.36116583029997
97.29033542017666
96.26400673423518
94.99187618848121
96.71113133634489
95.51589001154129
95.52865408221385
95.48547162019713
94.27911744195937
94.94260331936623
93.69532977946434
93.70547050120827
95.39387483894372
96.8504156886444
98.64163761803302
97.39144619649059
97.69900896194274
98.15413540177337
97.90973075043439
96.00990919566313
96.03813027660294
95.58343736059982
96.92088228640779
98.64874150592713
98.33033550250353
97.59426559447293
98.01588916261976
96.7918320465483
97.65669979217002
98.12088770947588
97.79487719722718
97.2989678918312
97.6279454604191
96.17962611097364
96.21534519122083
96.00941282984546
97.4708447051021
96.81267899747358
97.76604859085029
97.23815497317787
98.82434703460994
99.58335528652229
99.5958587519099
99.92444894605924
99.41206522855074
98.51407943749975
98.16728058506348
98.12249113122314
97.93265669895109
96.04067583798934
95.80945464673175
94.56540023340284
93.65275168380286
94.10658615477266
94.19169508700067
92.45180467405848
92.4619980316048
92.37042461836778
92.66930976684827
93.29065502136557
94.5444584883707
95.80931268455959
94.5904248690119
94.11595685997001
94.59084725118265
96.30059610355805
96.57447439759041
96.45407898456791
94.83597799243614
94.09150000095224
93.24039444910089
91.80764892767296
92.20102501543869
92.57964972126067
92.59298690134885
93.57774884325823
93.60584289692656
93.9309406586863
94.44236767546619
94.28951605495627
95.388295754331
95.16783500401891
94.49677661919364
93.60157272410135
93.52505319429201
94.12122493090568
94.79614395863685
94.48515772379736
95.95165801842322
96.09073525104732
96.10805190915431
96.1180743735655
95.6754196743283
94.24627797301089
92.58227923648093
92.98906156309104
93.73450192139966
93.56108311099179
95.41944361368238
94.57000656524319
93.53722361166766
93.54740976054929
94.52554705954475
96.37831221474748
95.99774775015614
95.61783222554536
94.88977120138054
95.38084396451512
96.35286675772939
97.87000601555789
96.30939039103906
96.93273196232451
95.60724767902873
94.78617741864349
96.42693727109878
97.25319560339177
98.50915860188938
96.7845458629867
95.10638212907614
95.48018931257747
94.92268947378946
96.3374950404566
94.40361016257873
93.37318972261579
93.38452027102434
93.15416156180487
93.75198737537015
94.29140422660336
95.66466976944515
95.67774030746033
96.34723348262227
96.16655410483878
98.06872340448487
96.15514873300341
97.69841978392486
98.12469635276547
99.73388304160959
99.64937951831342
98.43752674545297
98.24590492322082
96.92336140759423
96.00925574349458
95.83742371111889
96.08351410433188
94.53883617815346
93.06354291117113
93.6849220877596
94.54915729817093
94.0838559524771
94.16772126069823
95.17592096931318
96.04221125908514
95.47621945838702
95.99937506551149
95.49906260293916
96.64911501468247
96.81424316249097
95.02319956003433
94.97276597161928
95.02356209325005
94.17431896206878
95.96955222903746
95.82503004694149
97.28315443763448
96.1439371923343
96.16563222238976
97.27505951283531
98.36919650610342
98.15544253583246
97.85160926829575
96.17380083649996
96.56502433726907
97.26450133394134
97.27580164900512
98.51150247330062
99.51553671290269
99.43434299533357
97.87758460650365
97.86050106858364
96.21653508579699
96.18613302719051
95.46508507845076
95.50443683862115
95.75984243676542
94.72419527965543
94.64237944211996
95.90789942575833
95.60669927742236
96.07633139690006
97.33287665689903
99.15284941769794
99.25843031129335
98.65264755710028
98.50527003657577
98.38314665468991
97.57698160337992
95.87818821799274
95.15114310254168
95.1763827908251
95.7237347860573
95.5966066912117
93.81074143234106
95.52522848406008
97.307873186002
98.12965942302735
99.43213070899887
99.4502783143358
101.30110144913243
99.77030465394829
99.1737884632776
99.04576042651294
99.02144378238731
99.9043932593905
99.2829692826783
100.8419461554476
100.40813908684613
99.82333760840822
99.69149771144588
99.61238352122095
98.05213887471449
97.72708932286069
96.73151212552021
97.79193450754424
99.09924999453023
99.28893108672817
100.00998267165564
99.87593946650006
99.73038391104414
100.54547662800725
100.90400812015636
100.2680963761978
101.4812509278131
100.90065351637246
100.81121047351594
99.57191961491505
100.10449735417457
100.13441836455398
101.7614317320798
101.77395206196294
101.6275338382235
101.27794479986322
101.30136569640865
99.3907048516596
98.07379756895178
97.19031563175534
98.64547049790701
99.12516040715413
99.15175122508397
98.05581389805721
99.47912857455736
97.8587693585736
96.24728873190217
95.94137034971631
96.50866136984564
97.8046848997839
98.67330429022886
99.92848384691162
99.68348536671306
101.04719667702379
100.87759807684007
101.42073702430034
100.99503457657224
101.55310794337413
101.75968548569388
101.25271630702576
101.28158808053264
101.53880821552688
103.16270017158742
102.14403322595437
102.68065084674231
102.60250040700359
102.53803153837946
104.30141867843815
105.21760740021827
107.27338768600441
107.86621755338544
108.5179196161812
109.84046242119676
109.82011716073417
108.84793412538923
106.85254081966453
108.79962212747657
108.42269124948056
106.56053876029296
107.08013158226494
107.06555229024409
107.55560513205896
106.12272963461986
106.30174148113504
107.94068843105673
108.9626239813391
109.04491292351464
108.01506114705661
106.87164932366709
105.52088714673097
105.03181492130567
106.78981145039968
106.27117755899205
104.78727500128241
103.9004263992185
104.59009717202085
104.62098541132455
103.19534427445865
103.55524306327531
103.97032720879804
104.12279458097389
105.47721075301625
105.36096731679558
106.03620242137671
107.85644402566781
106.27188720434751
105.10236430286218
104.73875325793342
104.84037647837965
104.00419215976709
105.81979993130477
106.10582700079463
108.11494848780465
106.55643366577173
106.23307732138089
104.3079404171189
104.2198808288995
104.25971074988547
104.65382637411115
104.93725096165896
104.81561517666502
106.7022208231088
108.34453202924507
108.31641566398295
108.62442296901794
107.66496128430931
108.63619984352441
107.94968856613868
108.27565807350429
106.15705393441961
106.17676262266076
106.80834117752144
106.89561568881605
108.65170170629018
107.46501352766892
107.821096094114
107.68374892188858
108.68502529440522
108.42999338700973
107.84615355892485
106.76148998795557
106.5972035015704
108.45083696279757
107.03132507763273
105.40738607413562
105.31500617562678
105.48370883582326
104.22874417204713
105.12566799049254
103.24103156887095
103.67929452973985
105.70146887345156
103.81949375509704
105.796361300394
104.14900232378886
103.14109289116415
102.88982469439307
104.46859992282398
105.02564857891547
105.10552538805852
105.88220077186124
106.08411090122569
107.24114158117736
107.21673636948913
107.66211261425482
108.04350989941128
109.91080990235176
110.39875072265235
109.61343074271257
108.70494415573796
107.69121229159401
107.67981868539582
106.59931594630372
107.31443079008976
107.29879969113358
106.70379157700467
108.61644449744105
107.43095130250776
105.41850086887526
104.06010908530695
104.10361876486665
104.97458491349575
104.11633636610807
104.34792186630631
104.6796746855864
106.12935926658345
106.30504286167032
106.39526337790204
106.4242778346525
106.3820963115395
107.3376180975851
105.58958008189583
103.953687835893
103.26457098144012
103.67414436506954
103.7078800552516
104.93395758950676
105.8043091134268
105.96268538263988
104.8734024578636
105.32055589359267
106.88084213177511
106.65955460200009
105.37664649547276
106.03041179406982
106.42610454051939
107.52393900052604
108.87596569016976
108.42051114915368
109.5578823295556
107.88641079286866
109.99598093981982
109.11164672385944
109.08243737197535
108.90294053143934
110.22761156891782
109.72035563488724
109.9340307341048
109.91677606460429
109.51480720742474
109.05889328864643
107.74167604688763
106.8188639034816
106.60841409366348
105.91532038545917
104.61081847582851
104.50023528005772
104.26551482386968
104.4794394114597
102.9713725806092
102.87505157394243
102.45631112857686
103.0234081063328
104.32063239981852
103.10925952770235
101.98213248873033
102.14947127654578
101.5169819664226
101.77155154278941
101.72907838185327
103.69837647383822
102.9663579097588
103.62801837833409
103.52387213685164
103.96359914364618
105.05336806193971
105.18137067152577
104.30787874699831
104.74730148000631
103.52932874998139
103.55704146597894
105.1921205977446
105.61624091257822
105.24924040544337
105.94493059483942
108.03013770335015
108.27741536001503
108.46317044154559
108.52091369689376
107.11254694392741
107.700822761093
107.68242529147898
107.21439975288277
107.13297668833818
105.88123171711158
106.18982051469379
105.60831004055555
105.61890473176521
105.58369282548269
106.73251318413952
106.63605291905591
107.33965580652843
106.89874342268784
107.60064712127826
107.2318109535755
107.1068895529941
106.49301632047774
105.66518268114494
103.99864793385824
103.47865525845864
103.78742662090359
104.26671895759631
105.76719059353493
107.76952543635657
107.60832755727044
106.2957187910121
106.20832395727506
105.61681390904639
105.12284176816196
104.60943996418631
104.45795074952582
104.01496420627988
105.34792681079534
105.17895506827459
103.88314183312015
105.7495427561179
105.70888213828472
107.76308043049265
107.04514287962468
106.96581087678963
107.30057588468148
107.03226199412526
105.65537221333753
105.09825161895371
103.5984286169335
105.594400092068
105.24169062625711
104.96149210772418
104.89456346481371
103.71648396940543
102.2763096632676
101.4606643232768
102.63180346431612
102.68626434736312
102.98077299282423
103.48807323017942
103.70346129930647
105.66810048998282
104.25074796958853
105.64232713481088
104.70835512036486
102.87991814185669
104.90001193684806
106.15131585535562
105.00680701660858
105.24338819378214
105.62918253066353
106.7273719762031
106.68962770356043
104.84163010518853
104.97551660422974
105.1722833593876
103.36103767630394
103.86096697552077
103.58870930553995
105.36524199369067
104.99358815075112
107.0757257888184
107.83672960412426
107.10156264518616
105.71563205869403
103.79003693664892
103.36717355670024
101.90649081149188
100.96274582301645
100.18277561435958
100.86958523676778
99.8298803114352
100.38749120066228
100.54257497184116
100.02343256970686
99.8232008114511
100.17671627398475
101.35105254801603
101.12620585237275
101.15318597959818
101.38004761904249
101.59515493080839
101.77977260165756
101.39517480529965
101.12475595259497
101.68921191741816
102.85909856566624
103.2758703087019
102.25087777635423
103.76488245529337
103.10049325475943
101.548909638194
100.6246555735878
99.9758050159044
98.19854889543821
99.69842737984263
99.49500281920066
100.09897592981939
100.45764006963961
99.93173278023089
100.42129780668789
99.537444123027
100.29580348772878
98.37769954491945
98.66007197343234
98.905072830817
100.02185614880592
99.03985571017253
99.41456127354354
98.76040589761885
98.8494469098751
98.8682308303433
99.08864166192362
99.33014984690911
100.65513735323081
102.61991257567374
104.1560660241134
102.27594391265953
103.56913091882025
102.33567089125815
102.37132032860897
102.01201021570604
100.24075625609076
98.76565287348369
98.74054758469788
97.39000268129547
97.53328037396568
96.23644610058169
98.16032726787594
97.94203325144764
97.28956497155757
98.81425396633162
98.88072122944585
97.94141953925653
98.61361426324227
96.74373655465006
98.28611344409026
97.91191015352665
97.79822641706599
98.79735787197835
97.99290879520665
98.53070219718379
97.8363624648235
97.89657257770774
98.87568587355474
98.07676168935008
99.36714595717554
99.49451396260838
98.75340750543948
98.71290736340971
96.81900870191855
97.49031814797561
99.02022854370976
100.14438884819302
99.60227202298411
99.61674281017224
100.73201095241427
102.10886978097533
103.00615865031094
103.84084701911434
105.74479480152635
107.67078618597237
107.69078792450233
107.07969725708668
106.37673453619665
104.50066536274615
102.54442787518838
102.52023147508737
101.58466451123098
101.43515778801945
101.97448141068416
101.62756393500894
101.60546778986475
99.69271403503745
101.11686306695495
99.65972588247482
101.1095458993066
100.64617002609263
100.50556360850581
100.33088519542548
100.43341878810425
100.0674810064001
100.52464442572615
100.47243702848822
100.44646532798096
99.97374277270123
99.96270527873267
100.65957629566992
101.01427728111389
101.46908397028736
99.73818636636796
98.19072548071743
98.30954338356872
99.76334495337906
99.79275596767128
101.77246333241989
102.77423579373256
103.16037285299572
102.94598212780181
102.71209275876838
102.59104044831481
103.13693425582464
102.20403322038109
102.73067199629567
102.2694188318728
104.04144091584115
105.74766183282425
104.37510916986776
104.3644591682374
104.40328681058845
103.55404867729875
103.59761834007926
103.33569146702631
103.3168426239344
105.00036143534663
103.8585177242505
102.8637410867178
101.74192713818027
103.51557583923248
102.27697182286941
101.81273520181455
100.80897406540936
101.41838751279202
99.4430549142167
99.63010290888036
99.53319063739637
101.09975089522055
101.41978790386058
101.11494553161458
99.53150773308128
99.79640131249673
99.7816399610787
101.31292129505415
100.44478511904074
101.08937722403392
101.04811165410446
100.8331401367638
102.23583669115777
103.0406682160019
103.77648527616516
104.53679222244266
103.1555465971596
103.47841480507806
105.00848720745064
104.56271032325635
105.08763704913659
104.68794898867372
104.39321779234736
104.3791616287828
103.70682885407435
103.63046605431997
103.18686429445657
103.15374460720298
103.20603962328362
103.036792752569
104.15219382618479
104.71094790489336
105.28362249146579
104.89447151173039
104.03568656227053
102.85388154922697
102.40369000231533
102.0399782793
101.60138187354939
101.86396478481309
101.8826747453934
101.99990670416537
102.11716029834616
102.26760706262353
102.77261449216937
102.86866740394593
102.95343450182666
102.68125784701361
101.88579381617737
101.50466315665795
99.78010924814578
100.37326442620531
100.94740749898679
101.0837646776775
100.8409750689026
102.7103246659389
103.98380218179285
104.09371873431652
103.41275581476783
103.56730954643432
105.26965976463562
103.69644768130372
104.31305825312255
105.41743896374201
104.9340723682995
105.03584294698203
103.7804463258192
103.91833169683756
104.7322704891389
104.61563125779668
106.6476209576384
105.72433177178742
104.56554214912836
104.16666863079648
104.1796025162033
105.48000556734209
106.21523464815694
107.0272873280795
106.13810571408749
104.33015203144079
104.37343600276193
102.82896094979603
101.23556286196441
102.78405197180886
103.78058251688083
104.03422499665862
104.04588746727008
104.21013699778868
103.63591843953792
103.69910512463291
105.47058337797327
104.9160008697663
104.95976240133437
107.03955467153375
106.57086802192472
106.49162549757125
107.39397774584087
105.46472305229193
104.46391549780762
104.26694191598274
105.62337757811085
105.5564165317455
104.50742888998154
102.91236233432606
104.07304664951876
103.98698593342243
105.79367865914165
107.23472666995598
105.42750496612132
106.07684790535481
107.81531173502815
107.444435776598
106.52564726768308
106.35019553842496
104.36459819765045
103.5853932000844
103.07997545773112
103.40767410995869
103.90539633591345
105.06818246930871
105.2010070560184
105.10225020348678
103.5859286990512
103.67151299042793
102.59151270406319
103.57624312070104
104.2599508945948
103.33129880402687
102.02437040370586
102.59659470240236
102.90535672322129
102.42706725040264
102.47550938837054
101.26871048330942
102.49202669606214
104.47032388468244
102.96932762163925
103.45557329723383
104.97127203455003
104.98972559858927
105.67681407478503
105.80151817029781
105.92550522790813
107.9273591208
108.80771814384798
108.52303273317263
108.80460977540451
107.1864886738148
108.48177796665038
110.01846475294752
109.67202871018623
110.49942923779713
110.95389424220413
110.8740344114415
112.73052989880621
113.42898114107395
111.72920423828403
111.53577429852425
110.3206398694158
108.58443270196771
108.5632474554172
107.42564058339356
109.17743570020956
110.20451785183855
111.04093183964487
110.86803232332007
108.80812549956812
106.76115887398437
108.19171347741948
106.80800376260045
108.78803153789686
108.79893724669111
110.73604764867488
110.57626432224806
110.32919767262798
110.15135644949324
111.32438721314078
110.15433372520452
109.22708550571654
108.64582154399432
108.75587794512734
108.64032252086162
107.159663556294
106.68889601477261
106.70380956415114
105.38136394415267
104.85969486518538
105.41028303088353
107.36649573869644
107.62819146219654
107.46177191059525
107.03436744241327
105.85806197773177
107.06663046981863
108.22511043370639
108.62515551648939
108.82848424801902
109.27088455368272
109.18320316967599
108.3470502667496
107.8905167056396
107.93278324278245
108.90079116002988
111.02250083260354
111.04514482960757
112.77089826833695
113.186420544879
112.04887922207095
111.66058979279408
111.4088827015814
110.04892876792826
111.56699176736643
111.60720742246464
110.75217342624431
110.10147574032518
108.94492075640449
109.08041314564149
110.64321323666167
112.54451518644672
110.8184601104665
112.26597280113347
110.91560303761064
111.73880006194523
111.67421438828816
110.37039852224582
112.22090318899151
110.08134337368604
110.02063636283037
108.70446399573356
107.88446930479915
108.14133427015533
108.03284162081953
108.84333211586873
109.5883212605293
111.04332529804599
110.29615839599875
112.10215009188863
113.20783329914481
113.01717965764331
114.1062013818074
113.069813972607
113.05774287235364
111.00053325481404
108.78641926053096
109.63887486533248
109.6278603286015
110.50604614241504
110.78525114548141
112.20214346787564
112.18784389751723
110.38685306569053
110.92435107135044
111.27388635330387
112.30030045052739
112.35449283037158
110.42788480159179
110.39508031555417
109.50113624864206
111.27345919793726
113.2141481209429
112.50532167362421
114.27852600058826
113.17368086264659
112.7384644141911
112.68550216447544
112.9406865371681
112.90237169760455
111.27316590631666
110.00510802551094
110.20170907769666
110.68070719555777
111.27713506453416
112.78168667685192
114.49414344968797
113.85994008570007
115.64847119922723
115.38777365283961
115.44709718569234
115.5010984279088
115.4842917666373
115.0643226097249
113.40777029057801
115.65265597208402
114.03025084797952
113.97889406318973
113.21093844516898
113.18582867809951
114.68254738522997
113.36124822772643
111.11329909383177
113.1635390427059
113.02291711918036
112.47366826329737
111.60981639641344
111.8347696859753
110.89576855771513
110.12602848295066
111.1375247235155
111.62043822418093
109.84462297305176
110.32359948213487
111.06868236680474
113.12071401945994
111.47272532901474
111.56300325533898
113.15146632646794
113.21947665680958
114.16517732058945
116.09227684239514
114.2769305508535
113.12806992469609
112.10221212330238
111.97660604168523
110.27610936451093
109.68641049779818
108.70425380608529
110.49525097781847
110.11119995246803
110.01868909012592
111.10538166591513
110.79690953793802
110.83265031188343
112.74650752184964
112.95022985554664
112.39607886538543
111.34694672268903
111.43069864513309
111.81198553789582
112.41861197409864
114.45307866789969
116.38199522341237
116.04493171609248
117.86684519500096
117.42123361155329
117.01201465768617
116.74719918175666
116.11608629101036
116.4969991248283
115.97564087743314
115.03876453211647
112.90210969632922
112.28429371587947
111.52608258664597
111.16367865768598
111.17541280508817
110.56635165177978
111.63135315845845
110.90281114202737
112.90330190758223
112.89134612684863
111.90671613143294
111.63742583896968
112.70550668465282
112.6337414152786
112.61506971998256
113.35718330556523
113.1340763048981
113.97059773710143
113.7865657835168
114.77688973348833
114.71343186593397
113.02347537948056
111.37501911740051
113.29812299507799
113.31057754077511
113.5057385584522
112.48717022769038
113.09849670315255
111.58592530436118
113.03948971480315
112.67810707771969
110.81236171097656
112.35830054571409
114.22127853907514
114.39655269261361
114.1886505412813
113.3957781931014
114.74483272940648
114.6496011625884
114.78179835201958
116.01634024391653
116.47111424938586
114.16644492741491
113.44299323208935
111.81369424599907
112.44778386560118
113.67577689198227
114.34583582065923
114.24083905157035
114.55442583600562
116.548855980805
114.6209238110643
113.98110311221573
113.8518815623871
114.45702847003172
114.28116704285611
113.45539024904636
112.8181467520674
110.99070464544138
110.03413296185413
108.10246861445094
108.14869372241668
109.46762293144633
111.10959306648313
111.1341281946932
110.05123394683461
110.52726909795146
110.67463937751083
110.87259216104691
112.07089798303399
109.96075414513442
110.66461582546182
112.23789173188727
110.47307229006876
110.7432311049367
111.752823164172
111.89435930839606
112.00324307841846
111.08829807988953
112.99700656462436
110.74618280834082
111.3108799307103
111.68935625517366
112.21777306078975
112.74349897668492
113.42975954906652
115.46929915788458
115.14821073433856
114.90381293769104
113.67622712208069
113.52127686039962
115.4937974511243
115.4557777493607
113.95986010786511
114.92300938172257
114.83619435231897
114.19308879083182
113.9925599635991
113.59712783651695
113.8922239151825
113.87872928707671
115.85252160789864
115.80889527231419
115.05642916523719
115.02813251040688
113.66912934612093
112.72202651140307
112.5293150204104
110.99727861070527
110.55427784006125
110.60039323058132
110.46268475235748
110.56975371335322
109.74336178894934
109.82822219996092
111.35310655534076
112.35680622218155
112.43599409780666
112.3986672435915
113.3241358771061
