0 0.0
102.7352811932107 102.11884803311081
101.49097048051368
99.54590475959024
99.7037389557876
100.72405596396636
101.29842286022831
101.63639738317974
100.26140268820485
100.92013552296851
101.468343528204
101.82791687106031
103.66816332486164
103.75328358305983
104.90683562341874
105.4928175885471
105.81605488358511
105.7331150975368
105.68169885719954
106.70676570282424
105.90636001663462
106.63206848191714
106.66425428675666
108.80453327983419
109.4660660001077
108.36530560910725
108.68454630528727
106.79332231803397
106.80614836671822
106.97280390249341
106.92509901411334
107.26660384790058
107.34749789553946
109.1407968437849
107.0563781857317
106.97394561955976
106.8912522918534
106.73058966576721
108.56313046863154
107.72809990049767
107.52577116795536
106.94535923278163
107.86565096495116
107.47779696254472
106.12637018579919
105.3263054865351
104.68037996085695
104.46359737537482
103.67744619950517
102.94384658756249
103.04788079602079
102.56029726050856
101.63409285064242
103.33477469844742
102.56869377107154
101.83564313873872
103.18055960706235
103.30929904563739
101.34821483489434
102.26428881145283
102.24615277909406
102.29712654326197
102.3315007238201
104.11786317480497
104.5400999314521
105.7531566332642
106.5562805578136
107.57908688872342
108.71103117418603
108.32720523077509
106.5765272753841
108.58662017093133
108.5215173097175
107.90552072610281
108.22427109167867
108.20694003426779
108.8428529698175
108.12861954599418
106.97980582674366
106.11293277732545
107.81539316263977
107.13718755431475
108.66567076697756
107.83447895258614
107.1212547674209
106.91498985423391
106.77236840651766
104.94904693409133
104.8468514669167
103.50489452882505
105.07722568991335
104.79098222215629
106.18956269230856
106.02428936956252
105.56456431038004
106.9171014781331
106.89548858367505
106.57371394709756
106.26065632311948
106.0102977726363
105.70103025622886
105.08207198250595
104.45142861197827
103.0167868122344
101.16930724338566
100.92739798134896
102.93395946980763
103.12595786144324
102.50190206097595
102.53862064748112
103.12493606866569
104.82461249156403
104.75424316106164
105.64067835075781
105.67269072636027
106.76767553701217
106.6910972784518
107.14645201278164
107.20717322955859
108.64663266061198
108.63220995411845
109.95679634610052
109.1176821625029
110.65204042905769
110.61679883103251
110.45258642777047
110.23843366378216
109.6784242144423
109.29796447374392
108.75202275139361
110.53877837716267
110.50752721654752
109.2089609476376
107.9923166296933
107.80407621380905
107.53040245547699
107.5893318122573
108.05861432743711
108.98903751230812
107.3913937867982
106.09605702806138
106.63705922994383
104.75439755189251
105.1068198885074
105.08898771610414
106.09604080011422
104.81043894539069
106.06427972240172
106.33916144659348
108.33506787151696
108.14347925774281
108.2580217195849
108.33336145654245
110.30107509575713
109.31714177298078
108.86466278226897
109.33646029486741
107.91447688689033
108.84076976360058
109.19202444790918
109.73421861692758
109.0281174280858
108.96754169377219
109.76432551257703
109.83563230487813
110.93704516590593
111.71798291700632
112.6166429099884
112.0810234823024
111.51791212877471
111.89552251611872
111.98666065369343
112.47780290594868
111.13550537163563
112.00546113649344
110.0834546538177
108.87756045539717
107.64433896677295
107.76208555613302
109.28132756839864
107.83684935967717
107.97225298315811
108.11608750174318
107.9064715203676
107.12119416505689
107.40556735621446
106.87739149164238
104.86422866053194
105.41961054027524
105.56563409351398
105.71283062251645
105.32324657540637
105.77124499160887
106.45455435868342
107.70657462006653
107.72914769624185
107.85408090264112
108.56357894001167
108.40511921745313
109.37737166546125
111.18353121867142
109.01148395925937
109.03138162872371
108.38156976932842
108.81000406394068
109.42171747638204
110.83832443972422
109.08003616817733
109.0522343626101
111.017914505032
110.63207574086147
110.87634224655226
110.09611012612555
110.22307960886276
111.08471418022754
111.67819554492638
112.04467269843046
111.91674989619885
110.09741417287165
109.7268571914892
111.42834659155851
110.67806230447925
109.14855246596795
107.09298286846719
105.89468851041909
104.35933660440847
104.43144957593928
106.19256842993417
106.749430229201
108.20187564839871
107.68620767673801
108.26788240396023
108.48600527614481
110.0527939393102
109.82400126250148
108.55741305040588
108.14161482770562
107.0974386033748
107.03107111938544
107.81678638967601
107.12302381713788
106.04831314550414
106.09466538655919
104.4589162193744
104.23087782016857
103.633997301449
104.97484944190397
105.1395095175065
107.1453775051342
106.67890603478732
106.58473138293573
106.63194786869856
105.60794141612188
107.54441615521344
106.92214171691863
106.96462484795858
105.46073953118682
106.68602763455118
106.74554847546223
107.98355981044953
107.26122460786901
108.0984268357696
106.77710251323614
107.57235901922687
106.96036807567732
107.71417817842192
108.79916654344095
108.74330424614998
107.2385335115357
106.54745402245106
105.55444978961776
105.12337841630928
105.88957976996205
106.03719875801508
107.29428502834648
107.94936217810024
108.2123224098222
106.41152714672216
106.6587489442583
104.82961837804496
105.21099220673352
107.0016084049109
105.08523060628448
105.65899801432437
104.38242672448227
102.54971699320271
102.58320155022062
102.83848372063021
103.01053459690237
101.7854536234088
102.52253528748275
103.06436172038404
103.72073574047438
103.93629427423618
104.92977979664558
105.79718245788672
105.60904397780713
104.90048657779644
104.08940952173128
105.92537272994782
106.14871073097085
104.09107547079314
105.46665327717
106.26496019811688
106.86438483056763
106.8081882597779
105.49560867632745
106.60519741493316
108.09823432337097
109.06527945813181
108.38084438203943
107.32322830730158
106.530884831463
106.51413664446541
106.41623658178825
104.2808858188126
103.8365730510721
103.63606336699492
102.19698484357302
103.94469413935097
105.07268959959224
103.89445208477552
103.75448454351525
102.70693688475832
102.36866319900467
100.77064309156867
102.59460897402838
102.7335787147069
102.29453252412002
101.50436600275323
102.26046054702957
103.2160566112728
102.01183057345568
100.69295004356144
101.46281186866
102.49245037816934
102.65147415964954
102.6962721416955
100.77372660337252
102.00995999839853
102.47696538296917
103.24578948958818
103.28152510017756
103.31528872423705
103.4998234878081
102.80012220496252
104.41168935087092
104.31090274758485
105.17046222365822
103.38414136504925
105.40461560146649
104.54757181206077
104.56017902211342
106.0417901621794
105.6423269684285
106.53492503232692
107.00114225358719
109.06749281045546
110.98541251347879
110.8465938909846
110.64289913396549
111.51729016447928
111.38806394301221
110.44531335550874
109.77489195532237
109.74140980529882
109.6075836178207
109.595933653619
109.5312447437055
109.75311519662465
108.38903676034049
106.89360225681502
105.17251737957828
105.16045669229464
103.7786839954117
103.70070403128152
102.04149936600093
102.06171159176148
103.23151648004807
102.48173685799085
102.72883846467529
102.51041207196377
104.02074891916214
103.66755966869178
102.09499723479486
102.02336391749252
103.27085279548142
102.96588216658766
101.09377493978725
99.12008758497977
99.35646578520793
98.11001088029131
99.6224993100994
101.43406733059507
103.25965458977139
103.8199876792496
105.09974429993599
107.06431833763055
105.13273204423263
105.1135766409592
106.98457706678244
107.00916273061046
108.07760626851595
108.37449019447439
107.92963141330333
109.40310828533232
108.19615072766763
106.45764085953151
107.16304991600698
108.37357847156271
107.19524617721439
107.02088922942924
105.75390138403245
106.3801202856415
105.7485909078433
105.2839369289898
105.27189424547946
105.1379523156613
105.16567815703779
104.03358737510965
105.77302409201046
105.70451662981218
104.81881100548273
104.69509016414224
104.35578343607037
104.19787653978821
103.9987152925586
104.08304807889934
105.68601702143329
104.79509054629715
103.56773698032588
103.81707914137256
102.53859006698296
101.34598782838368
101.25927821004821
101.91576077102586
100.09945764388799
100.25566744696889
100.44899383793069
100.51394102279646
100.76588831394147
102.058558849148
102.22300272332839
103.59130695791283
102.63373599132724
103.43822350637475
105.4788687743367
104.65230049036504
104.61193626170773
104.72163977108336
106.5461285794798
105.67417478505145
105.28588331428621
106.63936634373266
104.59757244460688
104.14586158809401
102.3475140590232
102.40774074448515
101.6886820143731
102.00989807386722
101.59923693054265
100.45717595395523
101.16027840977249
101.6695328077297
101.69315086704675
101.8881610814489
103.15886446206824
102.49306592996241
102.63450414665928
104.10514997472453
104.4087608975284
104.28645393051647
103.40404456073365
103.92401473751544
105.18403142430323
104.98120423196146
104.70466559236637
106.02711198489978
104.60960413514643
104.65894796031697
104.40886748781699
104.42082669558556
105.05747515114793
103.88284699489789
103.22314232040603
102.22131466446201
102.23911449736673
102.36991227057803
102.47870784358331
102.5651905726065
103.4054557153439
104.51475867978647
105.45931977362737
105.66601330174035
104.32606519913031
104.2442319151437
102.69335274211058
101.39432748115415
101.07192779538487
101.12941586434104
100.33328051661772
100.26016184108643
100.54334956457882
101.123142368643
101.05546701573387
99.10710710443355
99.90717939692689
98.577614029094
97.61424687941678
97.7637184694457
98.921859198669
99.27176634235
100.16956770297763
100.34731168295158
100.61709179282973
101.88737323205216
101.57016190938872
101.65415668733263
103.30214204438504
103.49964764205139
105.46797590655373
106.09643476167066
108.0138863782266
108.81723478313968
108.70480810045713
108.85425463561434
107.9470477684865
106.82470734801892
105.23099086164537
103.83088851718885
102.77266211170024
102.488866692485
101.59584128024102
100.298225032444
99.99472731325032
100.23379162033534
100.46218917818463
98.87047895830102
98.66615895971393
99.0881595147064
98.66135628098577
98.89918312692218
100.44098876401338
101.84506722642813
102.71607648232077
102.1489798480214
104.03922353304846
104.28146746961352
103.3299188021757
102.65110035145061
103.7789874565305
102.61766381085789
103.46646859957326
103.28257868358423
103.72239270059062
103.38370252386945
102.11211788597193
101.50664299100131
99.8087919130872
100.24544174998863
101.32563326199423
102.13210036710953
102.39102548855278
103.22489711334453
104.6764162539731
106.06650596735746
105.99868415895456
106.14189218201524
105.33379399815635
105.2501512180553
105.27267104386372
105.60946370125613
107.00481664051897
106.99091235319015
105.35371447214729
107.37461758894499
108.97919584085744
110.82384326237514
110.79735889135537
111.82522496131365
110.14090831604265
109.74984907959715
109.50684392573721
108.14124128407425
107.3500771654788
107.09537681680581
106.06456483904287
105.62126922042147
105.5055096338115
105.40188663245546
104.78485009063886
104.6535590410778
104.29988644259596
104.73456592959153
103.90804825476252
102.26884118916466
101.38064381050572
101.91857864893204
101.48306973471777
103.094653969732
102.39346356584677
103.81314520379838
103.64210273549172
104.04718080015645
105.18970605329775
104.75811719775326
103.13740405662178
102.2658850390089
102.80178314559997
103.70202399042488
104.92992964380986
106.701830580663
106.91227995209393
108.51242785130337
106.36730789514759
107.189803833549
107.91871077534321
108.21840653939975
108.27867625804379
109.36064124774903
108.53388260823738
109.46136270106363
108.36578772850322
109.14640338750527
108.79525844209998
106.6582575611616
106.64467555395736
106.30337586282306
104.89018811381948
104.8692530094925
106.01036197114789
105.41903793136153
104.86051666598631
103.70684286567474
103.83383887321084
103.80232047943062
104.15734501000452
104.52936474189232
104.24682305813876
103.24318375468893
103.49462422117637
103.32513755618633
104.28678172392723
102.7071166243804
104.14187524886663
103.82440867138935
103.80013575523522
103.50840673986477
103.70064347490757
104.32141154043123
102.67962502275257
101.52438104170967
102.50630652528866
102.52072836346274
102.21234734434273
103.50339655913271
103.11544686108478
103.10501655936037
101.11051286528694
102.04354702843695
101.96901257647271
102.2744218990705
101.086662872577
101.23383085156433
102.17729449590323
102.23223060557561
102.94009483089789
103.91746954210284
104.0069857851327
104.02677177969431
102.19166467843196
103.72280671037366
105.59524579388562
107.51384755730473
106.70152216477923
107.5911445089311
106.63729231596099
107.38161137357353
105.93665363969664
106.8348364379862
106.8827334094929
106.56821189525591
105.55731649594534
104.7378114700537
104.13505156946236
104.15105071871399
103.89415793313935
102.69522214512958
103.78203972273413
103.26854237944117
102.95247834877479
102.69459318183928
102.04252543533212
103.32852029441852
103.06624642191127
101.45081786257347
100.69750072551871
99.01205472887781
99.00162768609454
100.65252592770874
100.24008738940466
98.90715790375087
97.09179069448761
98.62613335525855
97.34692666584557
99.23241358936245
99.60499874104589
100.4873661393699
102.01820666513703
102.31112904637699
101.89682458385951
103.71415269651501
103.72770939065553
103.6688629306854
103.65729912801386
105.48072748335107
103.49222248492666
103.95722303298827
103.96762030060196
105.17996140774306
103.74703258302026
105.77254787568461
104.76342739136203
105.15279539779598
105.16985040274602
104.08893913261656
103.32955340855315
102.9611434254362
102.38959401906145
103.23225844675997
103.51349453669117
101.79551972786446
103.61178209513326
102.07271849677917
101.78125039028956
99.86834987668722
100.17151432916289
101.85404060569742
100.91699637334392
100.40523790544435
100.70898315102458
102.45998407226998
103.99518521628012
104.92568310959595
104.93656089485108
103.8047533197259
105.06357235211463
104.81220002205701
104.87680479472753
103.04243833279297
104.66992317472295
106.71765214144908
108.7597992142671
110.61271847277655
109.7107697619592
109.52503072296005
111.54178376611767
111.5212504618973
111.50740482186123
113.51658033082843
111.41375970376704
110.293070335343
109.20839569906882
108.43745495282074
106.85085993458044
106.36879340797351
108.2783661091018
107.76540134830002
107.754363241058
106.64746321999111
105.81065333997816
105.15356642719242
104.3242299760982
102.87969793727133
102.78290949931157
102.05844792229135
103.40651814332298
104.47550064694838
104.37022603992727
104.24705674631089
102.65907621494577
103.65918008263512
103.02508947096503
103.22945867045813
103.14735271368258
103.34883223808073
102.72159951914588
101.55394623419362
101.20847219675952
101.28105283426405
102.90610107103771
104.78969808451592
102.69386614649046
102.67987686320893
102.0312940227653
103.51607368967836
105.03815837076655
105.1469424966652
104.38283388682868
104.68189214425809
105.11466778246391
104.06943439556872
105.23847538963115
103.90644823723369
103.14511770217318
104.99247206817203
103.72742665030108
102.84480509484634
102.68355341625104
100.76499611283639
101.94986648377898
102.92230840631294
103.8718787936246
105.61228767535258
104.2225837878473
105.66890045808842
105.15923634404986
106.10213574439275
106.00342604146331
105.64579908516922
106.38979657244641
108.24217840025018
109.90914808035852
108.05610235898033
106.51761831032863
105.28193026489258
103.53176795030242
103.87941734806408
105.53709212292895
105.50751520746778
103.61265782916477
103.79868500380742
103.97702236329009
104.14501433217391
105.58228481998894
104.6548255727852
106.33557349603224
105.17874305880983
105.11760537814571
105.10575229018012
103.23212889128838
101.42587640748161
100.0082203070604
101.01615701551017
99.804105309919
98.1177197830894
98.19507092324861
96.4315210113461
96.24067635243767
97.53192495552388
97.56638073912276
99.1396151089052
100.06366412903485
99.75339457306148
100.60856148067373
100.64125527259607
100.87256372403878
101.5904811456248
102.99983429062436
103.01812344295428
103.89495864116385
102.63339118926454
102.70407620211677
102.48231352928613
103.09407073245069
103.30028311100115
102.59146564925442
102.24261563220817
101.29039731312218
101.0362853250259
99.33892246505027
99.40553470707049
98.39961433121339
99.34597495896723
98.963042785867
100.02186022368933
99.87586005571788
99.77977898452713
99.67819788161447
100.74334689436607
100.7267617717968
100.26460686892266
99.14601067629836
99.12177895379216
99.75410947157994
99.84049520380174
100.76302453426503
99.7309420700338
99.87970965211355
99.80540769119935
99.48038934501065
98.88724575612001
99.6699937043176
99.64323496855548
97.92433946442237
99.22963197627253
99.1751785506785
98.84656099249077
98.4554277835622
100.38445106560646
101.56422530399239
100.62346575550295
98.70516381382001
98.72757298991124
97.92505736693732
99.52527729628585
99.53766270063011
99.98868376254693
99.30426378116076
99.08778835707145
99.93242949967096
101.2428820093367
101.68030619390271
102.53010093649232
102.62392257453185
101.84202585120646
100.28713982758353
101.84036629558653
100.879679018572
101.15230280762378
100.97671269286741
102.99178635456198
101.7873176942721
101.4449610721568
100.12437009866512
99.68954856997863
99.50282780830429
98.28841389180107
98.96397237403839
97.29180729341756
96.87350887890166
98.4196612091653
96.98560052667318
95.19531284044425
93.37810586392973
93.34262290703346
92.57090763794032
92.81545243984338
92.83903822057582
93.23921358785164
94.83442518724638
95.9424283640302
97.43066055565278
97.21547734903693
98.89571706755724
97.53303794700166
99.35682055773863
99.28781755975655
97.51548988968379
97.32156464606668
97.93613420686094
97.89166809476771
98.2573618036671
96.64450046253579
97.19081403569756
97.39568749543648
98.48970692888906
100.34493607059818
100.33117522108796
101.24144772845762
101.17532439159812
99.35401506571299
99.31338622562647
99.10558403188132
97.33624517204328
96.26514268768267
97.98323237379273
96.74821097684956
95.84860132607308
95.86783307557151
94.85018681154648
94.90289274521152
94.32026647164516
94.37486463271868
93.29045275561637
93.24492936727356
92.52792893978518
91.9192932873794
92.35409321020936
92.30971603059317
92.50320203837377
91.76699986771679
92.43309344193706
92.5085904940965
92.34241491417936
92.3555767042547
90.73433144792462
90.65330852538386
89.63667650226219
91.37210830355254
90.12479629937602
91.50852997273027
91.16864973373231
90.20135614157098
90.26889115117459
91.54298914414218
91.88401931832685
91.94270830897574
92.29920264799053
93.14050390545499
94.32604850293947
96.00538689214346
95.76139690886777
96.89248043070715
95.54522984451704
95.50559388098513
96.21183927440651
95.67725088494694
94.91803306614064
94.87239379104429
93.87379306680279
92.32492585251578
93.62732928854001
92.02521293478887
91.25724183050873
91.88606660994873
91.82501168676606
90.25425373941552
90.4876537293499
91.44289450304161
93.15354639928157
91.92003450205229
93.18620687676066
93.1397599336782
91.58906459405421
90.08137394909419
90.33642470474315
90.71963596770087
91.1780595158115
91.4718153362983
91.76879134603453
93.12075941288299
92.71861877967693
91.23896482707538
89.42909284250378
89.73683572289393
90.28874028273867
88.69097570875037
89.89664965739743
89.88440232709515
88.27362648657119
89.06665482860603
88.14628138371661
89.91105278764289
90.62715442196514
92.17473083907429
92.00188389248599
90.99159472535985
91.62927595019883
90.14288192893672
88.65332161913427
88.90038028636542
87.78534003732408
88.80825567996173
90.00968508314244
91.15614553027319
90.82487791870346
90.9624032323332
90.83725537695499
91.08661466793254
92.00009791770336
93.81073860936705
93.78438733887896
93.47870084931435
93.3436356500427
94.37367032170965
94.20480633252797
92.46096857985911
92.55095907515175
90.913925547364
90.92371010587298
89.12645590916755
88.41372737119761
89.54685699157334
90.71401381370801
89.0923032802586
89.33024844559861
90.09214084734768
91.52639064623773
90.90991134265865
91.70714295345311
91.8204526916481
90.10371364869205
89.73645827356162
89.9713680473475
90.16458270093725
90.82945665064487
91.3798020265404
93.21017002109868
91.66068053582252
91.75815061717557
89.9445953866119
90.66300818473088
91.09439836006939
90.33879411351478
88.89606611806359
89.1228562540481
89.84179109666779
90.23120118491008
91.84979325362707
92.234486511001
92.12930703665809
92.1544801756119
92.1865241628581
91.03405086520425
92.05608867955462
92.11785609068664
91.25635359198279
91.96684284689958
90.85748540141101
90.86787904596017
90.27471201925636
90.314729911776
91.70191995329942
92.81903079805313
94.55655283268172
95.92319418385236
95.1325694419997
96.41465859494537
94.87524693566989
95.06793719499458
93.69021318661245
93.6702399218177
93.15500567749005
94.85613326027746
94.6410708128338
93.42524321367827
92.41115462575105
90.67397528487119
91.46927720311932
90.34060523468419
90.4550584226779
90.42760067418261
90.60798840260027
89.1791186154327
89.24701686223314
89.85056219757199
89.90812549740969
88.51517319514872
89.85029660104347
90.1966188638061
90.41596144774716
90.12834064600004
91.53158390554964
91.61642706578432
91.71913574738043
93.14078420749641
94.04009358894973
93.4996127126677
94.1899159476105
94.20469268336062
94.0690164801415
92.53601390837926
91.31869409011377
91.24420440729374
90.36023689290441
88.93504657184616
87.84042234976705
88.36099688800651
89.93969662366781
88.61470895995618
88.59438079071792
89.07223418742548
88.07679925262077
89.13720516123838
89.53290184568311
89.08845504232302
90.70876593701509
90.89079020814343
90.86110533967343
92.5050154500031
92.47903545458634
91.50611805048027
91.65278725094234
90.20186781056289
91.15239840583111
92.08668382480495
90.81893983633836
90.48934158167624
92.05092276890836
92.0963027622743
92.15129785687822
90.99630806020862
91.22605421958673
91.40304370958064
93.05554608944892
91.6317710050011
93.18388957254226
93.1934887081347
92.63435140931371
92.73955908466563
91.4960632442727
91.11516770282496
92.26689803522254
92.92161251821827
92.96397705945938
93.22405977074006
93.94879768155832
93.65879738948287
92.91111551632477
92.98641784243387
92.86534295735628
91.28519618395975
91.03644594529044
90.05032014723724
90.8351054385689
90.61795786924966
92.01116759144624
91.43586704651639
90.72944656921806
89.67008349403439
88.38915611926399
88.41639761452606
88.38534312347412
87.91209289145122
87.53612806436851
87.57059985019676
89.03284197359774
90.18666285402573
89.70386281816968
91.12524440544377
91.98933762117495
92.63256141427736
92.98821590180383
94.68457142746198
94.55406284422607
94.3023551022422
94.51255165013748
95.670167213994
94.39446955175684
93.90162510843253
94.94851185981783
96.76287618893757
96.07273301306158
95.97936002579452
95.55551483340426
95.53702264822844
95.5173422885763
93.88021886377523
93.61404334449696
93.66108613644063
91.97464877347919
90.89375429658496
92.61855499950467
92.60203648174658
93.00088562948572
93.04366388854103
92.66765360680488
92.34764604036958
91.56017623957773
91.29322744661175
91.94832529891939
91.81263993729308
90.21849473749376
89.52429678484913
89.69371901628884
89.96280409626253
90.9211670573005
91.52037614443886
91.54360854842334
91.30322652002205
92.08091721931095
91.79886871500977
90.60584712610354
91.67893877986612
93.16183328025176
92.99848379454656
92.62472583421349
91.64484638104321
91.81481111539645
91.77773620080492
90.56521241882548
90.72085098468716
90.80478369983562
90.94485710458162
92.43514250311195
93.10550812474091
92.18288911719725
92.75886321722872
91.72486419895459
90.67218202522967
92.21541519430731
91.16496285289497
91.15580894431724
90.87400645620244
89.5697779546747
88.48241755893918
89.78639952776942
89.36918933646182
89.10108152569147
89.13683488914525
89.3490962366164
89.79861800747878
88.6542903448463
87.98217546097726
88.00111695571327
88.39874928202389
89.37693254048226
90.20150275691421
90.26373201993057
89.26702556034245
90.96274860275017
91.12741392961007
91.146898300134
92.6363283692511
94.31058913718708
93.48319939616242
92.32960339615708
91.3807306786348
91.14606879773564
89.4991945730301
88.24049513575683
89.88003790684319
90.08481359464022
91.34681728715816
91.84495074327509
90.76107706728966
91.53830384831258
90.66089753220493
90.28878432182559
91.6788705914957
93.32074964902621
92.6525648363219
92.24658271832106
91.6655873794027
89.9072623206791
88.33841068666386
88.70749451449217
89.94045277573773
89.51707722169219
88.72345917943288
88.62470247276667
89.95844411927726
89.58347083687717
89.6014870120349
88.65478632030128
88.16063446650817
88.14951701129819
88.89962277631341
89.21138556239602
88.50524343211741
87.22861294544514
88.61512200376762
88.90954464513436
88.77851809206601
87.83537019254528
89.48543902080351
88.80167416067427
88.15131703022642
88.96657933096839
89.62923506650066
88.57374921362079
89.32314823542814
87.73723877407568
86.38328700064615
85.11597893986415
85.14541766833193
86.70074240964914
85.9646516847666
87.66662835212068
86.96765043894436
87.54422163265279
88.06334263817334
86.7027199529911
86.69183799727251
86.24835340824606
87.50472984426483
87.54613291483419
87.53709123742311
87.41120520000646
87.68379035718375
88.46707932362051
88.47612843359393
90.033379470387
91.14887623887537
90.26024636899756
89.0894483993524
87.33446203700213
85.97633168036276
86.22006766315626
86.36983958803994
86.90435792371628
87.68956864002507
88.77931009110411
88.92047649985032
88.92963303106617
89.20146043951725
87.73636800229413
86.13579928115159
86.48477886635989
84.9768065669716
86.57938298801623
88.28004454363197
89.71431080964845
88.29507468150041
87.61035175995052
87.99925643335088
87.02426196261943
87.5834274053542
87.23769758007239
88.43062646351004
88.07936459693977
