0 0.0
105.56300216933924 106.99898861993273
106.56428855994467
108.00422430924091
108.99727045088653
107.16483832173725
107.08635372162337
107.01351713221041
106.14801975947833
106.06019095507092
108.0403789283816
107.33703524244488
107.09514365229876
105.14152111632292
106.13259857146873
106.0164720521986
105.43246659478967
104.95804440413701
106.73303849842728
107.6674752368841
106.25232981569192
106.83528916521895
104.95805640904452
103.79721687229159
105.08062999795695
105.71209012896695
106.50858587370963
106.89116227168194
107.00096109395695
108.24054838049354
108.54260360950033
108.84805583507412
108.80408838890588
107.99787177817387
107.84482959152506
108.61268951760388
107.91526609105512
107.45454060065194
107.43042471788333
107.03305083653846
108.18456401095393
107.8615449414818
106.9131795054947
106.17047757330994
104.19240970475335
104.08018320756368
103.66416613112742
103.65187940175791
105.13095543894099
105.0689357398156
104.24401319671068
103.70176782238558
104.21518815128438
103.08443475775022
105.02609969645238
105.25070006030188
104.63931129811405
106.0349639027301
104.00121704805217
104.92772671417974
104.94884721717004
104.02439642642172
103.48164703672954
104.42206892264578
104.46061053559254
105.51084884043819
106.69276972653603
107.20030588438979
109.24542744813313
107.3775635621147
106.3513787134624
106.86174650947915
106.8441328245971
106.5092716120552
105.90955806704842
104.29954224610555
104.40105042568162
105.98142040847598
106.28138896105533
106.7737370935873
108.58044333808253
108.8722651206265
107.89536498566343
107.47893973545644
108.69053263823608
107.99272619382349
107.91239420296209
108.39579057495038
106.77319801143845
106.69255146026786
106.4617126368309
107.73415573848652
107.72064366586332
108.69660460479429
106.68039054937216
104.83012821751647
105.42247383957788
107.39690211951603
105.61584546862889
107.68768897417542
107.33819523149565
107.43647749198125
107.87870561216724
107.86617276122679
107.14426235107284
105.06719702999472
104.18365142721063
102.63464685615646
101.06500919353846
101.24345865385972
102.67767821359169
102.27213254014654
104.28363868672542
105.97628245800806
105.49346405702919
107.56171460886175
107.32425699829862
106.34193387505195
107.73652303760973
108.98089372131226
108.93604625600386
110.77524996211588
110.11322766672515
108.50827110821595
108.11643704434539
106.43791721761326
104.6843551058976
102.61006446647181
102.62113444579744
103.72401722086703
104.36221102277175
104.74400896421417
105.55494429493834
106.1898681830953
105.12729119058986
105.26553560598542
105.91356985893559
106.98884996855355
106.92467689613831
108.07823558035585
109.03817031725721
108.80048090361444
108.25227463524777
107.86439104276883
108.20204759318499
107.25188718231226
106.64573249385602
106.57601752138075
105.79846388143089
106.70217724401861
108.71778187270206
108.19308209998907
108.02046086296278
107.5737258764433
106.74716767239802
105.76352879585951
105.7241506165329
104.8956444545566
104.9104270487571
104.57982624928118
104.50409685103371
106.1087843876153
108.20247539152051
108.14203649999645
107.52831498621539
106.77065941281772
105.58793117788042
105.89495449349468
106.52733250379018
105.58160580681233
106.5604878331014
106.76761364130489
106.9372368800506
108.37129112135902
108.15634528328113
109.35474229735729
108.3391403138427
106.8083922530505
107.56047476841249
107.79308998979351
107.71896074910099
107.73840836338564
108.98030963743504
109.36892748860139
109.06622710555845
108.17226706737777
108.23167070555348
109.85367472635376
108.72174626864793
108.69624669837832
108.42063159935499
107.67687444541859
108.37071343619576
109.92221013475768
108.14161196980882
109.29063032582057
109.08652101377791
108.66215240371969
108.41779024077057
108.59877473416616
108.72422205102978
107.8501931625407
106.51527789234962
106.55550548245222
106.37700727760388
105.59975204657482
105.81517132646589
106.12213982782225
105.8317342819667
106.96475989831148
108.48456384880635
109.67170879242178
111.31887782472424
113.41645351953989
113.54783442562356
113.39864972056655
112.83128963224804
111.80900425552143
110.56743829170058
110.43578688190452
111.27376834471428
109.40960499033673
109.37395136616963
109.60291944551251
108.23511243121233
108.09996532735865
108.08008063303774
108.26705900390323
107.95553999318295
105.82579980205497
105.09464105206311
104.02796945324064
103.60721614027356
105.44148416743154
105.64359345782157
106.31315280516117
107.72340111686663
108.38757307415038
106.24640057570491
107.51249524454046
108.07069231064604
108.13339922252722
110.21278233724074
109.60040761539369
110.11521993546165
109.22962602313052
108.78619623423619
108.40758512975891
109.83695576898008
111.47193933047137
109.24447332933981
109.52943690436544
109.84177750434543
108.70938473865321
108.2185608792204
106.732735376085
106.53602611774312
105.16532711567231
105.58730794110295
106.77366052522673
105.22671786774575
106.19778648662312
104.9431607492069
103.7122674343314
104.13111443491624
104.1419993193869
104.29979851004255
105.41063884500888
105.20011404399379
105.26140617198965
105.35531004791116
104.72590686556782
105.59852136986005
107.19384741688778
106.81588787104836
105.67669660350793
107.37181624605667
107.38544584718542
105.54376328928822
105.55601289041886
105.13529875982192
105.58801150714221
105.79392251874003
106.31083137431331
107.73846570429379
109.1756980382518
111.10854568305206
111.0781332402022
110.05879492308169
110.13323548639883
111.51459727811758
112.95887256554357
113.28295669132042
113.3438279109176
113.32936260815477
112.13554595742534
112.30823524444611
110.08258920876014
112.1032270296916
113.76030840495454
111.54735843271155
111.5287374126684
111.30747580209342
109.88805112717269
109.43249977348074
108.83911576266047
110.26792329445983
112.41154036477504
111.50306025645123
109.92059605397301
109.87774132673864
109.86620763273784
107.77639103125166
108.77784338654352
108.1909802244106
108.21803873657271
106.39494490073476
106.43149141514434
107.73684851110629
108.05026624141287
106.31456724336216
108.26487218754318
108.28368020368127
109.4903039762597
107.71828905496872
107.91390345155095
107.93784647354589
109.42217992610932
109.0602252967512
111.21952205085974
109.34887338858294
108.60819157407656
108.72609785565393
109.59743904193712
110.2887867697477
110.80542710804258
109.26714504405761
108.75105019308079
110.526069329427
110.76535248994065
112.6036182922511
112.61851468804348
114.75225153396758
115.87173620458908
114.57328347764174
112.50949554347078
112.33474135726117
112.42016840450643
112.07142918393482
112.56425364951365
112.63418244273994
112.87255530123514
114.74617743607656
114.85882170359866
114.14306688397109
114.23196859828664
115.92019944190491
115.73102299479139
114.41948827353826
115.45114071612002
115.23405288377322
116.60136628170112
116.64640192563006
114.91003496046602
113.99191712294622
113.12049602373447
111.55829127270856
111.29516777127522
110.66608687418294
110.60149172088694
112.36364158589906
112.72719140649015
111.85786437485652
111.7032406563051
111.77315095993382
111.21455407847364
112.48765458973688
113.10601169658314
113.05610104036148
113.4010527624129
112.06821112008976
113.92624991423361
116.02550047017158
113.77387326272955
113.05984472779332
111.69194239747712
111.83694094704778
113.78334339427184
112.66662840504733
114.73974431723293
113.47441851134064
113.42774771290323
112.89714691968803
112.54244426386329
113.94100353133156
111.686370930039
112.28664127748135
112.15791391849955
113.28610324874461
111.97860164925171
112.42751292873712
114.50010848626106
113.46937786442308
113.65903944879055
112.38295202001463
112.41949843446338
114.62280107238625
116.57487280756857
117.64678435309987
117.62728871783794
116.77029181483347
114.86021285456579
115.03388146279721
114.41986599833434
114.02154432856084
113.84409413589319
113.9578583096086
113.5010175999039
115.48492813979946
114.04462734204799
113.68255434461265
112.81123676224271
112.57026339836608
112.35406665802134
112.05266232599854
110.59545588448991
111.62726563724047
110.67686601522949
110.0377601613762
110.07580466563832
110.57209362798093
111.91405155406576
113.53086804189856
113.9546983898226
113.26624132991324
113.10935859662645
113.78628765434252
113.77415862668924
113.86879816659362
114.0875842100989
114.11374042389453
113.7480981322336
114.60902619522717
113.43738106134441
113.45483538288464
112.41341710318429
111.50230586417383
111.67322995178145
111.60390341394881
113.27810551355444
113.21370849777053
114.96217923826839
115.29366380092326
114.409155262759
113.41031550467024
112.08302910560576
111.24534831339108
112.01496406600293
111.8637317665671
111.6284365738119
110.7681168436384
110.17470180102815
110.49430961311576
110.51701401098485
109.17224805161773
107.51229750865186
107.06442636566416
107.42427235714861
108.02980590283715
108.30198357395776
108.3477457942391
109.92136047054346
111.58211478218891
109.47171897974003
110.78169495117572
111.40253161873808
110.38697415920635
112.25017830348811
112.84782431431587
112.57441463087889
112.4703432980599
112.43628538590423
112.42286729462036
111.63714294458757
110.70637007579371
110.0293871411336
108.8984649817067
107.22644682544134
106.86104139583675
105.83397471696416
104.991918541046
105.04939160050971
107.08742200083277
107.52169354528904
107.53725419181907
108.99194626032198
109.04369691411836
109.09086673135616
109.844699356806
109.85818858426727
110.68523274322307
112.32995088516726
114.22482451721514
115.94791318537573
116.54330452737949
114.55324847161751
114.70755671415134
113.55104372658703
111.75540574475534
111.13855131360067
108.97083763505461
107.31966361315592
108.54545143783616
108.50166060238769
108.67521446197223
109.92303243428036
110.5671177612494
110.63167407272786
111.23519528895967
110.42596201694165
112.35377229889724
112.23202750804562
111.30723174020525
110.4036614720703
110.16792242247675
110.0431036519449
111.9683801868295
111.62807216093505
113.33130676304758
111.10757198072355
110.64116966415645
108.83253656293563
107.52404006556029
107.28703689402599
106.26704783697227
107.69342226298166
109.38288481562624
107.55625895413233
106.18861972943458
106.57738861600804
105.4000331521265
107.48572511671125
108.0634862517633
108.07449387180608
109.67817634191255
110.53252334389758
110.69765910631747
110.16279514213515
110.83605953291206
112.945840439514
111.74486251554015
112.9009322813444
113.15692174835759
113.18268718345976
112.84518509314329
110.78544913438168
110.96947063819722
108.74769573744484
107.68301185482174
108.36356204362545
110.36207314962404
109.04903253909775
109.5971363592806
108.48980766100419
108.76570364668241
110.9132628137851
110.73306575987894
109.26693592799434
109.25485804812666
111.3766451805783
111.29144498886696
112.00468272553483
109.86774729179253
109.31013320058895
108.09853954440119
109.55435032728712
109.89227733857126
110.21770616236452
109.9074262922907
109.76467159068078
107.75421550324096
108.92155903274585
109.04260289353405
108.38391708986863
106.55521872839239
106.27816499739926
107.77097876867744
108.08262915989084
108.12581872378078
108.8365367150434
109.92011156901178
110.0176261067684
111.68963951383175
109.92915022854058
109.94449802413281
110.65321508703295
112.24744284824348
110.70391369513194
111.16362269725626
111.11409484705055
111.68396354144326
111.24131479217073
111.02262735707006
112.24619528992025
111.25968917372441
110.70609297231235
108.79224035345176
110.16613230290378
109.02540639988158
108.74733765023976
107.27075658139086
107.65319968930228
109.02862079476483
109.57543579647145
109.15277806737056
109.47036867775904
111.42055209212343
112.27374496850653
112.80790932048096
112.63515855145823
111.5882389849353
112.59168462980291
112.56664895255665
110.44149196579478
112.64627454938802
113.09723834626561
113.01208426778737
112.76024094587832
110.9351282470683
111.61520345874467
111.58133711895714
111.2682011341879
110.89530677093698
110.85305783051024
109.94228595078197
112.1262049734414
112.11014067070816
110.61908317389816
111.99724235888128
112.73411533206718
112.19559795898496
111.21418195819936
111.3345998935387
111.91488804839054
113.25201506239364
113.49484903944101
112.28353649166611
112.61510067398912
112.7918884081575
112.6913289983721
112.76605093397417
114.25205461321745
114.08870710177558
113.47565765816556
113.74780153844085
112.70469889758583
112.72444951575626
111.25232296151346
111.3018424913314
111.17201542256252
111.46406176485546
109.78983181336352
108.48417068920554
109.63272777293426
109.94495313453403
110.0173200124573
111.64436302644498
111.99814858591427
113.81818470372312
112.11610142533344
111.16184335561822
111.60200885957086
111.6545265995447
111.70233610249352
113.08629342068653
113.4083126685017
113.56569840512806
114.65039319655955
116.94971701981206
118.06657176044354
118.92391888252874
118.44815460314554
117.46444981886356
116.55463910613517
116.56887583838869
117.20375030351822
117.15368053779741
116.89301896260572
115.22636335013553
115.10761074496645
114.75235364406814
114.00502448494443
111.84481391674248
113.98824189223241
113.85457802386402
113.57292611538603
113.64099319734234
113.12671883443855
113.53413195811167
111.82135618508272
111.87344851218377
111.04781750900935
111.77696897851952
114.00491317096117
115.02136157171586
113.58085767152512
114.08533060557401
113.60899109444422
113.77370399878642
115.25111034482227
117.33738798787923
116.50044002464192
116.11251081117175
115.92471594984876
115.71893698520034
116.89242639756465
117.2792244790961
116.58747146836055
115.78779534620489
116.02384443876637
116.09163029273317
116.53284810900293
116.50497869716968
117.57837141350845
119.09304715639168
117.8508546777449
118.25976276116772
118.15036189804748
117.94268844241853
118.03375322804759
115.89297811084803
115.95207209818096
115.92834530946712
116.98160585923249
117.14362821763247
117.44986953378782
117.8548613306688
116.02378517961125
115.08888882431779
116.43888859215147
118.42119640742872
118.48282232605271
118.17435203237056
116.34999648539261
116.31118544254682
117.10673354580217
115.19447856839697
116.69055797333085
117.89744352538607
117.71925355773004
117.70131310327704
117.23613598379211
117.55526250740007
119.64244421412371
117.467308366446
117.48598984152312
118.22233381039814
118.44142422853078
117.44176488543215
117.04657044524512
116.4485928331426
116.43418152928227
117.553241582833
119.88777696671886
119.50461009106402
118.9509493382419
117.95389869482909
115.69910491181001
114.90881590350054
116.96519166259753
116.29662255731613
116.40823090215211
115.25756904451954
116.35609309018567
116.50516281542495
117.51954059652137
117.26000048139454
117.77324850894001
118.97158412556347
119.63735389250755
119.56342299260183
118.8280747038439
117.68636818320505
117.79048287647252
116.84420748526858
116.33603224179181
114.7514216891234
113.02353323149649
113.001699156374
112.55580338697789
110.59242461816171
112.72733350422016
112.88509841958331
114.87061973348902
115.88901007528193
116.75203002455267
116.22816729267068
114.60882168675278
115.47044944909958
113.88393168624182
114.4796225108409
114.8525574147831
115.65365808498062
115.74774720018
115.70858740351906
116.48414621626186
115.49730516685582
113.95222168121893
114.14010794131339
114.26804154790474
114.49184181423983
114.80494666299568
116.02299146685823
116.03797272883982
116.34588014455973
115.14904632674453
115.38888728698021
115.49138650967362
115.50504023290058
115.61744312732782
117.45732270926305
118.42564118221156
119.77045160877164
119.96570022544219
119.91970439934677
120.2843665273797
120.21953170345859
120.96976788729833
118.78701553768529
120.5647748918266
120.65648080843043
120.46560343230857
122.50449939658631
121.14640827822966
121.13121335103052
119.23104822048542
119.20454685024175
118.88323648018594
118.3751996593433
117.95751107574156
117.51329988015122
116.69122921743916
117.217864720115
116.89053575862289
115.95010060103483
113.7613064849321
113.87570133806493
114.75510501062013
114.00830370111515
115.46302017482905
116.03506303948318
118.01362855572084
118.42271321167543
117.62026362749621
117.20437679828692
117.15253610641615
119.24262212707548
119.15352886869555
117.98425302098066
116.78162504529841
116.69139749776734
116.20666373748448
114.04946585499727
115.0139250824715
115.77473601205564
115.86094914399028
115.89086045105583
118.20332891902012
119.48676168156588
120.3458825044568
121.74633626789505
121.14082359218827
120.72797457688661
120.98753846749725
120.91589803901425
121.08197579418368
122.38974613034418
120.51200567428663
120.78310439292689
120.1246527677271
120.37458128466056
118.19460921575538
119.12176739822857
120.5196404590377
119.71671441006795
117.9197730164863
118.52038658489629
117.99737010145414
117.86674965327852
118.81874121560442
118.74631341214067
119.11444122359208
118.43916159315145
119.0894353590103
118.85176149507087
119.04939919039498
118.96968091521327
119.04894675824548
119.85261190737926
120.99094294523258
118.59076851158882
118.67251252305026
118.73967793230872
119.90407594217348
120.91848426192114
120.9872881698138
119.71654214707145
117.47046340744014
119.48674125324168
118.86107959373076
120.89508350469195
121.81564266805708
122.55132997005488
124.12709967469932
124.80083302538642
124.82797487325855
122.88564394541156
122.75883674789974
124.81343024364995
124.00287945768002
122.72171676925879
122.51287371463708
122.43137089846857
122.41334469195537
123.66129499625373
122.21384723744048
120.57190491672401
121.37863451168816
121.10137808073443
121.23474470863822
120.36597419357872
118.39984851482585
119.91130627871995
118.19766522951626
119.5781039401161
117.97247818037522
119.70850248562225
119.30938188033431
118.45504441441547
118.78546078457984
120.20526164536207
118.09604688049107
117.19301317740046
118.77773804665483
120.07382961861414
121.23788978201823
123.24692818997991
123.81128843180504
124.35559002815158
124.808361417175
125.9442493475872
128.37784875962421
130.85797876385797
128.27510542690743
127.89086917322294
126.39591602177843
126.32860825907696
127.37023608607106
125.83611909985567
125.67562681092039
124.30802457410498
123.95041747123597
121.73036059468687
120.06924075258166
122.42468235250956
123.50623049068923
124.1411425785927
124.72536898347708
126.89360389214959
127.22182093031239
127.14464652280427
126.94739566716785
125.97474552253018
125.93451522970231
125.40494219374742
122.97948679486063
121.25594883299699
120.18579876038956
120.08005952505121
117.91207745208582
119.02388023412176
121.38767255970996
119.20908191281312
119.78963081909652
119.75984391731615
120.87528608752297
118.6665697400271
118.53639438147619
118.7492524687412
119.20113050486563
118.8726940769239
117.81465307314369
119.42494861810364
119.56093367775362
119.66497774415079
121.27448114349983
120.08180908444069
120.36316771065253
120.38635566519356
122.5739307159794
121.30976348786689
122.64926340324008
123.01631042404107
121.88537935764798
121.30545783720923
122.3912834097438
121.87513133979816
120.70765819265284
120.58456838912645
120.9042782580184
121.0244555098415
120.99615195498505
121.03765579451934
120.706908304402
122.342636111617
120.51430179492522
120.63766763085732
118.86854026882682
118.33450978899157
117.21236999276528
118.09914209386156
118.25077703606944
118.32756846656797
118.38903448088915
118.68473623900634
118.71973646042547
121.00828114879437
120.4057748951033
122.43400795952039
121.06319228158503
120.7718011819491
119.36896673656264
119.3815119119824
119.33482559399012
119.3035573168993
119.49281324269087
119.00279603365345
120.21873847971382
120.36698135841944
118.92204011866214
121.1908356897
121.3290838319038
121.48708381304952
121.85342360415248
122.69581746679599
124.64979303202301
125.88728109575256
126.55982790630895
127.36411857279656
127.37762814592554
129.4340827021385
129.3820804267832
130.79125162822868
128.4413341288995
130.10444615403676
129.46219725971832
130.60689154280874
129.67960837597047
129.59184883299685
131.3429523475389
129.95982488091974
130.9316125117487
133.2000796520484
133.73277948889
133.5647734615451
135.17513321011353
134.31421651563963
137.0082358307359
137.37353465732477
136.68421942960336
136.4439984887521
136.30115584138446
133.72037146176922
132.57451149837868
132.5562503848631
131.85259862482664
129.9296772166785
129.55820480117146
129.60418651954575
131.8900126001836
134.35802753287612
132.56901079379355
132.73535212906447
133.31491347986594
131.09035461563028
133.34217885058857
131.52362190181725
131.35355828164396
129.59297137361955
127.44667928008836
127.81266430784167
127.86948288539752
129.40320388821144
130.20539282378883
128.28397708672168
128.6359618063272
128.7580138314051
130.90895674526672
131.1212843474362
130.4399534438277
130.75359812570136
128.9584308220128
126.95098345417605
127.0747868068404
127.59929239278614
127.61809036261343
128.54216713057082
129.96505402659966
130.99447801425822
131.6223959385408
131.7380898144178
131.789200118505
130.7158036220329
128.82266044085083
129.93860189845415
130.108784089677
128.74975843645396
129.55702240429827
131.60376430138476
130.75045978498656
132.80969678008992
133.36417834858935
133.183319628149
130.80610460840794
130.82009865795064
132.88132012173344
135.49616824264328
136.2405571269382
136.12807214812662
135.13169538635017
135.03376312465562
135.0092481983967
134.07325060349407
133.55927705942543
131.9655479590109
131.5189682839375
131.47268015736486
131.42040170654107
129.628623419889
129.78144503414399
129.7212318908927
130.03421686621127
130.6149809831287
133.12819139114737
135.77968976327006
137.34475938778343
139.39178237252435
137.78876949807912
135.63661443846436
134.67901914512797
133.59710775820767
132.69124256459057
130.9062973469276
130.7777236597295
130.8438548469628
128.8824764253506
127.76846299140902
127.74219456102661
128.3706636201654
128.51932431348231
129.1205555932246
129.38220916798934
130.06312462384562
131.30577642472437
133.49863954002834
133.20860289559494
135.79439627245517
137.68238220223895
137.97844259658257
136.27648204827463
137.4205051324027
136.345699973843
135.3903708081536
135.4142329381383
133.6802391429562
132.83712977085642
130.81342459935823
130.85184844603862
131.00939559128076
131.41965856849347
133.4310386817248
135.52421462738678
135.76995143492942
135.57784389737037
138.06735400084975
140.45785796259648
140.16335977846526
140.70215309706387
138.76037761379658
136.06311398391813
135.8291062510387
135.32970569539663
135.35733440912907
133.62086219078313
133.43230667056926
133.23167833320989
131.4390021278423
130.82200854272165
128.55122690939538
130.3249917687096
130.27995172916422
129.55990911111664
128.59260006080635
130.64881094378438
130.76408652770525
131.4587930094675
133.75483673530732
133.27767136886044
133.29405344151232
134.3302267616233
133.4648316499005
135.78808618039739
135.51762315799647
134.80646582669422
134.27609613943383
131.76353582422695
131.6292070783089
132.5395590655091
130.10494521292637
130.88598724262738
128.374353240879
127.16609002064972
126.56533398099592
125.32889366073452
125.40697092351685
124.029360442749
126.14886993624381
126.24102593701802
127.76742667918771
129.15118627703754
129.69444715749393
129.0433963308064
131.2564928849867
130.8157422855472
131.74360016695238
130.67308255169667
132.04817929435404
132.17492548548108
130.75885882376872
131.5894822223072
133.42987199606304
132.8774041681327
131.33238486202052
131.21525535525006
130.15919843438462
129.2557944370181
128.9101200357777
130.27768082359313
130.05435812747666
127.48357127861345
127.90107674663584
129.1403752429435
129.93021267553155
130.73813482988308
133.16442997803102
133.1934841298203
134.72344766848502
136.3750907054157
138.55234590510872
138.22087554061085
137.55750510785575
136.99696993859757
135.89803440607037
133.43239819520014
132.2555320112037
131.9848023068601
130.42277993182904
129.10857790147446
129.12494114646663
130.66788267491984
128.93954112087772
128.8571546777935
128.8212080012837
129.62654728009383
132.15459406389226
132.78313222892857
133.99597066286591
135.22568786260663
135.03524602358885
134.54311960611858
131.99884997292978
130.46519697163527
132.64407661490043
132.66107652286485
132.42674620629796
132.44300478240356
131.5128796945888
130.76034868871685
131.59667817425182
131.4400819806733
132.14073770372318
131.7212465550877
131.3050039796276
132.332218003214
133.74439977050534
133.61517056846398
133.8502502247843
133.8870220010944
136.4931040669436
136.68124043089477
134.48321876345702
135.56277231247003
134.0466466541066
132.14982509691677
132.24062269339308
131.81065303436364
131.4232254061768
132.93765828747942
134.30259437307532
133.49916526166444
132.80156099619265
132.51281749940063
129.87331438154357
132.2092432090373
130.46009734839896
131.17753680517905
131.93837459978474
131.61294178214425
130.95931806456426
129.62219028133407
129.64179523802378
127.69296949627314
127.70655230084613
130.20434019117047
131.96053297704532
134.21916034527413
132.0605409567584
132.37324902169632
134.63031326487462
133.08373832569575
135.21548283512428
136.97359439414683
138.6529332877028
138.24069815476494
140.7979995893059
141.76812350599906
139.782390917316
139.29443823906203
136.90606837163526
136.38095492008972
136.8877679872634
135.35996565046182
134.78765193528102
132.85124721429688
131.45411473929315
130.73481818954275
129.19778675046356
130.08077431497657
130.36374937398864
130.56973559833668
131.02873252992904
130.75101400562406
132.00171872418915
132.60145935866834
132.54930307765025
131.6225795564385
133.40340843568927
133.01036361166348
132.90263785409974
130.4013521788469
130.1011061486684
129.3385108938018
127.08170020772788
127.77308031435493
125.70782717946204
126.01184523293325
125.60089955730109
126.63837019991448
126.52013376587408
128.77633565298814
128.87035782364782
129.3074226953077
130.28908704452058
131.28022484993178
130.8366745244754
128.8435589480789
131.15621503092746
129.91758492692915
131.45565076019744
132.09932835553985
134.5823593456432
135.10471446061973
135.3924846877369
138.07563187060387
138.0373969707389
137.98433813355464
135.9001589008077
138.54986495402684
141.2877125738302
143.39472552590044
142.752470276587
145.2848417999641
143.73645418236387
140.9457827663839
139.56561938950713
138.4642375291981
137.00929747095572
136.3334328839526
135.27957826697147
134.29269989739842
134.06263526101432
133.70205660776352
