0 0.0
107.88834243824759 107.59704485518128
107.16069908259826
106.77684278330558
106.55224455527546
107.48500870558246
109.29852701808606
109.13503560115765
108.68842623545066
106.69391028523759
105.46829702595889
106.72706442082055
106.11739083742063
104.16611403588533
104.1046091865612
103.3091150725023
104.08491472003631
104.72609514615435
104.73812148159423
105.31065690943578
107.41810636352646
108.46807146411147
107.6360088573435
109.32800748540345
107.9260195552616
106.4815735500618
108.46244692640738
106.68120748483683
108.00065847208259
108.0551202439902
106.40250929719016
105.2153171389585
105.17821081967247
106.15799075110638
104.89771612931477
106.03712672037216
104.96204939776584
104.86162190132086
106.51385440046357
106.97168523406366
108.25322215939582
107.69373121455635
107.02319250973035
108.04851340599157
108.88133622324239
108.45986080131064
107.0501446390917
107.53678580856129
107.31214550791726
106.67173053229129
106.60066943060477
105.96336664993123
104.76150380969031
104.06734133196473
105.3246409661109
104.37112459916163
104.29825811276919
104.25299652188627
106.25973592298259
104.79220787347772
106.5920191400091
107.89014715311072
107.92642724329517
107.98186557753837
107.97009695485606
108.8359495473023
107.38689649671524
105.66514317977129
107.5060210869687
108.54398792915711
110.28448174344175
109.96199944757952
111.04469725409388
111.44153396039661
112.04554656184554
112.18274995305083
110.84688822224675
112.8771032951756
111.96753007462542
112.21228035556292
113.13009454014774
113.14793263807739
115.0034656077779
114.99188418743802
114.63223246097596
113.5609757989355
112.67277878582442
111.79279349770728
111.58738155275229
111.42984839803897
109.55601189602385
107.92175935174627
107.09710664423888
106.47945108920051
106.44370411308061
108.44532878102024
106.96159227646696
106.38456885692692
108.14802338460116
107.82022406097265
108.49204789200874
107.78776101386882
106.61277998471323
106.19092404013502
106.90331540581292
106.8830186076636
107.08890988182661
106.50501379270813
106.56084427194104
106.54666574655833
105.91919261849941
106.02277885883855
105.10130856407912
106.68584249008113
108.43199640190818
110.41278449306058
109.4255689829268
109.40489002814563
110.2073979649426
110.32035973083346
109.2931114255844
109.32052982243128
110.65665468644349
108.79191460126268
110.32438701143226
111.68940317780971
111.67788203550468
111.32115325183544
111.78370131080045
111.97300938058302
111.52707260836765
109.61021139517422
108.88462699853275
109.97798509854152
111.15302195593503
109.88991364285
109.52773201147713
109.63410717830742
109.14811338212725
109.13682662962219
109.07483712818687
110.64033093932156
110.25228488984223
110.89398529911608
109.50784280075344
107.43213008161376
106.77573550612253
106.16454661313561
106.91757990204957
106.01553613561667
104.29468470647424
105.93414576621652
105.95189597775581
106.49204207416652
108.20526462692901
108.21626679500066
108.32661814740422
108.83975953342953
109.0582459950294
109.90925968289798
110.24368165152724
109.92070408879484
112.09937131271084
109.89475220902492
110.11253799194587
110.19769687516484
110.18634922354464
108.59285284314959
107.88344259893364
105.92517507022121
107.67109548534998
107.61256776628721
107.8647873014927
107.45991931375846
107.19272790285062
108.16690423990748
108.02546816521941
108.5134642980902
107.58791198582541
108.54468198866583
108.59282796605757
109.41727142865373
109.20922550915151
111.30843339377392
111.29481180393354
113.50587528985588
113.14467813913522
112.7117111028366
112.51099138393023
111.49384070803411
110.29444357359492
109.74269921121648
109.04385541352556
107.15049640335657
107.24149485711116
108.61998031784846
107.68967238907607
105.94404443299167
105.93148093314434
104.85669781135698
104.14676776091915
103.65558907540368
103.84055905949995
104.88366366626494
105.06830704433362
106.22797863880295
106.4282273521804
106.79661404415843
106.86596818906459
106.61737918792424
106.73989013721132
104.87566984662543
106.05500600799995
104.48554814970919
106.0073780358555
106.07331373685858
104.57778473141262
105.12794898331036
106.52333256256941
107.13868596858498
107.2734254968697
107.89330099488521
109.64207757921157
110.95527443533271
110.71524916219916
111.20453464261598
112.37952571564685
112.3396031859514
111.92325689372615
111.37180351391838
110.99866042396528
109.88991011734271
109.87877133962685
109.4594223774156
108.47201594435747
107.30152021757843
106.4325349770097
106.41005825158723
107.16332513854881
107.18064032397486
108.50394560300418
108.99040742304727
110.68197954015746
110.11220016992802
110.64122028750623
110.56176845227147
109.37525143306488
111.11915331866622
109.65499960083183
108.18803557951578
108.10009415681557
106.40576005607714
106.31528021823993
104.9551408824956
104.91475173881766
105.47909941772572
105.6245093065285
103.57257337552457
104.3709686728896
105.93234039711038
106.68724033382115
107.71775028294051
107.85969879143052
108.01650157756242
109.57925835221512
109.33666880132208
107.70724577508592
107.13881107766268
105.03446628668571
105.28288399722616
104.13842975577234
102.98723918197743
103.11680249558867
103.9863538186383
103.44476113977753
104.30527976291324
103.56781224165206
104.34837031605493
104.53088437595666
104.7989598990444
104.85609966341677
106.18252684790146
107.38749381778251
109.12723702938594
109.19430039245435
109.63661919345188
111.56093337555546
112.41534077968609
112.0391432446027
113.47330537102391
113.6585528108262
114.77294635029085
115.32647151642017
114.7112831136686
115.45990663697829
115.43566754913606
115.8793393803059
115.94852258721593
115.87189174397
117.77039962450053
117.86396362630707
118.06924019813525
118.16367095106445
116.33958477727224
118.25659814257479
118.32817331428154
118.88486496567837
117.67478156228414
117.80822545580764
117.34938052952164
119.17361642749312
119.5161033609342
119.47670933424659
118.90149886063647
116.84875537663729
114.68386230494538
112.4861341774778
111.15271537530597
111.46990575012379
111.18871349407787
111.1670301065511
109.33396623677932
110.04320676530344
110.01864907060512
111.42944312418544
110.47733521032143
110.3547994340579
110.18520491106611
108.17872312819436
108.1928970480164
109.17212190640723
109.19031269052074
110.66247402069652
111.50335129988464
111.6834229636166
111.56642108192942
111.32433530424362
113.51845106755366
113.01741801113512
112.94281164254865
112.72327042229699
112.79906526357419
112.87606501631444
112.78213324930962
113.60678733756318
112.34175542009685
110.90245999123351
110.929605767546
110.94248996076034
112.9839433245684
114.17380407959327
114.2110111119151
114.46029333976274
114.44593373291893
115.48046601397519
115.5266483615657
116.66353193091467
116.25716463554706
116.24553506538192
115.0303067825814
115.93592809379838
114.04922460137004
114.07236754184709
113.2464460172298
115.13704637840975
114.78859782102428
114.83935710469056
112.74985353302631
111.92165559448316
110.98329830618572
109.80851799721371
110.19591153237549
109.90621581255246
108.26597001591364
109.32500814793063
110.45417824164788
110.48372000333399
110.91407810218874
109.81440719870199
110.80226055836806
111.40982298476013
111.30758270530914
110.20008771912306
112.24987387206843
111.68913236296072
111.76646456234468
112.3761792147289
112.92753187488483
113.59774540497145
113.8831411459228
113.91431259333257
115.28857154488519
114.62109110275844
113.53474463208556
111.7443763211803
111.81935581912947
113.34076840964063
115.4396040079884
117.69722537408802
117.01164244351222
117.03092670815671
115.43136833571893
116.25070004051993
116.76193057874346
115.1610800373901
113.82984818159166
112.4089462592235
111.41947895443731
111.28257632167549
112.74364863448852
112.79335093374924
113.75156431811244
112.97992511323255
113.1853307490092
113.20106565953522
111.93415360140892
113.6670615939783
114.00834915489573
111.93528788730035
113.40983042959299
114.53182165415224
116.70641693446032
116.01364605195207
115.9439661532613
115.67279824937506
117.0181829810183
116.06814297125909
115.62142826382491
115.4200592328232
115.14184455668033
114.8458515084448
114.88948975803953
115.97388848756239
114.77158637196682
113.46845251068459
113.5728225879576
113.11010836262325
114.62975104539102
116.56515892796928
114.88240759682218
115.31942002838817
115.25905319562881
116.57056757236762
116.53559107674066
115.49350553587763
117.7380730096218
115.3794546492987
115.5792141867455
114.14930121782578
113.91311063113577
111.89032552445377
109.80807864804748
110.36647689219421
112.06755601638321
113.32342571912348
112.3978988999679
114.20179272127685
114.32010998461078
113.35664109591511
113.5949182661296
114.83499028487134
115.78897914525928
113.9588169914821
114.01132842400881
114.66022712067483
115.87506018543742
114.5217819597147
115.04696694623894
115.45612148952208
115.3671712595089
114.05754349475805
114.55894892462797
114.47883326165997
114.03490059636076
114.1486436457959
116.02416544195552
113.92788327195896
112.5467228639357
114.68704236160184
116.62425201880423
115.8045033813829
115.13599643861406
113.23901314567374
113.13150621254272
112.62775635322834
110.99534324696926
111.50148206581135
110.66908018368055
112.55405122616384
113.84753219414831
114.09335159021823
114.11955892208468
113.16175692268868
115.28887184324597
114.48859343758791
115.55408991749161
115.61282869972607
115.34558815242974
115.05079622009134
115.6418773911217
115.37011462867424
115.40234226361642
117.06670782432796
115.44328428246342
116.98880772292846
115.0657734373851
115.38123375152459
113.33995565163255
113.54593370945453
113.51911155374944
114.03325712249615
114.23289284201657
114.24432197502281
114.49751205635408
114.72611937137229
116.35398576626969
116.43302431230751
116.54550936861263
115.70949495859851
115.68278115414597
113.62315996645624
112.28976985157809
112.8230219321499
112.84745435354678
111.9899310984864
113.36809389502885
114.00803113959653
113.9749356218566
112.52185405759846
112.61539634247809
113.33644003614849
113.96571910878689
115.71495087382
117.43728339329095
116.91302701416046
118.75169291354406
118.20651983206918
119.32781425052653
119.67065536927451
119.1975624997252
117.26355307191737
117.45172841640425
117.10142952322651
117.05169117013486
118.72164920138887
117.90783000210014
116.98219963100883
115.06248783186749
115.7464866714704
115.6737268612555
115.49105996241803
114.17123669359569
114.00892240499232
114.02759047865854
113.96030204359408
113.15940845326949
111.95903708378106
110.14672202303662
111.79415498921334
110.93892234250954
110.90306639373428
112.58234913414644
112.89192714797964
112.00373335647632
110.41037351450456
110.81690550226315
111.4229860533629
113.07485226647357
113.4965469790297
111.75062795079879
111.70635802732811
112.53183011413142
112.93702601246041
114.16784959262748
115.99083848394312
114.89018641634274
115.80120331226982
115.90031481381888
116.29430929013866
115.28503413237624
115.35293236907563
113.458244888078
114.85221727361268
114.90805189359102
115.06439681906254
114.0620090234014
115.80859993923666
114.75859863411418
116.94687416941673
118.55532600938682
117.57046836982609
117.52108513087138
115.80888346728695
115.76017027922124
116.60471375501974
115.58190540266524
115.62654670987189
115.21498488116481
113.84039081811959
113.69127828763182
113.64352945192739
112.31132437579134
111.5074298860588
109.60784589855406
108.0213986328389
108.45552339134196
109.410559906456
108.07462786673467
107.6238605475434
108.05562754342026
107.14474253297114
106.5125787970016
105.62877691666627
105.800970619604
105.20304785435958
105.17060573458902
106.38197008611769
106.48895970080123
106.4997120659327
107.09886429717827
108.09584701237178
105.93469782416001
105.94766445320363
106.94855599662033
107.3246193689927
107.5529868386986
108.04812275753885
108.67441644788585
110.70345283567477
111.7127303329045
110.87092414972604
111.82544880327423
112.60364299913154
112.35858044852175
112.24038120606112
111.44092159870354
111.54694251516989
113.06390662990042
114.05456974446076
115.94961598592567
116.05919797133257
114.75001695340234
114.70273727338197
114.667260778075
113.49688275841014
113.7319995644572
112.56842058083315
111.70916193508054
110.23147542530337
109.34907871568296
110.80227183169148
110.68849858141239
109.9524309592939
109.81898147705552
107.85643894701596
109.52802183573695
110.99100121794241
112.41366488935803
113.02124303595451
113.43390455233613
114.78220931613569
116.21119034421059
116.164900060064
115.00202896182059
116.1051826015603
115.98926966289524
116.86009978910522
117.92316795288976
117.8175206915346
117.76574735219435
118.43246939295967
116.52082725567529
116.46041142777399
114.97476263002396
114.38919434723314
116.25140126860163
115.96343605933126
115.68102388080382
115.15770799555992
114.91723202041852
112.8891439236604
112.54561267056886
112.8095199608996
112.77248890180675
111.95235453246613
111.96861220935129
112.48547923343801
114.36520516946017
114.32250374804629
115.4655055704461
117.42103410315576
118.05141045906609
118.07534186378312
116.4077327529078
117.56304120855265
118.86758758031944
120.12708657194707
120.14656484410291
120.28540050582178
121.58703649982631
121.57342784939814
121.55616684941707
121.34444841217946
119.81332693116944
119.70958614902253
118.46764766063903
117.18020877586488
115.00327753628915
113.95661105343547
114.88838000492169
114.39723456228936
115.86101766850261
116.65583994833038
117.48406562396784
117.59280836189014
119.59976853604736
119.3196548375426
118.04998951679649
115.68977412984697
116.96369986070357
115.2526227481236
117.08267933309347
118.52542397859003
117.57712625451582
115.63575743836337
114.657284299497
115.3391183798474
115.83375762164668
114.94617022273334
115.7175619138208
115.73808723211546
117.16853911459064
116.7960474726156
118.12969385603897
115.95857128634124
117.19648011805491
117.93658440092298
118.6160510395483
120.78221190618196
122.00089821180174
119.80302992966662
119.89180666731718
118.569223536295
120.0047814381808
119.60601971885713
119.90285746567426
120.58216263342509
120.71543223332212
121.01309938514147
122.57513536430942
120.52266707225823
119.98485760100638
121.58423978789342
119.63879059122644
117.73453076893784
117.9792342258038
117.57299466947433
115.88729769002437
116.37710918688913
117.01940526991187
118.9309611843416
117.74672336518027
119.166922059426
119.19526610460963
117.2323693195809
117.64245792079362
118.25697736831054
118.2357401921536
118.30179657337602
116.04086447000343
116.53170123619968
116.64141652466556
115.9066608767035
115.22429614282348
114.07535438935818
114.50072400334692
114.64039185994925
115.0701156902377
117.19371164611522
117.54980307636008
115.74387197445027
115.76683513223946
115.96672546216323
116.38399736098866
116.0099046727269
113.83679459320074
113.9380792012313
115.2333150680908
116.62723806530661
118.59599171322353
118.58067999424658
118.47273959806807
118.26357000760058
117.80868802504702
118.03475661859665
120.19452270051929
120.72589524848654
119.41183737292451
118.87963030928024
119.39299110151862
118.93786030025936
117.47306654709568
117.71298387114147
117.66061713947187
117.61747598854616
118.20543680062777
117.55407948898339
119.26772812635438
117.44171219123591
117.08761404403177
116.1229988838884
116.63870270356553
117.33359615311616
118.99535861287958
119.35923927306008
119.43710428430572
120.22269111623132
122.13493286235034
121.27754522455564
120.78929848133907
122.67286321542439
123.95016737160472
123.96899346469857
122.03212837598659
124.01964714730718
124.07041486143413
124.16256463414675
123.87308008312134
125.71580624053378
124.46446208802172
122.41467620327316
123.78989432376531
124.7414396302451
124.19009665631806
123.67628663827237
121.27732961153622
119.40431274853344
117.08414421385305
119.38300602293478
119.75620362954334
119.77736481224193
119.79006643253173
120.60042863694402
121.09158732246215
121.92397747621216
120.49561740747595
120.97759225162045
120.90450046771427
120.98761673171259
121.04984269494847
121.02975560442502
121.23747807692888
120.65377769194241
121.64968615006383
120.4272790357131
121.17574417778877
121.1940832181886
121.8069249836059
120.54912165356603
122.04471911628252
123.32170070346972
123.9634998025766
123.64944065175432
124.39224133692437
123.05400324664497
123.01821258725397
121.6866013529409
123.23224428384916
124.73583032053239
124.7196224334592
123.99530400543313
122.32017618760271
123.35273647970622
123.96945444124805
124.433602832562
126.19297307050392
124.34318505197504
125.10542965305537
127.01341206472516
126.75651474932184
126.38911170960263
125.5355288157544
127.54590176278059
126.30426962137945
127.0180406183096
129.5098695548074
128.96497369132777
126.86746679342623
126.46161399276039
126.34098631273116
126.48713633179621
126.38080157741608
124.2841876072334
126.30007165704785
126.57463394009478
126.63732990290164
124.19260145777935
123.80996913306404
123.77611165319978
126.10685359428147
128.45380291006555
128.26446046778588
128.18717562246786
127.78891354010594
126.26376229317856
128.4791486003084
126.43909983056841
125.9283088728977
126.81911921751743
129.04848484365223
128.6991259338718
128.55016712778647
128.41153581286733
126.9621047052467
126.63245769022645
126.37729228348708
126.07836085499879
123.92789215281333
123.91393701166461
123.81124878681238
122.217558516465
122.20480538731225
122.46075957274721
122.68176627364055
121.30557579205194
121.92142579622934
122.77445288014404
122.80733717624254
124.45623523811254
124.47480033978138
124.80940441250053
124.48619587385853
124.89394321122931
123.68226196133259
122.16245859000342
122.5473113079694
121.19450856789746
123.03994951747238
124.94596535390272
123.75044031516232
122.65102118219828
120.3111955174717
118.16876598573705
119.21160769682564
117.01412878443867
116.02508965230862
114.96450968814835
114.95238439084176
114.990726403937
116.32861427830424
117.81187546448362
119.84061716846952
120.09410973875988
120.12199651521924
120.69779329629816
121.55469650095242
121.69532574639175
121.83732625595209
122.79530284061734
121.98600106234505
122.0860303720074
123.9873078556837
124.64873844462755
123.62088186313359
122.56437226757612
124.70212478584097
125.49728855721432
125.22676006608174
124.97356129082014
125.97384423522287
124.91094375806139
126.41907683814534
124.54036601161492
126.826831448281
125.24326332593242
125.07305839643983
124.69947928363196
126.27457226661669
126.10427697582936
125.13282901391693
124.88969838011708
124.21478406895663
122.79903127977202
121.71174896919366
121.54609957529127
122.82573948876625
121.96862719471555
121.95437114259478
122.6787034287937
121.66627117748752
123.90767928096679
122.98426271728708
121.57936068868841
120.47771054465234
120.24190013399847
120.58463629636442
119.68751193637809
121.0982011530782
121.35637105579336
121.57542436135965
122.58978454107246
120.98280284818095
120.5034736218532
120.84311901151273
120.23946891293343
121.93043314480056
122.17310244096255
122.7597312194003
120.58934823034983
120.6463528150037
120.90047846094399
122.0577715556153
122.43724370004142
122.45282285408742
122.97771235643033
123.93055776938046
121.97515014181592
121.8170072201829
120.89043208679679
121.4843746444348
121.36663580021622
120.92376596502488
122.78772152224366
120.61278398003564
119.7740373460228
119.58240356955432
121.40143848152229
120.77893361443124
120.95167114122172
119.33170384063567
118.9238066818451
118.88258859864334
119.14582618125426
119.55888943786562
120.84364575452493
121.0405867257428
123.36952013220042
121.9937092140648
120.8193684360449
120.94164739924514
120.3274322598491
120.43240121238051
118.83619242198148
117.31185009399894
118.21775191175678
118.24586470813281
119.57588474618824
119.6233956630806
121.74284339295397
121.63700645469956
121.39110987273367
122.30766472577133
120.33095252766304
122.13640603659789
122.15278672604862
121.25846192417146
123.24305692419637
124.26819885071001
122.7821261440846
121.2934923007985
120.04600739161862
118.96499080893322
116.90656734631179
117.36645352403924
117.79488574448733
118.19195437925207
117.52806179177934
118.86227867483801
119.15471852882773
119.85125501610746
122.07388600312314
122.281311399704
121.25275196063383
122.67155837816195
121.99572585913194
122.13332330146102
122.44645019594455
121.49954481737812
123.60350011845438
124.69561144196307
123.80619118177945
123.68555425377235
123.64011291092395
123.93295562467077
124.3260340064664
122.9364731150157
120.51255742985859
120.41446401619568
120.21366885087808
120.0965537645824
118.18620616618321
119.32262321289913
119.09178408141321
119.71846238377596
118.57396274429148
120.3758328364373
119.03935737701784
120.25448217226216
122.18509623279637
122.46996315160499
122.2365469022639
121.49330727963347
121.02117061075205
120.28029920687952
118.81838220132666
119.17366382501469
119.54968791482798
118.14734606794397
116.86745231742037
117.13828507152324
117.10765944228883
117.96077068212267
119.04995260933391
119.78695893251027
119.87370265151796
120.54362938855641
121.19803810988819
121.23486033139964
119.57485199626726
121.97006549305017
121.98739530418207
121.77217190179174
121.80207673368048
122.16304071157332
122.176145615405
124.2945877333591
122.12699301295508
120.29508689377975
119.64160236548747
121.42190559666032
120.95970101634566
119.27271141243943
117.64717530611188
117.20716595933828
116.70616172040425
116.78578398858716
115.66500231884984
114.51442480873321
115.9269826683186
116.32305906230356
115.36136689355598
117.18483370730164
117.52177449640332
117.8740779999088
115.67941060481816
115.74484203809654
115.92329872592879
116.89891280508049
114.68079510316352
116.69934411258095
118.29250349471387
120.22634101376983
118.39505846385714
120.54571531486876
119.58949836192167
120.2285878837832
118.45867431373438
118.53480147872217
117.48718790772445
117.45001894318514
116.57875616897404
117.03335423651765
116.9989112044347
118.4363758146802
120.70935817185108
120.6707382402515
119.82418383930161
119.39527971511696
119.89990289479425
120.0338948152599
120.00956398929407
119.7689198658825
119.03325702337719
117.28175537791033
119.09093681059421
119.17240399068874
118.96084494298186
118.03660565660503
116.00563160349678
116.4228363438387
116.14319605875399
116.06530951073363
115.95282604167467
114.70828674750129
114.99713185190346
115.2888755914571
113.38683346813316
113.62937955505494
112.30373855750354
112.15705728884812
112.02635186518899
112.59538569208226
113.65981210824602
113.93576874991119
114.82400235035418
114.45139222741086
116.03756107974743
113.9478335925324
115.10731782841935
115.37863663698256
117.19711648415385
118.09481147413004
118.53390035067193
120.04694493731354
121.3019685389711
121.20194616597135
122.8925310233481
120.96025287676535
122.55738835021718
122.8421460280318
122.82590630580786
121.06766260705172
120.68507999450135
120.1366437425705
119.71441073214459
118.83164807665517
116.76961781813063
117.28673188517494
119.20257559203178
119.14765454312807
120.22942209566023
119.74326168613422
119.41920454787898
119.21598055533866
117.34155734247426
117.0676689798991
117.04744219283927
115.47794672063311
116.0187505182566
113.72064816294242
115.39074947005139
115.09600716547739
114.80816439923197
114.61879408306042
114.79300171314487
114.80448120972092
113.72088033526116
114.67272478196844
115.19929214806005
113.70216918744262
114.88135157417409
116.02462060291323
114.80573453732725
116.2498608564607
116.01786471320358
116.23954176920311
116.56470630013968
117.925626612829
118.94247941823348
119.08685042762211
117.09047846488649
116.6681133178458
117.9405636800367
116.50905555291476
116.4780541620221
116.19565300274614
116.28536096556965
116.27371752715304
117.45446983478055
119.20552217191525
119.1729591796644
118.97569791870986
117.18013449672951
116.30279655771125
116.24566097173224
114.44965273650133
114.04691252369278
114.05862888006716
114.57058557666299
114.51184900061585
114.04210181056915
113.8921355561037
114.07181119830706
112.74603167038421
110.70020999389382
110.20529054100493
111.73024101525881
112.7612251656389
113.82073742927169
115.34154556257955
115.65674453171086
115.7648434304916
116.28923786707183
118.43532030880418
120.22624408066886
120.30998155095399
120.9777130663272
119.98538773699097
119.86342899787165
119.83910841833809
120.5622632327312
118.30134168338707
118.76993905147295
118.69344452634755
118.96381782221357
118.97889589385676
118.81685898150897
116.70249496671103
116.99136993716873
118.61290023456911
119.01247435485105
119.75923679179654
121.00569546951412
120.93935651177456
119.46771029652055
120.05852266091414
120.40712228911067
120.87515695081449
121.67792532474452
120.53675029431258
119.82253980225602
118.77280835094965
118.14597742716305
117.49060107682564
116.63942766218332
116.76724588585203
114.90000961265466
116.7540052650265
117.52729559052364
115.8620132778286
115.90237028471986
117.57764591795706
116.88890909706859
116.90768938435252
116.55969246556882
116.9154199095527
117.07837558926643
118.03034204043442
117.54354878736777
117.82612128945388
120.16887674894035
122.25216554631557
120.58058457371357
120.27543833998845
120.1062392825303
118.23025333530241
118.17273354063887
118.90467123412066
118.51677451037845
118.59241381023314
119.90682833958863
122.23054490703728
121.68450979656876
120.3815730348235
118.12107352736469
118.48108405285411
118.28368434122491
116.21916714061238
117.76730662153278
115.85254390126953
117.20125149233822
116.84636881440429
115.03745932282771
115.49638229375364
115.37044413524409
114.02196861548605
113.1731885937528
112.7514306002377
113.42594822832079
112.37467456813265
112.33030481334399
111.70215103261256
110.93284979024897
109.0838258901992
109.28703048022173
111.38104662790417
113.57827212024749
114.38378646558519
114.50776390020077
114.54139024176438
114.95516854227563
115.63173942889223
115.7915537147391
115.33333935624147
117.3935751658778
117.73288158966568
116.61815564161516
117.3463139843376
117.41913447273102
118.31283290434102
119.7935067236298
119.5413557952847
119.37969294275159
117.02856237443848
116.87283366504056
116.93093047833253
116.48196365810863
116.22609095157755
115.4136580444403
114.68657032075775
115.92814060792952
113.97405891550825
113.2880725904703
114.11407171292574
114.8401945606005
114.73708241065619
114.8556668880426
114.28511906369148
114.99650668245607
114.32556532360353
114.43417635871283
112.85850884913796
