2 0 0.0 3.064430517141252 6197.42929563238 1.9852511126437222
100.38151680541715 101.38561566424215
102.80200585626602
102.88293067016103
102.37809893056183
102.4322041240173
102.70511130760462
101.12781162655924
99.40312103919344
99.56291552859295
99.68118701975189
99.17521028365304
99.6679783940068
100.33629686981641
101.50359288420009
101.77992127754446
99.93673550765786
100.39642795592839
101.2625872801888
100.90999887086495
100.14157673815212
100.36556564143586
98.37289279867397
98.78149164682485
99.05969179503903
99.07353163556027
99.16906537103806
98.47839781373115
100.10569729473633
101.8929468455791
101.67343648613549
101.69589714639667
101.710004399287
101.72146384565664
103.10748431147411
103.12991303080192
103.45906520824192
103.40737533567498
105.1732219805061
104.43266532534831
106.23320975120498
104.64913039240348
104.5642193242051
103.50510112079513
103.40988791717179
102.6684600677773
102.39671051895799
103.60034934215581
105.534139138236
103.99298787511174
104.10749481300938
106.15766359397045
104.97151147116891
104.25805113422933
104.5839913584414
102.58955197851851
103.52778176386543
105.2741201697567
103.75652130719689
104.01022164489052
102.98532104936072
102.15344159742078
103.17908846557863
102.16831339034715
102.1887422144328
102.78230486284268
102.25715193442711
102.58397042464952
104.02976734036895
104.83536954153979
102.89121125742639
101.28505043327598
101.91776890889335
102.52581215968513
101.15550310062076
103.00789976333728
103.42460859208
102.8844229668649
102.86105885675481
103.85671679054734
104.4972629656502
103.28030681674068
105.08152153561738
104.32098735631142
104.70620495949885
106.24770966985103
105.30541834593342
106.60092668715966
105.99269374658819
104.07305625028641
104.69438537387356
104.47496802175678
104.14308608451917
103.06864438922976
101.81416048409073
102.06864077065644
104.07238279256849
104.02241658103762
102.94508187794649
102.89927733424821
102.20879893657381
101.78769126347477
103.6959429098223
104.85301872606315
106.45520799545679
106.5812529520007
106.67825533591325
105.41589364744956
106.280788758828
106.24833261307757
104.78612647861895
104.84903274454744
103.5150110105806
104.02765532727787
105.76931545788061
105.07998724673385
104.42481953152962
103.34968273362229
103.76529721289128
105.38690111998322
106.71360019152944
106.93500388508886
108.368255180642
107.69545560651054
107.85991822981336
108.76649158870688
109.2250524625733
108.69628560939219
107.12975087270941
107.11475727268085
107.40760023723149
107.69114333689969
107.76792639727712
108.83500210118919
110.35525402149644
112.54370877555986
111.76833282834225
111.07199568513538
111.7631205770369
111.3195771368978
110.61352739424196
110.58640309074195
109.19025096460115
109.13911076570338
108.92530350507916
108.70034646029504
109.08550251696249
108.9977460170465
108.70155513341328
106.59728968642312
106.7597941878235
108.85441171060539
110.11818620489632
109.40281557187595
107.78021406225308
108.56685987393429
107.86090783477525
107.8485021715621
107.91749750557912
106.6487836938423
107.44935565211735
107.74203752017877
109.09202137652947
109.14525155672142
109.1562945621149
110.9304786080595
110.87641640830303
110.54510252568659
110.90730916040404
111.5569967877463
111.34832062956424
111.10231225772412
109.57769545739774
109.33396753992083
108.78086561755671
108.75786822410987
109.2346459414089
110.9167593839273
109.62521962301233
110.87305201480355
111.54404430650145
111.35576499176234
111.37636176971138
109.83938542359918
109.8544091040709
109.77940752078463
109.998500156146
111.92343056031287
110.2130110254277
111.44926827995056
109.7850191268075
110.04772594344489
109.71328363262457
111.38918193673477
112.00951511480419
112.37119608154973
111.81462083761838
113.3378552436654
113.90549363592501
114.57763350990498
116.3657532925887
114.112833676724
114.63585927686543
113.03614611766253
112.11731483324628
110.27791832174502
110.66551826889658
108.67761700152927
108.724690939664
108.84957324499275
108.33607232894902
108.36667089363351
109.13346083760774
111.31648396450159
110.57149063564783
112.76964239386345
113.83159803352059
111.89005773257466
111.92602602501469
110.01024991334187
111.63662920260839
111.56333029632162
110.16700095452607
110.74525257164262
110.63531297535802
111.24079273935409
113.3139287652279
113.4587212011359
115.10820488987781
114.95121793177091
116.8787275407167
117.01733552977848
118.54995677475111
120.59470653529884
120.43743100617583
120.40313221844475
120.38859358168453
118.29056562676773
118.03854771421408
117.91793358992227
115.88517250141442
115.73852395635525
114.79087786303816
116.23637846814808
115.96335329501423
116.46261776561687
114.92420179649727
114.18614758181744
113.0342962717575
111.19437957022701
111.11711136281237
111.1357930453158
113.30255817062789
114.46114323389507
116.52221991850969
118.82465427054605
118.79608421498271
119.84067118221981
121.09820097003245
118.82900345382322
116.87122456956943
116.16657882411495
115.40715360814873
114.05523749438825
114.66584376457529
113.44962632408473
115.65260080675776
115.2806127434643
117.22124264709022
117.09271774687616
117.38065993060067
119.07675238570455
119.03734685527684
118.70627196935291
120.15153233133972
120.71989136065967
120.28286962249874
121.70407648161925
122.5886112470991
124.88614373284884
122.4075614122688
121.23280270304681
118.93961760416364
116.803266127331
118.59098432671034
120.26636239967571
120.08498181792153
118.37240484573313
119.80954356529067
119.34850655280756
118.79115475563954
118.63584834995896
119.65926648828832
119.3904199526861
117.90929697958754
116.72417288086237
115.82121152995279
114.81762798400088
113.68064118261803
113.97732913361662
113.70789437703971
114.6165077520233
113.91808978942593
113.8862560731672
113.73775890910764
114.78783746277286
115.59216955203014
114.27830261363795
114.20331849099472
114.16701939035113
114.92737168362011
115.8430251824858
118.12371288036421
119.90021235524668
119.40353249923265
121.70409968415926
121.00096052539422
119.6271005850785
118.85969183897103
117.44343999800984
116.09473495554842
115.82934045262054
116.47581232883354
117.31022596905345
119.4367071203023
118.6678461251577
118.84941957508545
119.8928665015512
119.8694435414559
121.05567370400844
121.15656906415857
121.4026304735778
119.36395887177545
119.71344218123404
119.13834740830183
120.25617096664962
118.90828430813421
117.46625266380708
117.55302299888585
116.69137142975987
116.30177878950254
116.65538452836344
116.6744697649266
116.75751127454024
118.173978143095
118.5964099614893
119.27833256067422
119.17838130380528
121.24694466067467
119.65613045049737
118.40102720480922
118.33671868647968
118.2908377054347
118.27565887223909
117.34084371198477
116.91577343742279
115.14001029132447
113.45819449246969
113.18205504728849
111.13657595302571
112.97817249789117
112.99119789138194
113.41266832578789
111.77791250419376
111.82399911359182
114.01122022522661
114.03723130593399
114.7100151232981
114.97794554025245
115.54284750218721
117.62493134016317
119.30640511077874
119.00112472357625
120.39254227860899
120.6377410550759
120.16826556101924
121.0176278311121
120.60529744506071
120.34595108609923
121.59293661133731
121.04026702111916
119.47930552851399
117.77434461344578
116.97284135103025
117.95986267202767
117.24798625956835
116.78668557784083
114.75280517142231
115.72720407489753
116.30886544749849
118.02076029407743
119.53176600287448
119.99377541846974
120.01228257612259
119.2001603421393
117.76992190336964
117.78359239114866
119.12828616775866
120.50228987814462
121.84305756711214
122.77257291345647
120.8389399716633
122.92578730215125
123.61252662838757
125.24023425309471
124.86543753900793
124.6207561343803
123.21354331160778
120.9617734976548
120.8577386342442
118.51527583378869
118.58921720339411
118.41091531264863
116.7458873834546
115.09433258921662
115.18525110883054
115.81096810551692
115.94185242773754
117.33649898834018
117.59918414628451
118.28819526333973
120.61033633231253
120.7557150388555
121.7054079351658
121.68702019984869
123.79029970762004
124.74582425478864
124.70381947195028
123.60793828575062
123.77916312154146
123.18210926331558
123.89188513701009
123.7275393435625
121.73972100874877
121.70789577740872
119.29898162847259
118.4568972703018
119.33842091471564
117.29961445021017
117.32939989511954
117.38073912056966
117.44148782895829
119.07498549230593
119.08745574609662
118.77229837930409
120.77527260247905
119.69274395142799
119.89889323473729
120.42118970974389
120.19340819154525
119.13975431349868
120.45877337287139
120.44221202218138
120.87448292836008
119.37191364250462
119.70656162847669
120.04253163966123
117.9418174872731
118.06595370115245
116.88771253884245
115.01116002067677
113.5654084252476
113.67060206551766
113.90944988869897
113.95483357984493
114.71454063371802
115.85648840404123
116.44063248359393
116.92513072186092
118.97239994741338
120.61184645586242
120.47929038399548
120.07605963043557
120.099247646254
119.9533707917661
122.2470449637365
120.43083512801529
119.84053356696198
118.58491553125278
118.96796609412911
118.2136984379996
115.94764869839945
117.27863166247387
117.29045837641847
117.92505549219395
117.88667690319372
118.14686897684649
118.0317966636539
116.81648709708196
117.13659838093562
118.70934884773115
120.61269655792358
122.23458031222168
122.96420234222863
121.86668313575184
121.8362038547993
119.94356505799985
118.60963550241806
119.87529733776437
120.89857051939744
123.11003706709191
121.07659090105736
121.7928302027595
124.14466736613588
123.66262298691443
121.69044124146419
123.07180617853288
122.31205238587627
121.96486268400491
121.94914488903605
121.879453516678
120.74866358089866
121.00530094027964
119.66790705982952
118.0047411989552
117.55989309294597
118.39517122137273
120.10110598858137
120.91923523939073
119.73849411525936
118.94827794059069
118.05275694273483
117.66033494502534
118.78033001342793
117.58711356676068
117.56546791861545
115.63228672399727
115.61190555919939
114.27892956993722
114.7589302719661
112.78437480599858
114.51262284075162
114.61862407239647
115.57331562340089
115.5976370001217
116.64780813180266
115.22254729061808
116.59018763357057
118.02678989929368
120.34474322688757
120.96623898457189
122.13111679986632
124.51604499612951
122.34796001191631
122.88888257429348
122.76274568051973
124.26839920240768
123.0085500898069
121.12231944688432
122.41382797064776
123.75431149475664
122.97852747556642
121.87190031644907
123.18979549505838
121.48751146434876
122.9734712612671
125.1927083094555
127.17974934643408
126.1522108645732
128.65688684286778
129.04371095427558
128.0723451750196
128.28617460689333
127.84429350037534
127.82914165488216
125.52054000625729
125.27990809625638
125.04268290085653
126.18437902040306
125.9085517680529
125.5944941265735
123.66048756912113
121.64645744358546
119.93528776475384
120.51621204775155
118.80416554753894
121.10299217048099
120.58570990872862
120.5146196729216
118.44899597965797
119.28911476260456
119.3841788049106
119.73716265842393
118.25292829088978
118.43022817585204
119.63734875806604
120.65623741465377
120.0698840607982
121.52999315503556
119.41411659303523
121.01653094283779
120.60558184333414
120.7510515200442
122.43204661730431
121.66623376043201
122.17575027636866
121.18494234814008
119.86011670331378
119.2306270514041
120.18867686777062
120.24528810298618
120.97340921735896
122.2318223609635
122.93957192444915
121.435518083053
121.49548367319164
120.21838421434391
119.44123979441187
119.68862202903729
119.77627526058806
121.09502616682342
123.0491352296841
123.1004237709041
123.00882371144309
124.00609754742732
122.37970760570575
123.8623336447578
122.3285279306791
124.05625701184015
123.71925135358363
124.54127138246955
126.08292458481202
124.6524915560122
126.55547275973564
126.48762946351954
128.5280007985917
126.38743941776012
125.21193822213758
127.189231588466
128.31831957770217
127.56897417988998
128.30356582304813
126.92456955905132
128.6037573589474
127.0477377665258
126.78164585757565
125.69391741538247
127.8318257939546
127.66943982181495
125.99189757768842
124.80182106524522
123.91668782959492
123.1698375179791
124.5408560938057
126.99572765820136
125.4212752344464
126.41908909801732
127.08775358770595
126.91058919905917
127.16108857753525
127.01199266987611
126.33749088640388
125.22131805680374
124.95249691080183
127.4301674124135
127.40354940126521
127.37376514989853
126.15891897003351
124.74229479979172
124.43622583758787
124.39468703945663
123.01248371640284
123.31049747324366
121.32184710047403
121.97598596360177
121.34113154857236
120.34869019465263
122.31879218049362
123.44088335922322
123.86320279217081
122.91476158517837
124.21458397584364
125.5963567036001
126.61566570609682
125.7740888051488
123.62213194231322
124.05210749988585
126.41882340197631
125.07000181795884
124.9586680191146
125.04798383422768
122.58225776131891
124.82365613462642
122.41756748660288
122.43823997827327
123.7707166057451
125.12779828073654
124.85460133753409
124.89121160651051
124.87871700603853
125.27938351066992
127.7443002827884
129.66782029158904
128.251312326651
127.97372508590755
127.95773115021514
127.7757704299483
128.1479666353036
126.45413382053316
125.90741876955784
126.02512690693594
125.43050736255454
124.80727857670078
124.49320948892964
124.32764815139244
122.91212461385912
122.6449054967535
122.07535754545067
122.10223906677908
122.13163186073221
120.00698271120949
119.94219878379612
119.77738710548553
119.30810314364928
120.17878556136189
121.45425186144726
123.74803456758094
124.27323689929243
121.85406745981943
122.03928484129679
123.25936384133499
123.99034033513777
124.04098042175376
124.02491606391092
125.19054910715637
125.71337210632655
127.00185281641748
129.3479084215671
129.8749797888437
129.8372828522336
129.23497332625232
128.73775498013782
128.48230574986437
127.91195127052912
127.35846716324936
127.24084589526714
125.26585990459103
125.06879728097658
123.06468129328299
121.57327405231398
122.03368067812985
124.18866940694933
123.33242722037103
122.67564712901128
123.45914102052404
125.4740284727097
127.95349130663534
128.00373271615828
127.16610915324136
125.91337605188244
124.96700604605671
124.11974685206613
123.86997188095116
123.2445951290279
123.11031636234978
121.14166687733099
121.50789623186085
121.89553141267308
122.83048846872305
122.54422355207696
122.57811173926088
123.60938558410959
124.00451078800974
123.8831124100768
125.49993667773944
126.32800845531006
124.92423534614728
127.32382842300908
126.1052907911022
124.54071910328747
126.87968038705048
126.29278193744143
124.54339225287879
124.96829395015973
125.38924683617225
126.35739197811448
126.82334895891806
127.45157330547377
127.74951712298655
129.25670262630206
129.091574381738
128.37061623705512
127.04378926752432
125.9711931235403
125.93837423040993
125.87480647957018
125.66447307764656
125.92405897025007
124.36675126731454
123.85541635730466
122.21306080423608
122.45509400346737
121.46133913406949
119.49219913656619
119.12069219797085
118.91121405193789
119.7588978040829
118.66129302519457
118.58663044408837
116.6449189600656
117.2226428055314
118.65450019997186
118.82746786505008
119.6054359619217
120.16477099527717
122.2175575890785
123.28406558698325
123.00110184247521
125.02643693549595
125.07137380032734
125.50752760827
123.60975356515254
121.96514092106223
122.34095902843639
124.5529689463188
123.98368969291104
123.93178787405908
124.44495370856202
124.62080197447708
125.61774559744774
124.23505803476428
125.31978538667586
124.25560774828456
124.34758770923374
124.58225213006632
124.70857831458474
123.75067065368034
124.14341864532555
122.47840611567212
123.17186408173329
122.4928895663337
124.25802007396491
124.01741288430675
122.17904854754605
121.5796239184602
121.92344351310837
122.6620795152688
120.26444894846529
121.03128122195116
120.81126955087278
120.858660147407
121.61573602821075
121.54358430372908
121.44652510340318
119.62226821736047
121.52984241489895
119.65967784090779
121.04221566803614
121.73159409840092
121.5894474631022
123.5014709046179
121.97255367074378
123.03802795588713
125.41192666542452
125.08446410040725
123.04833675869115
121.5920878623924
120.93408056849565
122.76462118546436
125.00718678026794
122.92437703441037
121.42835805452302
121.8559572722927
120.54207189639726
120.57724074285952
120.41616229807494
121.87813072255122
121.67582282419745
122.51484129263466
121.90119114812171
124.23401061697095
124.04735554743745
122.99240686532731
120.64942256590864
120.81731521129184
120.80442400746594
121.44576862520056
119.91800492090559
121.50020906138552
121.31277473928897
123.42997482983499
122.12711621218014
122.99327196388325
122.17837968916294
123.80798528265852
122.91999630984321
123.50093409262907
125.90678648287887
127.14335144183045
126.58294798326119
126.80380442240995
125.65786016157674
126.26569248909671
127.99747623776302
126.72874175916294
125.60604714133375
128.08154665438744
130.28506108819806
127.81890605034594
129.31485198248683
131.04889887989353
131.0688567350629
130.1889881501998
129.29212201564368
129.335059599635
129.32209241969548
128.814707010245
126.27289468710562
124.75524559396209
124.70006325617457
122.36413635169573
124.68928506418777
126.230858352689
126.07005786797747
126.59955099649338
124.30815822321135
125.05032737379928
125.23752840585597
125.27705607072079
126.88662290654308
125.77335518082907
126.76289731087309
126.3563174600761
125.93223941287465
126.08043864244895
125.91227516451372
125.99522073761855
127.91182580847247
127.8548091246852
127.42411301758447
127.35471263624859
128.62450578720876
126.20697384221371
126.07661123349698
126.05923224921446
125.49898158946617
125.17781931685872
124.2369764090759
124.19607820108412
123.36505305927042
121.83542181113035
122.1802079892486
124.45902186236364
124.44297120906637
125.71305295500815
124.03223049888902
124.13430056754866
122.6417147410379
122.9361748431893
123.08372352634174
124.59656690201652
123.02505726680035
123.82306655646799
125.91115311441553
125.80624931751296
123.44715372311362
121.42900370700778
119.92126615708186
121.14558660586704
119.11399061983572
118.37532607637894
118.75979556434736
118.66845414487808
118.11728126482657
117.33598677768217
115.74423703400633
114.18659430699505
114.91164423746231
115.93148083272072
114.59703667989389
113.94985172872455
115.53449551635003
117.56264382720633
116.57176014936279
118.68350300527953
118.73040514295549
119.10986424087532
117.9669526798871
118.27540782269962
118.94698396027735
118.35817618856412
120.69526620249785
120.47175051189576
119.30059152747853
119.91119970606758
118.30914817793231
119.09615206201201
120.8376841315811
119.17297240104777
117.95590901532101
119.96256740493573
120.17775014194865
120.55021123209079
121.39525558095251
119.38172547140464
120.34639458788216
120.35920243382202
122.12358287781082
122.86185500280298
123.20514447037246
122.46627984755146
122.0622934082554
121.21488673118762
121.74024051848508
119.57747513621545
120.8039982350142
121.64405187888305
121.17804007339369
122.61337205633002
122.70205893186767
121.71091205269447
122.94040541208278
122.00635930999404
122.03811535826081
121.97453569319104
121.82312635989135
123.20039432002984
123.28257904065944
120.87491420350769
120.90024450229899
122.3988880719151
120.16367955993901
120.66348396300417
120.77007375687104
119.05422169675718
120.27169030045732
120.68933162203177
121.41626317855328
120.92899555909544
122.95669981522434
123.1338495810973
124.65458227466252
124.57670495227673
126.21036699065886
127.90587020203921
128.72299799378175
128.91374581617183
128.7609654104903
128.02854520310888
126.44321242305807
126.26743521584923
125.38147371421405
125.52464442739834
123.1140495721209
122.92992731476083
120.91210315747486
120.61845663155016
119.40056426069627
120.18029859637223
120.09849190691378
119.27018925728096
119.00476677750143
119.37680376881237
117.10969645007678
118.98617057820722
119.57706030497168
119.78834292453772
118.56568515399665
119.8220318741857
119.90020266345294
121.86077335215386
122.2205161043725
123.5547291486768
124.8867272838575
124.68893290653227
126.1743953464371
126.21686072830009
126.25975372371968
127.73577167295282
127.25750552096575
125.23063493466704
127.23340792155327
127.56061508988684
128.8480331480607
126.29936481801762
126.27700355013185
124.58735417057268
122.63952236754203
122.70813250822516
123.38353092054075
122.17329546997595
122.26214260760855
122.75405954401378
122.77371435741958
123.43013108490959
123.97124956533236
125.02166947184044
122.56915324353679
124.68878950506932
122.44125044050611
122.40625439516919
122.4191764090738
122.55361073754287
123.45241365277963
124.18779071954049
123.20046948890827
125.42489435903538
125.19339902009028
126.97777767726889
128.83331600890634
130.10063754643696
129.39292822784185
128.95965265632847
127.78092504678627
127.44240773138065
124.97311670271272
123.17904149051972
122.62139891688055
121.99590173666886
123.34365691959576
124.39386271070319
124.3768429997933
124.35911719980268
124.34341558476612
121.96668573364617
120.71028422235297
120.68654241160243
120.74196369344568
121.18852992526627
121.59160403357801
122.00547239630158
121.30538490083651
121.41483931240123
120.62913556600257
120.64209862259457
122.78404910080748
122.96938321663771
125.24783845437268
123.06151390901316
124.07246455158358
124.78471272713496
126.50140842068261
126.45852247360449
126.13659056210467
126.74452644743118
127.53654675100228
128.86743298238974
127.41669725029686
128.0521368897277
128.30387597921964
128.15260390564038
127.74726486160729
127.81723263605211
127.78406647538444
127.66159089604722
129.416335183275
129.39581398827872
130.66308416193738
130.7936825160614
131.93371003766413
133.12571591108113
130.5387442821251
130.48767496478004
128.0473432060565
128.10724665860752
130.0931924745446
130.146081793365
128.03546172407763
130.1564846513693
129.7064783238696
129.0004127314179
127.76773870521956
128.41369536560936
126.07306998958595
127.20354481610457
128.30955919254944
128.54672424171693
129.25748521014316
129.28516533577013
128.94673847831282
127.84496447559424
127.70645726511124
127.68621139680492
128.78128344884323
128.5946518149207
128.6084002800463
128.2989613479886
129.49701544766148
130.14077925336096
129.2832978915713
129.30725434165754
128.5549752067454
129.68341455341059
131.59042497643566
133.68113565466695
136.18657976611453
135.1137792344949
132.66817390811872
131.74928018507921
131.8927469194074
132.7201318966402
134.02922801881917
135.4837540545268
133.20280391388252
133.11662287564803
132.66952071875943
132.43004883442384
131.14504288426443
130.7173913890268
129.40831181005572
129.29466676587103
129.2817225907489
129.48073732031293
128.05944330281224
128.9299447775464
128.40335041789254
130.93646062595414
128.96346401572214
127.43401921715538
127.33005771392197
128.0532545264792
127.46832423169103
125.45779559189982
125.52824937673648
125.67590878012633
126.18933809558153
127.5296368046198
129.86029121434805
129.79010031712804
131.11300509494663
130.62382602635074
128.61424890814973
128.47103612808016
128.63301073409028
128.3635554022818
130.92223417391114
130.0383207155171
130.29640020706233
132.0662467576274
131.49035703590434
130.327516580628
129.3469423725322
129.0561761304132
126.58615586596433
126.60714984566538
124.50039062582609
122.41681375483138
121.83549379632086
120.60415675183177
120.50421153707458
118.62799910254608
118.80105066451662
121.00130984730268
118.5871564344748
118.22684995240496
119.31486416352008
121.07518805772739
122.81882371133871
123.99822569513279
124.35394535424504
125.09994183159387
127.06743894017302
124.77783042151025
124.26271104149872
124.27833342248825
124.10625959732214
123.09451550559807
125.44631659018765
123.54454764484608
125.7259371586332
127.99587346057407
127.94608624011083
126.73617566389878
128.99138336668116
127.30665639337407
127.26341200613763
128.99953038341525
130.40270774516142
130.41646058337403
129.23451541932158
128.759851450008
129.25256836785246
129.21606214636594
127.20000945990739
128.34310658109737
128.20439783827268
126.7173774293678
126.63327201873581
125.79254653583685
125.53315710466566
125.31164982541476
125.95644772909992
125.20889192304563
125.02478269524934
124.97164500643554
124.91553013335644
123.88914710585384
121.99712392932328
123.66290769804914
121.42690957374126
123.14449385464647
122.6194885652338
123.83725008007117
123.22502039086999
121.18634252435244
120.57241208564433
120.5051303699256
121.04581610468595
122.62109014828535
122.94616088277985
124.65626132307793
124.52539453769722
124.05304725458011
125.18845702830298
125.9016803383383
123.87940832477346
124.03067206136615
125.89730546350332
125.62486174389386
127.9190106035992
128.56932636183777
129.2325064037622
129.3650981208557
127.98701433612231
129.15867464149625
128.81296653125798
128.5554992418771
128.54158866215477
127.60132734756522
125.26001242516641
124.76678351297954
123.66293234671778
125.54601545246582
126.52801362814604
126.5572410259999
126.53457345447877
125.64803461198316
123.9101293762002
125.29042495055998
123.8601738477572
125.42743724097119
125.00907512730257
124.61512626675596
122.43129184578595
123.85094046019158
124.51944148358105
122.99807731912875
122.65904862940572
125.02883530267094
122.97187716203842
123.89457340301496
124.66863250636764
126.30679100743916
128.4156023075364
127.29686584431045
126.76885702866167
127.2369481347142
125.06353405748145
124.53257415511733
124.67014316007577
125.32102670870445
123.19994274176024
123.05188107399367
123.10974588048494
123.09650093347307
124.58739214373838
124.6184515029792
125.84052606368556
123.60660111347747
125.21238572051935
126.09354313951347
125.71808986255414
126.8335202388531
126.68744537790853
127.73174158414332
129.5825037197805
131.87497769861554
131.77599813106028
130.6780596490439
129.30727053548392
128.9574059368195
128.93796243015223
128.4327941745453
126.62877281103158
125.8986735155037
124.96605451424261
124.926088450087
126.24651863062421
126.33905360280723
125.43581307305695
122.93529730684931
123.46859183439656
121.89098013270029
123.11263324710151
122.35785890856279
123.78492586914037
124.40521033317997
126.53538406028993
124.38744821901503
123.96196976411953
123.00672557613977
122.91572719029872
121.59653996924807
120.47544682484214
121.17860073997626
119.31553952631944
120.26371977021485
117.87341182433208
118.56151325588912
118.5734415179141
118.55915795419729
118.62959861964609
116.63285583394409
