0 0.0
103.30443106441234 103.34447066620206
103.32659090473162
103.47149128524026
103.53075407981865
103.54467976300558
103.37348160915022
103.42350013796006
103.60747633406797
103.49376778709137
103.51034735024402
103.49240381547901
103.4136445554621
103.31333636925397
103.35655574018769
103.43580980121452
103.50774822244487
103.70169128466105
103.78587300083807
103.84925773978402
103.64985357451228
103.54149459286543
103.5934332550267
103.58287426285219
103.60676086102849
103.67714003382552
103.78883575970114
103.84166669386632
103.82483389914998
103.91773802223643
103.7739705749957
103.6338808370954
103.60696654408748
103.56532322482445
103.39256513158358
103.38116008206579
103.59260784702333
103.67699790357186
103.86233861375712
103.80564127597783
103.69029086546543
103.7019278069922
103.7938588345615
103.78071603395898
103.56317686549897
103.44407273725798
103.39387451426086
103.34992345016802
103.36050814478222
103.53981980924395
103.7026883431105
103.72930607354644
103.6918356328062
103.87199983116271
103.76993417151513
103.7341827271562
103.76653802110683
103.72559580205497
103.52399717948579
103.62929502540389
103.65939858556675
103.60155144148658
103.70169759071038
103.8856826111124
103.69901745677048
103.78785716502217
103.87752407004108
104.06868083597867
104.26111113544705
104.23707168106802
104.34325350168346
104.14778349588461
104.19105927960072
104.1095650108701
104.28802378753527
104.20256548278718
104.03740821565061
103.99640693017982
103.78850035747793
103.71362010860128
103.76509693779998
103.72116141195195
103.50892232825836
103.72011209338463
103.55713007087756
103.62413092500057
103.63881518500065
103.58792974972852
103.60052867582635
103.52597718008394
103.51312338361261
103.53310930554275
103.62340681032532
103.7195529024308
103.53062327986166
103.63791864464181
103.78846336591832
103.99915688923191
103.91760269231531
104.08560725301881
103.9324243432996
103.97779694656892
103.9450165921368
104.01231796255142
104.1495450827987
104.3056265186923
104.29488705270343
104.26851654267881
104.14637624286911
104.1337161578973
104.18478201673729
104.23749629112675
104.07149148097635
104.02152836700341
103.99596752826803
104.03398875000359
104.01810667793174
103.89480426342517
103.7278692477025
103.68367639899971
103.70092536229062
103.48377197059462
103.50168853111815
103.33910796842538
103.32711744988003
103.28648995518117
103.22351331495179
103.2853083891523
103.34665351431104
103.40614625816809
103.47884561220579
103.61483220389057
103.62924670124647
103.68169250338525
103.74110761581478
103.80714956403565
103.99316793587354
103.8305835652953
103.95637114118449
104.13853980610666
103.99506769864001
104.10622323201659
103.96794188174195
103.97839191899645
104.19426445616027
104.15174045662083
104.11135254956024
104.12890764367275
104.11272981938015
104.06104690591928
104.03571272859239
103.81946698942915
104.01911840244512
104.00826738773539
103.79524044180573
103.66761959172683
103.69106406418793
103.74748130460277
103.80119233410355
103.85478176227525
103.8998229100331
103.91524920482563
103.71241854500413
103.62299807117056
103.80396802458588
103.73884009109426
103.84767723382267
103.9841406750893
103.87830858297882
103.91948777048343
104.0471991743153
104.12346002643925
104.07953318699354
104.19753678012333
104.27683008850569
104.06613613681034
104.07658703184707
104.19436261020167
104.1806718781418
104.15512410534795
104.13319157219972
103.9371924781559
103.81121945946857
103.76243081240956
103.86878872013094
103.8138614461068
103.88793533061828
103.91392545910078
103.80278880774134
103.84570185452391
103.83244777972575
103.9538681212624
103.9892561925953
104.0078605691447
104.11256431297663
104.1444699164526
104.15602201607561
104.0852704471929
103.9711058699959
104.1681082120792
104.1569995690993
104.19184215348005
104.14765516439563
104.22796545372003
104.07602927497211
104.0916273168623
104.12597654271937
104.01475156007258
104.22231710850085
104.02766556808012
104.16730735112054
104.30526782565242
104.39644070341342
104.31590711539977
104.13756836601459
104.10824203651464
104.17894743848493
104.15530251966484
104.1421359084968
104.1576496430428
103.94064604502968
103.95465994338058
103.87779356722704
103.99312339977494
103.84956792170198
104.06458734911229
104.07515837522512
104.18711244983908
104.23382591856536
104.26560624944821
104.09461280027081
104.19128650532903
104.28722876392322
104.45920131719535
104.49877462556839
104.39346759055516
104.61177815953394
104.75114022480379
104.72935260306456
104.71271900119818
104.85921443472891
104.84710666751167
104.86703536922758
104.95423761335988
104.90109059118811
104.91796161967422
104.9972550108972
105.20614571092189
105.15899134665828
104.94812150157561
104.91268149207511
104.75987128212168
104.62823821331395
104.55617587058642
104.48048082023921
104.30961525746737
104.36346608757056
104.53384430065387
104.58444767124294
104.45317295288397
104.47952805533961
104.68129521678372
104.61928838119859
104.67633012466771
104.82349253990196
104.81153419091302
104.97886076602732
104.84466382622483
104.8277068730946
104.78703247979401
104.77505055576393
104.67928225794556
104.48753153279786
104.34802785542922
104.33075953182667
104.22910512937086
104.24981058100713
104.14064959462284
104.0007892421786
103.92473911308241
103.93837376496487
103.95202774452025
104.00863972967976
104.0478932157362
104.05847383001336
104.07454667378981
104.28872103048039
104.399083988818
104.4384729880118
104.45332029708233
104.34156373370689
104.48846969194517
104.43493300878791
104.54479881141845
104.42561828300231
104.46069880856683
104.51744580532947
104.63382204358103
104.60007662345186
104.58292691380036
104.6909059693352
104.79625981068591
104.6086282129305
104.64949362793165
104.45226507784244
104.49462273431372
104.59077661820233
104.80809593694991
104.6625403847798
104.4610037232288
104.62215672161328
104.59228576057791
104.50334825093746
104.57283696248489
104.55295738731799
104.66188604428487
104.63869746220973
104.44805036626903
104.27586885886443
104.10671901494898
104.01242509461338
103.91784131639349
104.05482556067493
104.06780131636644
104.0838745660484
104.10802562641722
104.12178242751281
104.16851165400568
104.26023258450502
104.28911739718615
104.18608887757506
104.2031606914409
104.41652294902505
104.35445107600967
104.37466243872447
104.38653001002838
104.26308972779037
104.33054247127188
104.47126272546676
104.51985262411473
104.50938529906658
104.6889944247303
104.60548608838846
104.69125613775643
104.85541391732994
104.7235773733589
104.64763274333433
104.46603427934977
104.3477548523975
104.39817603477728
104.53006920301081
104.74113358271335
104.87126797332284
104.85839747015415
104.64905500079482
104.69111468378682
104.74127745389394
104.78086039807341
104.69795396240625
104.54713432015944
104.56703528253259
104.59764631401596
104.78928901375771
104.93213595392656
104.86950410281256
104.83487769687659
104.80358269041805
104.78311316988339
104.7503594334071
104.6732789981261
104.65278755272902
104.5778071797594
104.49264089951485
104.52741185809082
104.56066365408897
104.755423254394
104.76742006360394
104.88849040715593
104.84172642956462
104.95568336939559
105.07415932056705
105.05877095014459
104.99393484997915
104.93801595455761
104.73377185142172
104.66254307390552
104.56529903117423
104.46829859851856
104.39298580464724
104.56094834036078
104.58106960701022
104.44814617591751
104.46627743815004
104.49310005806431
104.57292894523059
104.35392652057372
104.39430870104091
104.59806813984464
104.61071134337077
104.82291571298337
104.97774282872803
105.09917934534504
105.23451706097657
105.093324652793
105.02386652384521
104.865244308413
104.65937069508765
104.49344053585776
104.53685675809754
104.55032570956264
104.65372874510786
104.67488579009535
104.74968992922977
104.81603863938207
104.91874590422246
104.90669926950106
104.73340091233665
104.70765551365814
104.82218266978118
104.80052152365357
105.0073545014246
104.96640224904438
104.87907983691092
105.03935407125002
105.00412283272244
104.98884989299083
104.82577670059602
104.81367495887694
104.69055019989423
104.66591190229634
104.78800270277621
104.80546648535872
104.60471762505901
104.44083910978284
104.55747305152586
104.6320341376759
104.66857850028596
104.68824866909857
104.7706573479252
104.79135193658266
104.83291356612406
104.66471394549802
104.6754488302363
104.83272465362627
104.87952098623681
104.90216084924745
105.01242110165681
105.06047758955448
104.9645496202098
105.01398817962486
104.80258016466223
104.9577655717705
105.05586938823123
104.95415089209166
105.02038816612075
105.00959702938965
105.13242356475277
105.0353514346771
104.97761343039778
104.9927381400983
105.06648150625895
104.94108221878334
105.11917715119563
105.30011830059138
105.27964496693338
105.26662269305609
105.20319609422522
105.22453789135035
105.30295050035313
105.19443915096588
105.18208309064168
105.2224245455314
105.42546305262898
105.35165371716722
105.31556483875973
105.2658466179322
105.27673597443871
105.24851275512026
105.43030907588165
105.37656273520575
105.31024256801663
105.29868300871188
105.24390277717801
105.08222689141068
104.96485335177579
104.76903405660128
104.61286237754014
104.82671045681839
104.66472420831313
104.54985111638454
104.59442613759809
104.61662688559385
104.7531760125111
104.8346559832089
105.05439041400213
105.14532577795974
105.24289497655892
105.44483722553659
105.36644800377205
105.24369048094275
105.15496113226989
105.11324732394357
105.25190674300647
105.26774489360866
105.11599555717653
105.10498294753735
104.88721156922172
104.80868735854415
105.0080536165176
105.12458212124318
105.07080496592128
105.11553641189744
105.07717576079239
105.15022834458337
105.35428427431198
105.21968893517933
105.36287165169003
105.34845642895831
105.41085844274785
105.5210587840582
105.5605003805861
105.57724783584857
105.40824261713223
105.3263659229401
105.2331122071764
105.04202249284626
105.16672793632036
105.38187316095461
105.16583936091394
105.06444484594628
105.09689589549208
105.05451708471924
105.11427373525721
105.24432116732896
105.31599063665315
105.33901699320101
105.3981592084667
105.4207595171918
105.40888410027574
105.38478015129067
105.37331347465721
105.27234037689468
105.17774979513905
105.12829046349678
105.13894847501054
105.10283360936056
104.96108546402715
104.84706379505984
104.79086651131936
104.9239707456015
104.75926176785126
104.7088154508809
104.72232237929546
104.77441492589442
104.83922768776708
104.62846192990948
104.60490671144422
104.64862570669969
104.80359512150072
105.00070735892724
105.01764377321986
104.97509016775187
105.06812312984022
105.23272740096279
105.32746023671588
105.46460195952515
105.45339250980703
105.4354649038617
105.34206957114789
105.52385161194871
105.4213217053461
105.4484405560645
105.43366642658344
105.48426498152493
105.35855011135354
105.27698058861385
105.08425349290147
105.16063409753248
105.0988649021609
105.1307430843116
105.1677877538222
105.1527436928767
105.32327536451312
105.39462716857774
105.28921198001738
105.3033486596143
105.29051778443215
105.49728633478794
105.59844429995138
105.40710353709346
105.4430577513843
105.32124322807668
105.33505599732442
105.354490605451
105.46174504839723
105.49710814173757
105.61045788035683
105.55886352243456
105.58648773563873
105.55456570597428
105.49976463322746
105.52657716488044
105.62219550415932
105.5144078500535
105.70093889994574
105.79611671434313
105.77503938435946
105.74669878439411
105.78240943386622
105.60931290234461
105.5717731801483
105.49801467286879
105.40932906846437
105.24872087226143
105.20207158377215
105.22411515395318
105.18608013887243
105.16031525168036
105.34854391035803
105.40493280693049
105.46254354590222
105.4255885398177
105.39470761629399
105.4606114816359
105.42748273577622
105.62216292786256
105.6761780267663
105.4979747272212
105.53986697297923
105.63090765564291
105.58930270744374
105.57773652542862
105.55085266644221
105.65871049700311
105.48676951511578
105.54462059478992
105.70960004653163
105.622317659843
105.53322297809443
105.3929171095959
105.50714923634678
105.36589791844456
105.41379380070262
105.25205963560254
105.18420826586525
105.19475936737801
105.30793011163782
105.14318898014186
105.28942549902797
105.44090447893127
105.41644929938455
105.44434322983786
105.47159447781384
105.34583882944982
105.5525296768706
105.56824959967686
105.59238129435903
105.63431235003809
105.66663465570599
105.79009851520374
105.57864823192763
105.74629351021353
105.6411950149305
105.60926992821109
105.708087380027
105.79046880326621
105.96140035441304
105.77064487915219
105.73586096441619
105.6532859850466
105.76026981245542
105.72732336800385
105.6407774112743
105.58345717552433
105.4391335175225
105.38588771245139
105.36639818781066
105.28418776131834
105.3145983324573
105.15356838083008
105.29365771292404
105.26300967325903
105.36219290731688
105.56914174785364
105.60150275312989
105.6741583042837
105.69061022498462
105.81537404927161
105.59764160479202
105.63116550762976
105.70106336973427
105.74121695839062
105.6126376954006
105.63682781733097
105.59086640589032
105.71325428669772
105.89105167111352
105.92227358946299
105.74709658866632
105.62813012461064
105.68891269164446
105.64660007590236
105.85058524337224
105.67581458662413
105.7901801762013
105.63779749272003
105.66521281734661
105.7228300085123
105.90793974974306
105.98870418272674
105.97786395202962
106.06549967408282
105.97736821510719
105.93114486000476
105.80480134656348
105.64368505712734
105.7237374005562
105.52127325293947
105.6859212543772
105.70243408789948
105.84957875982496
105.92703242163907
105.8206592701655
105.85965275701018
106.04172364025096
105.94777223061126
105.87710901875467
105.78466151561905
105.57884904795839
105.61546703793644
105.76085961536722
105.93193467778799
105.92132181200793
105.78651013979112
105.88806466789683
105.9201065688112
106.01009921631508
106.16765976956364
106.31879590806717
106.1835922863402
106.13960232929522
106.15634701637738
106.33707513708771
106.31950332294842
106.3336749673222
106.44506883617035
106.4559728795627
106.59000885727335
106.60432582522657
106.52075796396215
106.5036464721151
106.35283580563946
106.27622183993424
106.2059122130037
106.00320138512026
105.85285728465463
105.8764083461579
106.00976539689545
106.02200120333319
105.89307967407707
106.00913467911852
106.22867104899649
106.30630883302224
106.28738654539488
106.2331977357535
106.28038797069617
106.32333290138004
106.28563666862742
106.49987496145266
106.51476848342966
106.38704398036627
106.49321034345868
106.51437771278307
106.59601267737555
106.42198738529314
106.38386018729305
106.22810581241926
106.09567093468823
106.07732275298274
106.06593043933452
106.04633907972392
106.00499466423581
105.99161520035722
105.9375178688043
105.73933417106633
105.76644321003856
105.9058105666603
106.02299537613948
106.04940448736207
106.17447386275171
106.25149512110272
106.27053224716735
106.24885900107708
106.16563826199251
106.34722076104873
106.30493040933001
106.24736602588368
106.27174766201348
106.08603103450085
106.05849930727405
105.98351395153986
105.96337106102979
106.06056414865671
106.14221861179057
105.92246637785904
106.12975996522628
106.22511709550804
106.38646282209697
106.22430553295133
106.37218183774317
106.33561234633906
106.30472894429393
106.09084989765361
106.28360910559688
106.33903854989184
106.24647533728674
106.26237145010523
106.42141563569135
106.49671785704369
106.48599248531883
106.55516325242483
106.46756873397305
106.48763087401517
106.60347463590972
106.63220485869478
106.65254679155241
106.68835848604056
106.70652383929108
106.54297394029587
106.67734878637589
106.68805168814968
106.51346262438469
106.37398662931962
106.39113541742184
106.49403279113557
106.52078218709848
106.60916279467855
106.55568895856479
106.51295322260225
106.4785181276486
106.45877590737489
106.4467220714698
106.42967817406397
106.4139504054234
106.27771845712626
106.12375856091533
106.25118650398446
106.09269701808383
105.97835989544613
105.85940630495654
105.83720418767962
105.81593200178045
105.8265800058622
105.98615007481312
105.99748765241574
105.870937505709
105.82564790743587
106.03353942489926
106.10633629593285
106.11720799318226
106.19503088683466
106.31119609137554
106.33468801995184
106.3835380341317
106.40893490093373
106.57452426611206
106.56030510985666
106.37150750968132
106.54595196381365
106.69844177167813
106.6551709957614
106.6208486015375
106.63982522701004
106.52233459996269
106.51035898400299
106.2897753738858
106.26309772407518
106.37798185186502
106.34446415965135
106.32378812986282
106.17630709011625
106.12011697567024
106.0742251581358
106.25282597966563
106.3324986482554
106.36022028616169
106.53222435552728
106.56566447687163
106.44861196240839
106.64435482416015
106.7301422322525
106.74148866621883
106.53685309026243
106.55818966545563
106.59077952522141
106.78890375171136
106.85354033149258
106.76621261018998
106.77867268355936
106.64764494839751
106.627002907538
106.57976044484698
106.44074953350898
106.42988283967652
106.24645398347725
106.26816388218455
106.35308645558075
106.46764463510635
106.4118861059177
106.5026429333654
106.56016007081445
106.53677200921656
106.55979038310336
106.65571407346553
106.6251549275592
106.59327695707996
106.74280338567554
106.75349864450125
106.97053149905673
106.95435386622441
106.96538867981681
106.98501376384388
107.14101864388799
107.04212369829153
107.21828847703793
107.02840583207046
106.81552455273132
106.78319323970598
106.63622348568741
106.44468568512318
106.41406378351704
106.4030799477631
106.31536768927242
106.34892003481188
106.51128654329041
106.43690103861452
106.22331624195039
106.1159726401652
106.12664103252746
106.33473383685282
106.5484132376543
106.55962499731227
106.60406262088993
106.74523104892609
106.8285196972761
106.81568888210369
106.66722197501556
106.80835350567723
106.63082447468898
106.74526929778884
106.9659453383345
106.74976458591244
106.65367668080765
106.79256610037206
106.62627118712226
106.70012332509533
106.88671181256525
106.8277392430173
106.80708078038671
106.93745581159773
106.82562713836506
106.68771026923653
106.48166356402683
106.53322918197932
106.57028989173784
106.54066326221755
106.39711010138194
106.50023336631452
106.52026769920084
106.5707012099946
106.7812910383075
106.8428270239647
106.72332576426447
106.89581189236989
107.03358589120239
107.02035326093093
107.17966022111001
107.20917131823667
107.11856805068776
106.9295037477219
107.06428916749897
107.04936428798923
106.8372268641015
106.81829975007251
106.89743728605816
106.75681309379698
106.86501646549486
106.72502036411026
106.79305403337432
106.83201693552033
106.66001878070117
106.70958441354816
106.67933073910504
106.52146857669231
106.61018862976279
106.62198098078265
106.63688553210424
106.80361309323946
106.9402963447274
106.88768887026234
106.8487947577999
106.82332966763694
106.88305144863331
106.82201975346457
106.88834847004297
107.05323098341762
107.18664127384213
107.09044076206519
107.03890183339423
106.92415173500784
106.79931171928028
106.8209189849185
106.8400158600397
106.77624889686538
106.82840666349749
107.00266314270839
107.0769535760778
106.95264702607422
107.05816380817312
107.18960558935059
107.04914819051464
106.86984732974628
106.85250801171105
106.69336892948267
106.87409797947447
106.97523714084438
107.08552519425227
107.03965640079399
106.84420851591742
106.89983708537392
107.01915496383357
107.2055839099017
107.15690123576466
107.08823806866626
107.00407514201068
107.03581034241209
106.93059517183976
106.96750734047723
106.8827264036345
106.66964901178838
106.51847911085234
106.68346763982323
106.82845283507082
106.89149443167653
106.97304877723201
106.9889071046146
107.14500132042367
107.19066025943454
107.16869373233064
107.14373085310432
107.13237322806782
107.32624367598982
107.1685975707515
107.0786725735177
106.88636550504809
107.0117592394004
106.89663837575635
106.88013943915698
107.06916646654072
107.13988077958896
107.2685083056427
107.11030576576185
107.13036756296961
107.15802739469831
107.05407235436789
107.0964647757632
107.27862091806873
107.28991768556664
107.10517205585833
107.20135967752903
107.09460772912088
107.12519213959119
107.17344500090205
107.22372049801255
107.14863451110783
107.27335714924604
107.42052629972467
107.34249249762561
107.31395711467343
107.23649297330144
107.29062147632177
107.25661457880867
107.24131086740748
107.20630550019716
107.04001371598838
107.142229968519
107.08303869269578
107.10102127958028
107.25329518392593
107.17497748009535
107.01616434249132
107.03075693280668
106.91460279309847
107.09690157756614
107.08406309567474
107.11681162686864
106.95009199209217
106.96334591715953
107.08749033931919
107.12073270351563
107.10153750087156
107.13276322369285
107.21705928084033
107.3524546012071
107.43604397698397
107.42431744473458
107.33369186753279
107.3920132789905
107.40811023919684
107.39349066421299
107.37555003315131
107.34880550284927
107.39683948208366
107.48738881396217
107.55570894170907
107.33893654929206
107.27104610261172
107.42866321827825
107.34391979070959
107.1874008525103
107.22945711816058
107.38805084380212
107.26890529882593
107.38669204024497
107.48709713912434
107.3788381146516
107.43571408012497
107.3747565690316
107.53945029583784
107.66595696767475
107.56576675333177
107.53248206081007
107.56758764763413
107.5959196917414
107.58360438401247
107.55701960007484
107.37654149113301
107.29183314235682
107.26757672197795
107.48282783965459
107.47204648811731
107.6937505778976
107.67648476220133
107.61351964331152
107.49901977392028
107.45113403609679
107.52334056354712
107.34629447689959
107.38829014859749
107.44435163478488
107.2367247496159
107.43534726579824
107.36478558469355
107.46008054771424
107.30891345346117
107.32751721631129
107.45282411095658
107.65839070320231
107.52191937289379
107.57455556362294
107.4119833298372
107.4384959017655
107.54184823811492
107.58727781418736
107.70814478976564
107.58436014673866
107.54376910990526
107.52703354047567
107.51426284840257
107.3426808676389
107.15728079739525
106.95438596525635
106.75620969691415
106.74119433008106
106.80959161056458
106.93678916144222
106.9667815785923
107.06188159549683
107.24735502750302
107.28518099403513
107.3895666498307
107.57206927199668
107.60669993979907
107.81857274495552
107.77805288070407
107.86916084967174
107.6691128980154
107.80453775654303
107.84286623440026
107.91838653432086
107.70771411971191
107.63190743066134
107.59607359436842
107.51332705095344
107.42530596971119
107.25693479447348
107.44695736441244
107.65235252992073
107.85687944828769
107.7537460001858
107.71399165213231
107.62979729835256
107.80019705111167
107.76953046868091
107.73058444697413
107.66134369607823
107.43651329652293
107.32224237883996
107.3054857895122
107.3676520059684
107.39824354176822
107.48630492205372
107.68786710865993
107.71805924075221
107.80623104332456
107.78583989182547
107.76571447215852
107.79229524391559
107.9695144546327
107.77759324265259
107.75083538785366
107.87958349422676
107.74778885459828
107.80619407863341
107.89923305552888
108.11270409143818
108.02300023001922
107.85877169538308
107.65855466899939
107.64646913233331
107.70951710340891
107.53822523092808
107.69205974046957
107.59837820068338
107.51022987016546
107.4838837231831
107.4532553110268
107.38646610100551
107.41651059721288
107.57729347351788
107.59769373409614
107.61160443787551
107.7006860462615
107.89308969677566
107.87902758063785
108.05463373985802
108.03446185031265
107.90319612417225
107.87193188526133
107.81366469343035
107.79377674428217
107.71702676957914
107.70559622040304
107.72395830385551
107.55677403871637
107.59718246261733
107.37693698141447
107.3268980121882
107.35075989050576
107.2207895132177
107.29892133302683
107.3400331690342
107.39028764939793
107.41666323703134
107.55754787994489
107.7692027800624
107.7850137268948
107.92727181662293
107.81790781166174
107.83362915632118
107.91119932443914
107.97423364417814
107.90051202987212
107.88817294646346
108.08974446704228
108.07684523599849
108.09403241666459
107.88036403783921
107.86844827503928
107.87940186119759
107.86276480819899
107.69810708820773
107.68483054619253
107.4750537195225
107.68067380156732
107.69191379365637
107.547657803963
107.59035369945322
107.74234771982115
107.86534690481483
107.97146074334921
108.05051338757829
108.03194650619574
107.93766192555601
108.11076075470034
108.2177700131677
108.17089119484916
108.19874980385524
108.35498163762584
108.34002811000677
108.48924008175356
108.51715578645627
108.46362025370276
108.56327313162022
108.5516983152697
108.6502034356331
108.73295406758444
108.70416809865448
108.77478823591458
108.94087611757166
108.92387760470635
108.86187571735134
108.81891779346927
108.93264182256546
108.74462379281393
108.92024632304917
108.83490477231294
108.62599062158829
108.4321139417312
108.33074608192095
108.28955780103865
108.2446103579349
108.20837251355182
108.22000706499198
108.17347477535715
108.08904019626992
108.07703560050432
107.93038968860374
107.95512068846394
107.93150200512157
107.95257507395297
107.79661368139007
107.86334071651181
107.76614903469331
107.83154788774472
107.88069780379594
108.0482050753435
108.1601466523292
108.14926268080016
108.04819996072509
108.0756112427997
108.10329043309058
108.12106138240858
108.30369455728129
108.15197823827789
107.9754333660513
107.96259926965455
108.02525025127517
108.01389833087127
108.19647412959557
108.3861432681339
108.4725383123103
108.42637513684979
108.41176641581932
108.54620624163087
108.70178663452971
108.66283341283932
108.5495195125846
108.44970409630919
108.35368386415877
108.17727573515923
108.191457280812
108.1155711721179
108.15512731515707
108.26924285870182
108.25773103003822
108.44619993035249
108.47822515444437
108.49922981289876
108.48590997841956
108.667818247563
108.55738212422806
108.63666714858209
108.83938642632712
108.70186543866767
108.75886076645537
108.54597647153942
108.68752133179723
108.74158909398393
108.58348735357598
108.6319598674327
108.51259980542393
108.54225463715753
108.55851535957682
108.4011741535799
108.23854802442102
108.40830929081311
108.25486489415029
108.32309090773194
108.34128607568772
108.49486593368523
108.50701695643387
108.66410334655374
108.67986593184207
108.74666706858953
108.96356655646531
108.88569446052139
108.90655812878401
108.95700344902974
108.92599703493731
108.9150166393582
109.05954887934818
