4 0 0.0 1.2623472213262033 27962.524530876766 1.9387971950852612
108.11618363166254 108.06272386374773
108.24004215590395
108.16802257541637
108.18593435211632
108.00416782044309
108.1418354667163
108.11758378502394
108.2092889030952
108.11172552885594
108.20619029980516
108.11008315580438
107.94937310922381
107.76761016732463
107.72650472747277
107.76909747263235
107.7799556548247
107.80027163196272
107.92605008223921
108.0439913113242
108.1400936330514
108.07514411958948
108.02208892578358
108.1218168712593
108.06292808835327
108.08239892151629
108.2843182973387
108.40117859232474
108.57819660553322
108.43803479122067
108.37152428669421
108.3378415059809
108.32570827960038
108.24381000202834
108.21925682554522
108.01139274656117
107.98516608253821
108.04601503493177
107.89278689150703
107.88199232718537
107.91667575399757
107.82594330189141
107.7716714224421
107.8113378788482
107.74849053892423
107.7197171590533
107.84333183359475
107.97065263903279
107.77966260267371
107.79376031666574
107.90021653640714
108.01713681311611
108.10799130811014
108.09535364470088
107.9539829404355
107.82041641130586
107.84059830574991
107.8657174778148
107.9885594630958
108.02268831038883
108.04522610299945
108.23431670898512
108.42438148072245
108.54918881808828
108.35123219537948
108.52614314341767
108.4810567734561
108.50496860559345
108.61834016645027
108.42631655379778
108.50632054672008
108.54131079248434
108.76603186603771
108.87796615372353
108.89077621476697
108.86502953404063
108.70105339318627
108.90218036304563
108.7124060296351
108.5109139895278
108.32340505042525
108.17897536484226
108.21438033527296
108.08477139470652
108.09602471766505
108.22912837670125
108.42272652902345
108.39029596325788
108.57487224152854
108.5589062791383
108.7841071542048
108.81332927076593
108.7996684957056
108.6915951502321
108.60086914567148
108.51845926411765
108.31143361268605
108.41638694575073
108.40462615130218
108.53862654429824
108.52489711917919
108.62227195336015
108.58086690163493
108.5464817647739
108.44515264183659
108.43235834134967
108.41544600569682
108.40445863704042
108.31812502583227
108.47801811191557
108.36809492946173
108.5001746050765
108.31740088952019
108.29483343942375
108.15260114501562
108.20058963739721
108.09230068428886
108.13144799513098
108.3392758242232
108.2544961051912
108.14076318852685
108.22330129317322
108.29512768712067
108.31516217714089
108.41259913766636
108.52208506757334
108.54496382587416
108.46197786747469
108.63247129768678
108.57018340886016
108.41410474550267
108.21786357598705
108.34476870253214
108.2495608543417
108.2263864633481
108.33533149918291
108.14769224970492
108.23731814533528
108.3417666496188
108.26742072970688
108.30520359702216
108.29200184207176
108.4125882127351
108.46112312919564
108.47213950969558
108.42080521311573
108.36368408184244
108.59006983544165
108.3872345188869
108.51816571455157
108.46180806395422
108.43704205212289
108.48336811166578
108.42172974056456
108.44106812658005
108.62187352561894
108.81358342460236
108.85865432098407
108.90610348646469
108.70591855377464
108.5583479676637
108.57417457360818
108.51143503177691
108.49099721505873
108.64535340885622
108.48193596117886
108.35783894169437
108.4471593492478
108.30149968085382
108.5143398119807
108.64505706277362
108.54171832429144
108.57079628964735
108.38498635639003
108.45954784858348
108.53780802529995
108.76383702872268
108.58192909047203
108.72756521646582
108.56091270757396
108.65528809445051
108.79207604767917
108.65037238223034
108.56077674820227
108.60700374551735
108.65238196015417
108.72863930750935
108.74053261259857
108.722450691657
108.54159294273106
108.61993473138027
108.75837676673747
108.71073018469217
108.68897369644117
108.75656204643185
108.69830391629193
108.71883035180736
108.73191289217753
108.70708962005018
108.66987663778876
108.61474855229449
108.63034483754433
108.82370175161078
108.9584299514883
109.18422248872349
109.16959819019054
109.15616820861814
109.1716733087632
109.00080268918687
108.94282002963641
108.91268952767908
108.88703601323165
108.7049757656192
108.74629786218256
108.85698138829166
108.81867447874846
108.96370416880866
109.06386493900054
109.28284419692349
109.39131067867976
109.56166528429317
109.41974449164238
109.57246047355507
109.49438776231328
109.42791951888063
109.33140033175235
109.29725524493847
109.11720406461318
109.21786882829196
109.11594044105951
108.90732612347668
108.85472753673086
108.7358623232825
108.85019201756269
108.79939466345732
108.8801911106481
108.85741208909917
109.00907268997999
108.84730518098033
108.88475453662988
109.0243389242756
109.20987682509389
109.22094050766661
109.11617631456893
109.16646146517331
109.0119527698593
108.84191905979188
108.79816972010993
108.59939968783624
108.63874371564154
108.67383936684129
108.5727705672203
108.61899681125664
108.5622357240808
108.36922728902438
108.41587784245996
108.44707571644027
108.39968729283846
108.58985615609225
108.60436425179144
108.61741872518185
108.84025273704263
108.88231270883595
108.8700109342683
109.06308623054012
109.08793506523341
108.93677654086859
109.05355387118937
109.11227665596105
109.09535694151603
109.00858925213085
109.0874205754717
108.9870666091174
109.11983478501932
108.95777085552153
108.97175676671117
109.14518130824516
109.22240176177543
109.03275706067033
109.2428668838034
109.1422643989789
109.21459818483099
109.20310994297787
109.33224262796895
109.10365402605177
109.1709818854186
109.02654005118556
109.10881131002945
109.1355684850947
109.20090145362929
109.36009119596346
109.58255806054522
109.55701058191721
109.4049095931587
109.26115325801572
109.19031186506497
109.08595872573996
108.96396461000603
109.05203184670265
108.94836157837048
109.16535962875828
109.15431332877138
109.04314264788279
108.93872312484542
108.86655062028046
108.81511365623788
108.94259942370275
108.72172128956495
108.69454933219939
108.65762222050157
108.78208680594022
108.76249372491098
108.79098289842918
108.94907810471473
109.00980881276588
108.95785942769284
108.97914640917914
109.15723577256001
108.95385602690268
108.94295928988869
108.98116717548191
109.03305742361421
109.04402441817078
109.10299563971441
109.13708011203107
109.33994255292045
109.31933086674444
109.52611931804591
109.44646035897138
109.548235312599
109.48643565154434
109.29001785404024
109.26528629661802
109.27623762438576
109.20844607558851
109.24026305441095
109.10732634450339
109.0830358369358
108.89614197608276
108.96288270274415
109.1790641421619
109.25338099139242
109.3298193967186
109.34841008490879
109.33100795228373
109.43753312800997
109.41990968011903
109.52024455202091
109.72963837859231
109.59371190409654
109.62055748688978
109.43990255189378
109.22212744412059
109.1999720419549
109.28801744369389
109.38321357621543
109.29714490442014
109.3509939237817
109.16690098273901
109.19913425208175
109.33829186302977
109.4949333273455
109.55075816337019
109.41250016897511
109.2036147192388
109.41454658621325
109.5113445971898
109.52548311013203
109.53828923595573
109.42366844580317
109.2976445961679
109.07774512376578
109.13489070892712
109.00243244702405
109.01988518879637
109.00121854805289
109.11582177858182
109.04525542746303
109.06334285696
109.07645044739685
109.2727498811591
109.48373334070655
109.64274764458092
109.57318438701041
109.44043840683824
109.45648713034443
109.2377776894001
109.25495346149734
109.22643511489778
109.27228065610397
109.48832124630118
109.33859227672065
109.38524279966421
109.39668651064918
109.41216542735128
109.56438775528534
109.6044718985533
109.59330521419926
109.67931886027458
109.73725401066818
109.67566301892118
109.57296994848058
109.59022887344014
109.57916488433821
109.51238795173627
109.48980334488051
109.40097176177923
109.4694584712412
109.45328337470119
109.26522725634274
109.27758748163542
109.23624439208484
109.32153288640573
109.46129214054041
109.54330496987096
109.61630259458659
109.84050286368026
109.71426417610195
109.77802515003984
109.79047007602033
109.91758403087749
109.82416308336754
109.7878626062202
109.67230807437105
109.53549508677129
109.54841892819114
109.46895211001939
109.56397920210557
109.54285497606573
109.47009106993131
109.42843181395172
109.50573600922192
109.59755955886499
109.57459307424868
109.35821786108603
109.29835528468732
109.2614361015778
109.42286031518665
109.47738617671217
109.38670777584984
109.16958279075243
109.3509834111356
109.36332601683192
109.16354480700922
109.20766369377257
109.34256868102642
109.5297288917546
109.31613396323013
109.53681488806374
109.59926022957391
109.71067745819921
109.69365194330923
109.66210490285091
109.76974695501086
109.88754975414949
109.87648367537203
109.77874520135687
109.86488896469073
109.6392560871394
109.65449114394296
109.43056512397732
109.55317302339648
109.5082208701918
109.5871860043781
109.50023098823561
109.61525488502778
109.68180522077363
109.51957085502775
109.63481674621518
109.81119402228683
109.7931558155348
109.91468090977534
110.02613447049598
110.07894687145551
110.16851231804908
109.95950225353829
109.97870419104662
109.96767683639351
109.95630034439057
109.73158357485323
109.58649379638935
109.37753004906924
109.42364764392899
109.39540771631076
109.42600473580427
109.24814973386609
109.26274970217148
109.27427198983494
109.13947430758454
109.09581698272652
108.90835076355344
108.76968514712243
108.64094671890439
108.86305656297115
108.83479127113559
108.611814389743
108.59791810277
108.74975766415895
108.7653900019001
108.80102576813708
108.92308957520991
108.97401462291829
109.0014131688625
109.04799690032486
109.10325917522816
109.20554205045373
109.2414261186845
109.29024781394287
109.46991722912395
109.48416879240415
109.39664166797334
109.4448468860675
109.63980238259256
109.82761909719731
109.83892676141339
109.87799395737166
109.72333608199985
109.81826872221227
109.60206279050381
109.61419343356951
109.67176091577537
109.85488028463877
109.81683213411122
109.71449987676951
109.76068710397573
109.56802616586117
109.57968919869535
109.80571247979233
109.70147318405085
109.65328758564351
109.52784756309882
109.61126567356412
109.48656612856381
109.5002347327867
109.60355333750122
109.66290922852993
109.69098968514297
109.62967971687816
109.68118810369366
109.7567518466731
109.7222343632196
109.7443971821676
109.73281867888835
109.55017087935117
109.56770219296553
109.77382958077244
109.91825561332817
109.93722635700783
110.06543890629428
110.19859936549247
110.18076989503437
110.08395861175582
110.16812648345856
110.33140354805238
110.29984640877096
110.31851041534178
110.34681416914093
110.16976893002538
110.12387087223082
109.97423280028035
109.9514249144248
109.9390779263723
109.730955922574
109.79772466617196
109.74494484023941
109.77927597290673
109.7162172354922
109.94482875834018
109.83160381534512
109.77301895002279
109.6626034651281
109.48525001734102
109.42764446457211
109.58704584049156
109.37622527560447
109.16910199785887
109.00131098721029
109.18768009042167
109.23248168718753
109.37750757100207
109.39222580115887
109.1914434042229
109.21117281748079
109.27271371527017
109.31759627963895
109.40115330097885
109.48191582454528
109.51747176032013
109.66942119188441
109.7506428138295
109.84475473902218
110.05426000980114
110.08332979996564
110.18546901513378
110.26667599960773
110.21463062587752
109.98865315214773
109.79984803740881
109.81625245295237
109.82899508506655
109.86344977408669
109.85045069477525
110.01558210725977
110.16554562917979
110.17997779163275
110.34603487221172
110.19077364531256
110.11342010695978
110.28168236787604
110.42757896922286
110.28940526882484
110.19066119579878
110.15609270891363
110.13670857710353
110.06779097332091
109.95852477835088
109.94745398458215
109.96851179098816
109.91519310084018
110.01529175102172
110.15448773429357
110.02139832935624
109.94872041939976
110.07573845459687
110.05432866969191
110.03529231098182
109.89689413335557
109.9746148816377
110.18992941976612
110.35186096214902
110.26744729113638
110.14482097231495
110.03437799439929
109.88709095017882
109.9220579853641
109.95322642973214
110.16663230631086
110.23301124128751
110.32125641170103
110.30810421556636
110.28268765369519
110.45331616401373
110.29448976230744
110.25555709354371
110.23985989180044
110.1989042075901
110.29736967840466
110.21336431480754
110.0500154119677
110.14630248618603
110.12161230854369
110.09766221148833
110.08094842355263
110.22339055506963
110.07602538235278
109.89179576593499
110.01064374741014
110.23349326738226
110.150110823442
110.13647279303746
110.18897684609404
110.15851365780146
110.07329124665581
110.0846111898715
110.19024407137618
110.06741411875714
110.01556505896765
109.83307757824983
109.7421676533234
109.91194887461674
109.73181959235393
109.60662074861968
109.83520298611965
110.05694607026813
110.04223754592735
110.12684451127977
110.30951887395514
110.13948075095391
110.17762602197222
110.07747967902357
109.882084837775
109.97411487804791
110.19502314836338
110.30502440099059
110.4116466106408
110.46738080956494
110.3391949749391
110.41082661138032
110.61274071502497
110.72896731836951
110.69253376348058
110.51393223411554
110.30714171459675
110.27371173854443
110.14439948269596
110.09659312117324
110.11312430287843
110.01264300233919
109.94346417882223
109.72665118438229
109.92680883796399
110.07903133928038
110.11213674579864
110.19855860451588
110.25019202437967
110.11633375184007
110.13963143976483
110.15188143175155
110.24094232903226
110.26954491074635
110.44775711690323
110.52590626755344
110.29923564250404
110.31667198238486
110.4528205768865
110.51346256525905
110.39708626947228
110.36508220254525
110.37679597739351
110.58815839920335
110.4710883330549
110.25792989191399
110.37747663328028
110.35803238599551
110.34658590969744
110.23110581569966
110.29252238950643
110.27522431464865
110.20999277635843
110.07407866540176
109.97840914161043
109.874038067212
109.95461454183763
109.79772632527818
109.62079409693827
109.5483650320277
109.52006076958232
109.44865512202506
109.64528994568886
109.65625512218787
109.712846342154
109.67527886500358
109.65256327646794
109.83559797913603
109.93666713068161
109.95538984103783
110.07422531081338
110.19115757356705
110.382144862601
110.19713579395774
110.40889100474422
110.22623728108879
110.40736135607791
110.22596125042715
110.32054315184261
110.34761494201895
110.55131490614939
110.43483098559844
110.42374120912108
110.51756385873828
110.37315541438318
110.34153983699862
110.44304880669688
110.63238031447382
110.66957027925534
110.61725470767429
110.54333275239988
110.62969424628402
110.52646604013867
110.34879110519148
110.31036769642157
110.39239999685284
110.35324356607077
110.26046864460969
110.2731743096641
110.22528491966713
110.05058276904116
110.21784913180777
110.27842297136262
110.24507919585675
110.15639098072432
110.13205959207903
110.11050484000751
110.1804989274951
110.2701148578392
110.28243032621192
110.4642705947051
110.41854377825511
110.44273333553183
110.4213340815795
110.49158967442527
110.52917251349423
110.58622020758948
110.36418205342294
110.33125776806514
110.29312359010777
110.32337619336572
110.44956247965366
110.43016968233724
110.44121453468684
110.35622457585922
110.34439149176693
110.36946900646794
110.40077519528721
110.381101248222
110.32799541220335
110.37852770711498
110.40245650932344
110.4555079412311
110.5982191845226
110.61040419555823
110.5754920153483
110.74442688446572
110.8566037124649
110.84333782842056
110.88687129651298
110.87112638841324
110.83603808555026
110.76508648748501
110.75003492630898
110.70246673546754
110.53016139709997
110.72507167134647
110.70408151097139
110.66804957467284
110.51641454112111
110.42774502506971
110.41399811270509
110.44749165273576
110.39205737475058
110.58156250975219
110.72888769435178
110.67759084324541
110.46061036675212
110.30180161813516
110.41131825321426
110.4239318614767
110.43970492382898
110.47317733437372
110.51831383740323
110.57543352202404
110.69170946980576
110.88658665352523
111.0353369193914
111.12131409239795
111.24384988145918
111.27742337209224
111.22469962098472
111.11476048555988
111.02001213707052
111.23144636801463
111.1661621892244
111.05341636339648
110.96217195185058
111.1794279972247
111.09365427178889
110.87520157329209
110.6801715423717
110.47306883270254
110.64057472551312
110.62121858424581
110.80757142211375
110.79515211952729
110.98023009256009
111.17878644472597
111.00429409196065
110.84131179539315
110.6742493699737
110.7994756777299
110.81190283370834
110.75197556415566
110.52884548321708
110.72814951632955
110.57830960749254
110.6442631863249
110.82773114995996
110.72251913661168
110.71055551564191
110.87635713522697
110.76657363578761
110.54780880993233
110.56906425043591
110.71345362489437
110.54707269955493
110.56315615167607
110.7300174169136
110.8912639572466
110.94691135276283
110.9333812345647
110.98857261940759
111.00836938774773
110.99538148508412
110.97234564504626
110.84053992232083
110.67948046718743
110.82311898078667
110.64160423504444
110.70344908360974
110.65614717099437
110.6132613011949
110.64172078978943
110.56195899661654
110.59442370016974
110.49456111807446
110.54249898788035
110.75864977576317
110.6060014381941
110.5461499070432
110.70461611630537
110.65583307940216
110.67271244231061
110.72056907548314
110.85002916643316
110.80565648607515
110.6624114027921
110.70008257934776
110.83875775174735
110.9600572776008
111.11243049725003
111.13024210239074
111.1111670953575
111.08946521813597
111.17668682327897
110.96055885479063
110.8165810359495
110.86559846613382
110.89265662507685
110.96283504227009
111.19234245137913
111.09237732837643
110.95316746808719
110.89481194621595
111.03276426622037
110.9750283524185
110.9574220821782
110.99972818808594
110.79208632272106
110.73526725610337
110.67936018397293
110.59169593449136
110.65780615433326
110.69691709917763
110.75711202925729
110.76916441969792
110.9113144755925
111.0453324512772
110.98806975593153
110.89247180115322
111.05921647654552
111.02255569082315
111.00353064960349
111.02619575249904
110.82866051735564
110.85590596404934
110.84241842602833
110.87133403765134
110.96141624753659
110.99147737011319
110.89962633317477
110.82903459689793
110.999340334336
110.86669480091984
111.04256832253195
111.06382705427664
110.85643738519596
110.89266803005202
111.00473062445796
111.23652300196346
111.42491959613713
111.23473300043445
111.18452667719195
111.16878478711675
111.14863765991097
111.09352247262244
110.93329634625763
111.10961815821064
110.89852767189974
110.72269098659812
110.79451171767825
110.78326865174664
110.68226949763624
110.70815874183353
110.73731377882063
110.75266743807198
110.77767245102177
110.87985661422859
110.90345619244808
111.08749036881643
110.90951225348537
110.89443233559119
110.91177849552166
111.05556788569996
111.24660223470725
111.28213191259375
111.3574449138444
111.2855529380703
111.20914791661053
111.05924620489094
110.92674953665203
111.06426577500474
111.08104717966218
110.85299284904457
111.01176983616217
110.99906598907202
110.82899050801507
110.79092969355065
110.77058744620439
110.65948480364415
110.74735554753651
110.7620016031524
110.77447547027504
110.61397767573656
110.8308226187192
110.8848017335161
110.98058677864532
111.1299652602401
111.32833467548797
111.37024343464027
111.20493376930206
111.1394521065439
111.19246335034866
111.2774355861942
111.31689809962684
111.29610359475826
111.20949943749352
111.2504993521174
111.23414291293652
111.28064345411231
111.38048143107642
111.41698374154282
111.42812755967385
111.4933267912742
111.34970645649615
111.49594541148547
111.68709429856445
111.7513150166433
111.6862637299901
111.7758606995381
111.72628519210957
111.62428887073725
111.61160477265857
111.49918796640887
111.55933183364091
111.45053749850369
111.36797621640135
111.26683628300576
111.16142806865086
110.98358767476775
111.17819726689278
111.21237576831281
111.1220414816052
111.30852714576167
111.29387096425855
111.09783779400209
111.08357158215982
111.04348666005144
110.99649308522577
111.0106387576147
111.18097020583892
111.11963941774731
111.10308704266534
111.05042868081564
111.06404582491845
110.95699580859305
110.99560001687648
110.81293764274912
110.79839195944567
110.74066714795951
110.75602321219274
110.53044854767707
110.47448646134346
110.35834211786921
110.46889504101236
110.69697185112352
110.51186715991645
110.70266548087535
110.80224858380274
110.975696143747
110.92421910256795
110.84947602171366
111.02267051817162
111.20577861574714
111.43014571825009
111.20260491222784
111.04126177517303
111.13797570199382
111.35715947712974
111.4386477418613
111.4263680747688
111.309287231426
111.42016650032612
111.26114033945545
111.29965917085372
111.26591260160257
111.36902347321443
111.1675691372864
111.24421441798795
111.46008787865478
111.53453393792915
111.47169883688564
111.53642090251479
111.31056504354052
111.46243184268391
111.68414688741397
111.72330125946644
111.52809940947463
111.38354422123511
111.22819704520917
111.27991149370256
111.44545495721513
111.6258327321266
111.51501910788889
111.66978258002553
111.65217557116914
111.66711987246597
111.45062823569826
111.53045451756297
111.58095606292119
111.68802096232474
111.80063497741133
111.83999947921613
111.64389614786096
111.81477642377786
111.80082186143012
111.86334674131423
111.83715378851103
111.73790141202281
111.72641536501459
111.50393926444299
111.45050005782339
111.5217109588026
111.41374747869567
111.49842064783206
111.55678620626311
111.48102440316788
111.4983843404581
111.59436695806008
111.54391345124287
111.45035313687127
111.32971618021622
111.31777403827557
111.36583601505338
111.44773499840485
111.55144616432467
111.3410116077202
111.51962841502376
111.65073126898827
111.85783398301865
111.79540433674605
111.93783817085168
111.99739592010809
112.13243044468088
112.10883686066768
112.01702544390022
111.99909929463692
111.96792992593338
111.89139079574937
111.73719181853174
111.50932148664302
111.62516635579779
111.39495521977548
111.44781602668108
111.65970856499429
111.6143118764066
111.57609599311742
111.50626776598169
111.52142083915717
111.56030731959386
111.72954975239516
111.71354824030075
111.50288118448879
111.39815989415959
111.5873988606197
111.69540702631186
111.889807475658
111.94790102994939
111.87396848998333
111.85831797796047
111.97201849325958
111.7767165462344
111.80658974747632
111.64962919942572
111.83668356675292
111.95148804365729
111.77754885695668
111.76506305945898
111.75121224698009
111.72036569378551
111.65628827499597
111.57284519423905
111.56088465051585
111.69664577221904
111.68547127070741
111.51091791663144
111.54295863915907
111.61213919443429
111.72797722790024
111.51294976709038
111.5004124055796
111.52095858831534
111.62965005161927
111.55176446167697
111.56386660303104
111.77945512882108
111.9750339571143
112.20867097695468
112.25618368710172
112.3899437104616
112.35580426275955
112.328083580291
112.24419797286208
112.09821616119972
111.9947771287273
111.83195881591129
111.73299440414061
111.66041468099857
111.67365622416098
111.70512651536998
111.75413334759092
111.78254734787109
111.75194505472506
111.59831697580852
111.66338242768055
111.84874299652809
111.681392361612
111.78414638121433
111.76257267151296
111.93564247595101
111.87409740997487
111.72087827757599
111.73325181743333
111.82197593011414
112.01192213766842
111.90817550008954
111.94072745012446
111.92732754951734
112.15621619505866
112.08652815355643
112.04886894409121
111.97366762304418
111.73894584045743
111.9496443937949
111.91376295001255
111.86231830524711
111.65286633083743
111.58308819572515
111.4423070922114
111.46677276710905
111.58550177802724
111.66038082867935
111.84495490086849
111.81505236940426
111.99169488650757
112.02712745447022
112.01305386489923
111.82131633730597
111.77218773592004
111.82744762478838
111.81531103216986
111.76889802816193
111.7328105062619
111.65040574229602
111.81667375976606
111.60598120810137
111.64756803078045
111.42531294434755
111.52856028229704
111.60880001562384
111.69548764891326
111.77433589355633
111.81947844472279
111.85344549062485
111.89065058321658
111.90702773032207
111.98438942287268
111.75254808638465
111.93822838265129
112.03315910091942
112.06766444669985
111.98956008736668
111.90665523384813
111.879546029196
111.85339636900923
111.76754700764774
111.92027258476047
111.86903482914039
111.63657662284068
111.75290357610551
111.73193638745232
111.7577883858527
111.73387557431421
111.59518973456714
111.68764387084299
111.79122809235524
111.56050366757967
111.58926211802269
111.76027360186794
111.87105025720975
111.93899373541412
112.08871445909035
112.13823072581107
112.16321099612526
112.20178348518685
112.12584544010998
112.09618021627179
112.12809712528086
112.08352741804453
112.25657163879303
112.16648703590684
112.00155642116346
111.98521736248607
111.82576343932247
111.63666618444337
111.72672143509037
111.55676094974336
111.33060891288292
111.11086426657293
110.9662801254667
110.7422372948577
110.75646462212396
110.53783232260169
110.69721981403369
110.80385629609312
110.82650991578603
110.94745221110485
111.17462049915932
111.23694323821746
111.3014173390902
111.46779229017224
111.39887629706534
111.57602973347451
111.76341972713439
111.96939551017468
112.20107603693799
112.39822125582745
112.32220059422107
112.38395312093367
112.33568099003739
112.22925469512244
112.11634779839247
112.040634447241
111.83426417219597
111.94324089680046
111.86189046725436
111.71483740028697
111.73550453464115
111.96642350783937
111.93108804237605
112.02372793270494
112.25634666851784
112.3825345104161
112.53053143246174
112.7321021879742
112.51712836182716
112.34530574110737
112.2082856641017
112.3347680477912
112.30008183126031
112.48286945531137
112.34018506852036
112.32353505490173
112.33788722293455
112.30820854518738
112.35685504649749
112.15347697862916
112.20565454072496
112.0698304330157
112.2349888547616
112.06580932251387
112.08015729576356
112.16256916684472
112.21338373695178
112.25557756602555
112.0492897995
112.09758525830038
112.27085814621327
112.48690455839333
112.46388245702488
112.57783006645427
112.39571892070744
112.49072147501415
112.58784209046905
112.49435037049228
112.52046231227949
112.35216964705008
112.3406106123686
112.52844298398895
112.50625842928842
112.42438076459162
112.34424910670975
112.45812600183815
112.44364119301973
112.61643421244149
112.51493918832396
112.43516762043784
112.3378129025881
112.16898134523181
112.39775914580848
112.382297254846
112.4232005140574
112.46335489366935
112.45050099424502
