6 0 0.0 2.054325333446651 26831.780630529163 2.55
102.36063739325448 102.21270884887748
102.26605660523286
102.27780550488214
102.28815292883701
102.30868139530698
102.3385422675023
102.39647185642654
102.48131676802575
102.51179932695304
102.7231590396453
102.63381300111607
102.66162113700442
102.8143701546224
102.69688639013866
102.73008765390576
102.70298610904145
102.88287745062108
103.05676581999883
103.06708042567205
103.26904861551002
103.30001217084376
103.19303859221105
103.23578022840469
103.45036106603554
103.43591845767064
103.63593541122398
103.57532718608675
103.50274504968395
103.68665490440787
103.61574234840971
103.60536866001152
103.58531771176177
103.50138713932785
103.28789689013625
103.23161157551547
103.21830355589223
103.03202675480487
102.89180188275606
102.72557100506354
102.68812161574718
102.72156341545345
102.74853588927422
102.83313358546118
102.73088215181396
102.7872615039091
102.77604690247207
102.86583323615616
102.90266885820861
102.9998288758699
103.01589227905482
103.13653152169097
103.21737808832887
103.23699112341475
103.258078486179
103.38200862032498
103.59224518875106
103.56085533882916
103.70554488419756
103.88733106172182
103.86917656544935
103.84119546451618
103.88347902755976
104.03751376611697
104.05706040325896
103.98983510758508
103.80400263524797
103.95853273625289
103.8962570479388
104.08425394240139
104.04167553562954
103.91475458223337
104.04227612118517
104.02771627553754
104.06875477318562
104.05172998042148
104.12389624309094
104.30535666397898
104.29313623125078
104.31725297790203
104.14884511961593
104.07622016150228
103.93299514263998
103.72158766739955
103.70889346938982
103.69603563252252
103.5463846927716
103.5355485072449
103.44482271932544
103.28363560550821
103.2052003251297
103.37875281510561
103.45784769871037
103.40279224230174
103.18933199437194
103.17900597179718
103.14563481981625
103.15598687034493
103.10622322188493
102.92328746752526
102.96775184468974
103.0453553621081
102.85149672677085
102.9057792511639
103.08253521480658
103.20884910925572
103.19540847487893
103.26285204511083
103.44441667442423
103.62083056184342
103.55482418376974
103.56518432546459
103.5237419815472
103.62826999352696
103.65000355295086
103.66242993960283
103.65147469345563
103.83053148297633
103.93318987740778
103.94417677787764
103.8938872478273
103.91734895666362
103.85013798231682
104.01118818948109
103.87619844630179
104.0721990682883
103.86304318027706
103.83556833235305
103.74022851677482
103.6471612438022
103.80068351601882
103.67802325674647
103.78245011800445
103.6132662603481
103.53677725477115
103.47626281563666
103.48664368086325
103.34868995533152
103.36692377788385
103.34396031553088
103.38708511233764
103.36112710663382
103.57605008218904
103.56567308975802
103.71113793424361
103.54668338746391
103.62404075234373
103.69342086797934
103.6610366998351
103.5577396963458
103.58397622310147
103.72479874469315
103.82603000403294
103.63140165772425
103.65397949619197
103.80608112672708
103.79106524812573
103.71208099951821
103.6641263165111
103.52735760071442
103.70540200719425
103.6910111139723
103.71609236051562
103.53759871775053
103.59534628244465
103.62376219975941
103.59520951072368
103.76720494855715
103.68248061033928
103.71476025653004
103.68426578727671
103.85852414111709
103.65181794751969
103.8378351271604
103.80659897569215
103.88611499174796
103.89663478359981
103.8278323324403
103.65865415889384
103.67685748638021
103.72297995804077
103.7350785895025
103.76596044249447
103.77754235859327
103.80343024914045
103.9515289932392
103.92421548684207
103.85087327110368
103.96407480042804
103.9996003271456
103.97685951990279
103.80069925182404
103.82708685216578
103.83878234613739
103.8250319532808
103.94743901460504
103.97435422866181
103.95156502952211
103.85338008384889
103.66323983144261
103.60572453556408
103.72416175314628
103.7856743143564
103.97983575313462
103.84917736090448
103.87897855119704
103.7715428822367
103.86847765047918
104.01076420011645
103.93488014838002
103.89825079679322
103.88649406348219
103.99475288377617
103.87277114615877
104.00992829618875
103.95718179802155
103.91902706762444
103.74349143485928
103.6002540224767
103.61536649579763
103.6893776787496
103.81237446802473
103.69749891895329
103.80899326856218
103.983269555642
103.97283395540678
103.84620567527682
103.90181897123139
103.72102749825771
103.74845701840275
103.76327386880304
103.7454717590066
103.93966423628441
103.80983867343392
103.86972915570752
103.95734391510175
103.76091893381152
103.7329984729306
103.59055445487607
103.6255057963991
103.72604453492684
103.86704693149684
103.89734659399208
104.09558838408726
104.0643624237231
104.08649185786275
103.99888705970709
103.90898014800942
103.82427609743354
103.79153446054167
103.5983407585641
103.51930075706989
103.55586697034555
103.54479334471645
103.45482549057407
103.54779456432249
103.47640876273991
103.53907380241898
103.70825527935801
103.76496033473332
103.57725655478453
103.62824636187551
103.7054172853129
103.57615514226768
103.71609620650086
103.79316124405555
103.95472187967994
103.94183992498392
103.76944416758326
103.81693163411761
103.83937282570352
104.05532455310922
104.08085063154185
104.01484048213023
103.82518569281048
103.69467427582252
103.82611926124486
103.84585204819517
103.78763952713771
103.62887774985927
103.79088814923287
103.61827825518469
103.62867673499382
103.61679489223604
103.52648183139918
103.56413189326902
103.5014353450999
103.69142063339844
103.74596422179233
103.76217553935449
103.58586905536221
103.57175472569558
103.49162849727944
103.51899580973661
103.70895508289759
103.79254364455173
103.83963775896196
103.92605569031267
104.03775718135354
103.96259650785181
104.1302889391863
103.98897062341534
104.00671546708192
104.16584142399115
104.14282377927192
104.2531831575693
104.24255320920294
104.05244262820783
103.90288681445908
103.79237520099586
103.82541010978188
103.97746769085443
104.14483870193354
104.04273977388988
104.08248995793242
104.20933600039822
104.22846773080913
104.38584790637545
104.36823832643879
104.58283895680457
104.55770892920525
104.37513334569077
104.33586360735066
104.32155205437566
104.30022229455834
104.12536609661802
104.07021378564478
104.04733352188562
103.92009644112069
103.90894698759118
103.98478487318886
103.93822538607819
103.95983130984376
104.04189528348392
103.84308259580587
103.68231694077791
103.71354175059949
103.74555359030971
103.8040409636562
103.61927226393824
103.73822676588983
103.85866814739988
103.87642758533048
104.04692506029902
104.22849845011062
104.01580475831285
104.21393398094602
104.02452274921762
104.077286800133
104.12556976788267
104.11120530909292
104.28481405549127
104.17868896285621
104.38713170240716
104.27539251920959
104.3359517698702
104.52523914693589
104.47417218723311
104.439336510181
104.57396897097593
104.66800330999608
104.87750530695209
104.90148442926233
105.0174841223573
104.87349986448821
104.95430306543369
104.90026930427418
104.84403604396148
104.85513992325153
105.04546769854586
105.07058356532855
105.08544068799299
104.98484181927101
104.87276849796777
104.84110951783641
104.79375518604859
104.67833972285551
104.51442784834333
104.47102606423861
104.32439403571303
104.24163158096582
104.06751981288454
103.87698335437616
103.90062547487618
103.96016642796856
103.88213958512213
104.0705208702932
103.85741439322213
103.87004840693547
103.88107450120269
103.89770162428157
103.80615973920906
103.95315810833688
104.04545757396549
104.05876735702851
104.11595972840246
104.1806277838978
104.22024959051072
104.30444757442282
104.19627322899387
104.21945357348258
104.17521189630716
104.3098136408086
104.13246447241299
104.2740848901874
104.13508472873389
104.27440449317075
104.2961782511096
104.3325316131681
104.4167039188827
104.34715894030491
104.51586962249351
104.32447854763214
104.4391789283548
104.2990017721848
104.36434949109133
104.23208808060922
104.3805191068219
104.40761207744508
104.4186860291973
104.54410876447459
104.5801454015532
104.51157326082297
104.6835751023709
104.65990788655041
104.73127012564156
104.84875086612662
104.65931626987779
104.64518729878789
104.75636463793298
104.90359170562354
104.80411209071352
104.82082181803713
104.9008690444944
104.68497562672492
104.57839557592916
104.49927393058736
104.46601813942785
104.36019327897945
104.32053933343366
104.35710311481508
104.4137409196228
104.62990538527482
104.67958219924058
104.6317156574876
104.59025932875231
104.41099768685217
104.37971971717865
104.44392720712308
104.57479085871583
104.56384470069717
104.7325976097994
104.8192553011175
104.77780203065007
104.58548985168194
104.61192977757386
104.74417583566196
104.69287925077316
104.68220503418496
104.5069236260721
104.46315001671584
104.47388113685635
104.44118820786386
104.58416402079726
104.57084032333799
104.65441599030027
104.84207298990634
104.79486326557081
104.78183171233026
104.6028989430817
104.57234746877597
104.67950432409945
104.51522675608969
104.422350493538
104.44335532215415
104.45466188187415
104.47017680514465
104.68297922224988
104.65373016577611
104.67007871508156
104.88587389153484
105.08466649278611
104.95691884292074
105.02901108761925
105.15697055414259
105.11026568676148
105.16189089572367
104.99194530259665
105.00247381736781
104.95786821872595
104.88627113158397
104.85773427084317
104.83858815632048
104.6878963931031
104.7426132705258
104.70899814631008
104.54598991542672
104.56526799245285
104.55310668586698
104.62691135052486
104.68211721124244
104.5151439683701
104.49973708262283
104.62469374233372
104.80309333084097
105.00722250493921
104.96714799977485
105.00666579525867
105.05162927605636
104.97500249425525
104.98584233536245
104.95022300282368
104.92718650019745
104.90951566364608
104.99208767787839
105.12342861691627
104.98465037985575
104.86340519632508
104.81644278377065
104.80510844032369
104.78875546311613
104.86745929705774
104.8809562426973
104.761105118238
104.75050296277958
104.71205766062646
104.52531651608992
104.5724562002475
104.6859722981909
104.49037299272746
104.44910347966483
104.49038617067524
104.57675618650009
104.59839296140099
104.57011303585253
104.73616671836243
104.83853558225204
104.67679096541492
104.74234563962827
104.75775636850359
104.76882439725482
104.89030982022109
104.84488247367122
105.03973349857091
104.9898847942621
104.77597758363963
104.99395356233248
104.9808675391528
104.88633757996499
104.92593470075822
104.84802775553129
104.83607603993656
104.66651422110442
104.5582736249577
104.61758612781264
104.6009559151168
104.81183814266281
104.68969976048291
104.48797358989754
104.59549629522361
104.81236759254857
104.85118788671963
105.02619847520755
105.100113985358
105.06495248729695
104.95090763230857
105.06489587111787
105.04262436191382
105.18348533491927
105.13815534027471
105.08384459279478
105.1029000718706
105.15055322500271
105.03109909159788
104.86686752504635
104.96566754175443
105.10141671093491
105.02837295515491
105.18939749587732
105.17887032235514
105.04178257583358
104.9950485810274
105.05374180412866
105.01343203900306
105.04189480059313
104.87095078986975
104.8850653576277
104.99211262652062
104.96741872254327
105.09090290131898
105.21516471148661
105.12188133935923
105.06024145624959
104.85983228993643
104.88594103268287
104.86146552600633
104.8788993367526
105.09785169556703
105.22579142590502
105.43325041818588
105.39749883036262
105.25355334249839
105.09057715874252
104.95755412895484
105.03764425349682
105.09299521669388
105.0391335446573
105.20743093113681
105.19652307737088
105.31793721595207
105.13289226648195
105.11343101775151
105.0315741098821
105.04345196116765
105.00856751701045
105.0239314415583
104.9558127912956
104.90356530605006
104.79971508690468
104.85582037015563
104.9240519311761
104.70554260935862
104.90659291096782
105.03530817304052
105.01299129784202
104.96408260483501
104.89986105859258
104.97459719528177
105.09489790439416
105.22685761779036
105.18477178578172
104.99469090823241
105.16861579726985
105.29793745517624
105.30924300789331
105.11512135071035
105.12799692597414
104.93939714005482
105.1226763611986
105.14602494297162
105.16873446414267
104.9867575529406
104.96629747958221
105.12126670472011
105.06417333709415
105.18102613538707
105.19337766887793
105.28201052407566
105.26718109487855
105.32300215913988
105.53942709267027
105.50839101701125
105.53586009374504
105.67527421146745
105.6099688969468
105.63279371021338
105.61910604853449
105.52249973702683
105.42731898465986
105.44996747008395
105.40632991971395
105.42101141534823
105.4084652400453
105.26561916249403
105.42082228067754
105.61204327733073
105.70305911332692
105.78897994394629
105.63330332941517
105.6155628035665
105.40672397813928
105.36712408370902
105.29600384884908
105.24150540195282
105.17737651046578
105.23730686034881
105.28918821470806
105.15650223259983
105.25004694065706
105.26082762944729
105.11746728930342
105.29998395919546
105.18343656397384
105.19612754128569
105.28366501105586
105.35065869742527
105.54796884847134
105.35124430789836
105.36644392372473
105.38111502547407
105.3527260042094
105.54012450747442
105.57056104989036
105.3581671159953
105.40864253730506
105.25168572544978
105.36693453428728
105.38431494490652
105.44480916649708
105.46773044644777
105.2963514847257
105.32769478211962
105.49063625234176
105.43209014765714
105.31515702125412
105.3699795276479
105.38171483624936
105.43254177131581
105.334103584392
105.38260713565711
105.55169755624608
105.37842107723934
105.57146060540236
105.70487565240448
105.68691866643682
105.85352746878775
105.758630470374
105.78001014005267
105.79347912305064
105.82815632223513
105.81050292473675
105.79961179314672
105.8201995016291
105.65558616904615
105.83069711818317
105.70301347939926
105.66286013558
105.49619855396335
105.44740262256343
105.36639639602977
105.42920722567015
105.3931226567671
105.28394886081804
105.37447407060036
105.38501641103525
105.37313901029131
105.27442863896914
105.1434640183797
105.22937647714798
105.34479965957952
105.52152352879648
105.3143792707602
105.40962218977738
105.50799314642596
105.45821395390685
105.37870415829413
105.36815574602781
105.27318165738177
105.46488017085424
105.47942010169787
105.49718692555939
105.50920077081189
105.58824016591258
105.63495520737759
105.67947218405412
105.74287314285851
105.65472112330663
105.77036602080065
105.65560100653778
105.82966370319542
105.84241415233494
105.8671325779423
105.65495779817736
105.63022967743241
105.45316264696585
105.46689211840481
105.40921464195027
105.21065380306383
105.3428095789703
105.45258578448092
105.46405396158406
105.6755660952413
105.76760680007501
105.95661422541862
105.78917300868356
105.74045485207824
105.63013628091169
105.45610575505212
105.31883335584124
105.48614889365466
105.58252422949633
105.54327981518425
105.58873313669794
105.62454820881467
105.76884949633668
105.84241545688741
105.98915545982629
105.7834191464156
105.91568452338423
105.89625411832992
105.81044599435465
105.77412914843897
105.70265527796579
105.66482237202034
105.84383194449354
105.82075182870176
105.75008301340047
105.67309590505258
105.45712911574209
105.42375409401134
105.44848629397039
105.5042076908148
105.682196842658
105.798707804935
105.82539232697124
105.91457357578774
105.75764229455676
105.561613267424
105.53182031408382
105.59653918872175
105.70590383832791
105.73605336168292
105.58608995520673
105.79861672531551
105.76524153079632
105.73007183645483
105.74403928456421
105.55254498305584
105.74356179809429
105.7541570977399
105.78541604867303
105.61111182561697
105.64187569951878
105.82824625627904
105.9933718382868
106.00547808843571
106.13941379297935
106.22854804934455
106.15135018365915
105.97578169622552
105.77027081629903
105.55160537273709
105.38292746528111
105.18388982657753
105.05315871370175
104.8440047986798
104.95335211104567
104.9941221271594
105.15385987877902
105.33841123463912
105.48053408376904
105.51552216424207
105.65135476798073
105.70602067397175
105.75028480178968
105.91929332392145
105.79096620947568
105.8251333114037
106.04435782380399
106.06842232750617
105.89909787835573
105.76442335038087
105.72443494888158
105.63013018893987
105.7649697026475
105.71155626639715
105.6405518578011
105.7406891260932
105.78382498207509
105.68069975974917
105.4649204791656
105.33024390150723
105.41146315925258
105.2560421276638
105.37546648785022
105.32284300810035
105.53703505522111
105.58896849727397
105.74733151322324
105.7659793775531
105.82551573302521
105.76614215767532
105.90098136249695
106.10481436411195
105.91701365604577
105.71445581050318
105.90247227972368
106.11348044155889
106.00300972167346
105.89338113795256
105.74253844275032
105.57829694006224
105.76356906459017
105.77935271802188
105.83630010765756
105.91495758604903
105.94828154585926
106.01998651564249
106.0307718962628
106.13556572275333
106.02675588956124
106.20075524490714
106.39563780799132
106.60586704109845
106.59388117528262
106.44362894381585
106.48514857950342
106.40256243605097
106.21313091680526
106.20214638554707
106.21777167875297
106.41648380776022
106.54659088505502
106.53002343959949
106.60993727368373
106.59188988029236
106.45108908207641
106.46862919109395
106.64667999200898
106.47602173603201
106.360170207977
106.29642079806858
106.31026945425315
106.46018559606831
106.42755635997813
106.20765092658716
105.99880856356496
106.19171311328307
106.06254090077941
106.19602604255502
106.17949297765321
106.03745827692589
105.90028593530897
105.70054913212789
105.51481013452695
105.52560532440164
105.5133013123873
105.68759388547944
105.48707457484663
105.5180593876536
105.63174551154056
105.67692348185523
105.73038466837708
105.78615072967322
105.92832050452292
105.79759065394556
105.9463330281741
106.09977759828212
105.9522735804968
105.97252997071243
106.1882924298639
106.01943790034012
106.0980374263282
106.21904536693307
106.2566097530753
106.38674939037736
106.21143078814247
106.19085294047095
106.20454277970832
106.25943453459878
106.2702934929954
106.49295491913466
106.32651871826417
106.10883919481621
106.16251292222525
106.3242804889756
106.33842210704825
106.15777985558081
106.2050698467155
106.18461027047488
106.15441947953902
106.36092528310941
106.38960799047533
106.25851272269168
106.31830951522312
106.47101812088279
106.43873907392336
106.33563016485064
106.31521340369956
106.13048688126185
106.18537670648068
106.14022556253236
106.26305653019568
106.44537197013396
106.46030801697655
106.63946179695968
106.62544259007245
106.46645281288065
106.41872759853275
106.2075180715662
106.3437520142469
106.37051182873455
106.42380142561473
106.3526921661203
106.4425202675463
106.33353916012686
106.4121768168228
106.27317037024503
106.45283714146004
106.39089740530743
106.40155531655566
106.25533158078086
106.3746108477308
106.21522382259816
106.14150465795475
106.09327562254656
106.1174538584969
106.14886131752138
106.17363274701799
106.20147105073622
106.25643889948259
106.4127039178678
106.39397983524108
106.38306511725249
106.35673118006059
106.45933043289831
106.35347478670641
106.39632816400326
106.24468099394197
106.16720208627821
106.2000811590608
106.24345959737104
106.27390016127282
106.37674563399078
106.31569424136251
106.35301389919798
106.24477369148015
106.20880195684943
106.16475103290122
106.23049599243932
106.3725051242506
106.46746703880169
106.32170440215303
106.20424552017177
106.01162481660468
106.00077044971238
106.1491056719613
106.11074671062684
106.19902406852498
106.38309002002222
106.1834060993498
106.24634263925276
106.3553113342866
106.34402114351231
106.19646461139206
106.22195444932612
106.26899137587606
106.36363945872603
106.37829929229295
106.48420396488544
106.64520931766396
106.54649969619375
106.58202432092388
106.57113077997646
106.54047306693789
106.55117969426625
106.52020098420171
106.33345628809796
106.39657712731604
106.47399328635481
106.39815800027363
106.38232842324543
106.20287714744168
106.34639586394765
106.14606350594644
106.15727892243137
106.27649336236648
106.28713211936152
106.44921694343725
106.50915220082575
106.40133014860223
106.32417651620693
106.34447462379329
106.44933313393425
106.39956784572072
106.57268238789312
106.65774633248827
106.8559173824654
106.86703780776412
106.88457540071171
106.89841939027191
106.6784401509952
106.89399497428835
106.83906233830366
106.6792239579168
106.6078591740574
106.45714606183202
106.43646271674135
106.36013235018247
106.34819815229005
106.32090907999674
106.38789361182333
106.26280364359323
106.36190284631918
106.16698204928132
106.19086572325389
106.37686674524748
106.49422808560782
106.55138000639519
106.44743914315028
106.42608773145415
106.27693118327514
106.41078131904466
106.40013838841269
106.4261203133808
106.5978588771143
106.54963072695084
106.56662187869678
106.6055697961862
106.53786628615647
106.61470671212655
106.58304857954104
106.42109562788744
106.59530002217879
106.39358743485828
106.42370140271503
106.50744113725307
106.6694625627162
106.4472740509935
106.47704906249308
106.4942209351893
106.52373635309382
106.5731390055848
106.58999848254162
106.64581755098168
106.69573168562532
106.80239071895213
106.87098424139292
106.88776716748275
106.7456357147798
106.86037166874046
106.84940775827727
107.02278703433767
106.8445390312243
107.05156357748376
107.15485118134487
107.2179144777489
107.07830785611007
107.04345241565711
107.05422426738808
107.26413378835197
107.283780868602
107.24093847720016
107.02686332174119
107.09418908653018
107.08137007956631
107.02871059348918
106.8064953524482
106.83627420233975
106.89462867308228
106.69268945952693
106.8600997787529
106.90720488852348
107.12397731156254
107.06390665293515
107.1755321923085
107.1643052175298
107.30439970722172
107.22875995008069
107.4293254141485
107.31404776171259
107.47928157782074
107.4433033035066
107.66768441030216
107.52620787444368
107.49874224848278
107.45868612736578
107.361905483007
107.19461980777372
107.14952889898993
107.10104169114814
107.08867110058326
106.97156962731862
106.95274566536462
106.94183610807706
107.1508832614274
107.00290991446968
106.92130466747065
106.86520379725404
106.64342945487427
106.50176183231605
106.62386865434712
106.80798141689388
106.82095882069713
106.8434729334411
106.95700120718685
107.0464905121826
107.06233825695645
107.02001620376402
106.83611756365381
106.88517290158701
106.79546280585609
106.83476842876853
106.8497098364887
106.86761009838752
106.75316880679047
106.96325995339983
107.13708155082256
107.07554345000803
107.22255573980573
107.08969334689186
106.95633626967741
107.08217405628706
107.28082285329721
107.30015077013066
107.45487594183722
107.35030253879198
107.26942267083496
107.25840875004322
107.19452281762969
107.0647400242654
106.88870247009805
106.90604111888217
106.95733186206259
106.77269512781282
106.81805519258789
106.78832704383171
106.61371142194457
106.77315041887324
106.86929501953858
107.07907735281894
106.85714527126216
106.84489958741051
106.87850564278689
106.89572814482347
107.06149008873165
107.21421111505938
107.15120116358618
107.13671521495634
107.16767074786222
106.97002678729899
107.14853101072666
107.2656798982393
107.12657529040197
107.23436175163604
107.1195964184005
107.13829364238067
107.2830246521235
107.36893155379576
107.23630352478828
107.20675432071748
107.00165207330635
107.20561767864147
107.03918317372371
107.19710909651702
107.17301143174859
107.33585660803645
107.29484257790433
107.27902708914324
107.17814683070111
107.03841499158834
106.95993859945146
106.85403913563111
106.89883029250129
107.07694946710266
106.86387313825627
106.99994090302697
107.02870295833799
106.913348764247
107.1066812333417
107.05300986710121
106.84630634995975
106.91310865706694
106.94109425330025
107.01149864358386
107.05154434412516
107.17619763089971
107.25487214216008
107.41576318119344
107.40423458335428
107.27046846652367
107.2960173254137
107.21624775771774
107.15056053951238
107.30326009552034
107.29207984012106
107.26955232712882
107.12592084920954
107.21778179455434
107.10718421427813
106.90263617616664
107.1035027561272
106.93625264104006
106.89237594324061
106.9087964563099
106.85470251407037
106.87518194523602
106.90310554080739
107.05832942555716
107.09918198389246
107.11687437112505
107.2485553598226
107.39642987802497
107.57716827826962
107.35941277171045
107.43359866221473
107.50958328060514
107.68438612064759
107.54999742514467
107.60007831297142
107.61727632937236
107.52960855332938
107.75149088834688
107.57144989790551
107.78883973323566
107.8003900755834
107.77666302728773
107.79733955829313
107.78500467160315
107.77276081197412
107.62476418389103
107.77837411332074
107.9061724964839
107.85770392072934
107.80690113301436
107.91265726535151
108.12974162606496
108.33186372360137
108.18652844604506
108.17077946175945
108.10223252846666
108.14300074137206
108.11644251019563
107.89410163797989
107.67740552545965
107.65833355153933
107.62493366605909
107.46405516516342
107.64876754205766
107.57313872046949
107.49039141002156
107.34296454213177
107.2795387150513
107.17971853884409
107.08981723955932
107.12403826273932
106.97994114032421
106.99112377787213
107.06276529753022
107.0772272338085
107.17347465296491
107.1896161374377
107.33550458494872
107.44608475103738
107.38008089518429
107.50840917080771
107.51922412210156
107.54924469446121
107.59289612246057
107.55415499214013
107.45934152513486
107.4366769048446
107.62161496029898
107.60986036127206
107.62094444978297
107.67335916808618
107.63263232406327
107.72919702950492
107.69963838230792
107.9091039029442
107.87175595083471
107.88806005017311
107.78271806615857
107.83294343178976
108.01219148939276
108.00027423939149
108.14825929345157
107.94531286578547
107.90746906992311
107.96447976326547
108.05574470444418
108.2761575605498
108.48328867380553
108.4542417283058
108.23697297708544
108.21396185148079
108.13236546169628
108.28911675493886
108.08616145061913
108.06757322323872
107.91288327412437
107.88226764211525
107.69428241308671
107.61250250896722
107.76925588317208
107.59269722212306
107.38711525993901
107.42687269464523
107.3476225777969
107.54372886199896
107.43449645966535
107.59400324942125
107.55322587249749
107.50092120560315
107.39084483041297
107.37624622483142
107.36386373014598
107.41056287428476
107.43145184783533
107.50623169181553
107.7097665216353
107.69154440651118
107.88490032545818
107.92658748706619
107.7928229666428
107.74012417251015
107.6480976519911
107.6589131395892
107.54234297285106
107.67178021010524
107.58033526373451
107.77138134885735
107.78661506320742
