0 0.0
102.97380023986699 103.00851386862513
102.79481453853226
102.64434869265664
102.79645043971928
102.65084664013213
102.47973087634189
102.51165274918448
102.31849042051658
102.26751087448073
102.24592631001536
102.09605761649297
102.22050861486746
102.38628465603125
102.22589332028657
102.30502327743417
102.2936672113861
102.22914493329036
102.19201816054881
102.08962150505738
102.03675975029579
102.05689828527561
101.88173982649958
101.86124330772918
101.82562947772085
101.81507212516152
101.96222923226773
101.91920901627806
101.90103636837479
101.97742195755754
101.98823781888042
101.9993657406008
102.04253731299332
102.09678643076346
102.15652409302125
102.36433173645594
102.55510826495232
102.54374811521899
102.56895588506998
102.65940510822664
102.68592034346005
102.88861284220538
102.89993524508282
102.98318186896496
103.00154060729079
103.18989141574052
103.30078609999653
103.45189189536977
103.28078569285864
103.26473317922243
103.28573732005995
103.48458586168422
103.33851133022654
103.18970518021725
103.04869099213998
103.10310983272235
103.12783498817771
103.1725373729086
103.2781651217948
103.4058070576935
103.418444410438
103.27147854582137
103.31148795694895
103.19983095567672
103.21195602354871
103.2934820308095
103.47848837544862
103.68586660041387
103.65945202541552
103.72567967510982
103.67184493223027
103.61555731687142
103.54845755574667
103.41957690210543
103.25954941257352
103.24064344355729
103.05664802672989
103.2306039282711
103.02933181673127
102.87406734133285
102.79668230826111
102.74910951277894
102.94865908348486
103.0802784321878
103.22867840150192
103.17773443392413
103.26221830361206
103.41032802837995
103.37827389717854
103.39089935957483
103.37295329496443
103.49304451718776
103.4754084303465
103.30735323009546
103.19525907330619
103.39603926214508
103.57170119628888
103.65533078975058
103.60887387561915
103.40977143637889
103.46385278573786
103.48926637751266
103.51965397142303
103.50908945361195
103.54184064549167
103.75848086363298
103.96462061172274
103.76616783386366
103.59548028820323
103.46405592407217
103.5405959580688
103.61396062341383
103.75990573416327
103.93201349055606
104.13789652035273
104.04305248297275
103.94365744556902
103.9308121703352
103.7690702873229
103.634456919126
103.6121341931731
103.55130148304247
103.46689771337604
103.41416428762585
103.22959323957956
103.40829261475679
103.52035515878765
103.66473002350904
103.50016455926048
103.52328031440892
103.49525300766088
103.53173346244434
103.50839494055536
103.64089241162874
103.59956497108834
103.72326481017419
103.75995547241101
103.62412500864133
103.83131390871115
103.75318891263852
103.63012555601927
103.50279101414284
103.48621081751017
103.61871539595951
103.44843285952366
103.49057896218724
103.53794599485414
103.55838242951202
103.68791428779274
103.85291603763113
103.77322772025062
103.74349066532736
103.64866815459767
103.6838627110851
103.62355653952298
103.64576471587121
103.6289452118524
103.79424396901375
103.647570874061
103.43797452368194
103.57670302097509
103.6620714789308
103.63023467142483
103.59814702584131
103.69154225036338
103.54485342111552
103.578425376931
103.69292111730913
103.79994820777041
103.8709977922993
103.94164772224431
103.81991901743054
103.6370141668327
103.81791778198868
104.01252509678586
103.94393730583398
103.84831287452022
103.80401853473458
103.72686255093
103.73880111490388
103.54366097121797
103.62665349352255
103.58362745109508
103.51639051201396
103.56817348330529
103.57857383474688
103.61276111368461
103.81849175865753
103.64496217693295
103.6584774333898
103.6221873031613
103.5912932777645
103.58012742633532
103.46813258644859
103.59435465482176
103.6297673819754
103.54966031260182
103.44060727339654
103.2857053298685
103.33963858956207
103.40198651906283
103.39046318695019
103.42134389481895
103.46690156933376
103.51623712472775
103.71891533322092
103.70495807325112
103.49591626247609
103.50642194263938
103.51684545203823
103.60303380471652
103.53973287958904
103.55010069055162
103.58724432374201
103.62014872765332
103.47197196337045
103.35184904640188
103.36426214306088
103.37904644996993
103.43291434685713
103.54648101904957
103.61588094844547
103.40821522823148
103.38348895470028
103.41179663033913
103.42582130344012
103.44013010153215
103.4569824679371
103.3336627110782
103.51114220455376
103.63493478655329
103.54123587911239
103.51784922214621
103.53664591057395
103.65762626223291
103.67273992320622
103.4577777691736
103.58264708776326
103.46446693253783
103.49648115216166
103.6972196819872
103.79826212260241
103.76092341425552
103.55514099980545
103.6387242895522
103.79626261058866
103.76477773456003
103.94960000369908
104.0734520857209
104.17360449778191
104.01972508995564
103.9803018843777
103.82083210786507
103.77166319309123
103.70339151442775
103.52441929002904
103.59885031030471
103.74811305746191
103.64987442714649
103.53555427704983
103.66291192122556
103.69021675467214
103.66374939077062
103.72013766791933
103.68101885908001
103.71543069534303
103.70025115318356
103.86345159450002
103.85131279345254
103.96546987215761
103.91707354568202
103.99920285005517
104.12288159336657
104.01417750069486
103.98013470143097
104.06097878846612
104.15377623493231
103.96799587108835
103.86214207819701
103.81267008269262
103.8020524510234
103.6059898513179
103.50484775850019
103.46458807978755
103.61086259229849
103.62513363967891
103.60068701074141
103.74626913450552
103.90930317061111
104.03185820247292
103.8844419552346
103.97640788406721
104.00697217418
104.17609898143985
104.04417129036825
104.12617842928768
104.17384370689584
104.29987509155583
104.22362888682416
104.20064480326414
104.13281457693803
104.21653955034787
104.2014144072049
104.0280090830986
104.1490340322749
104.17311429847514
104.20873910601117
104.21930750687993
104.29851469988964
104.14192567114516
104.31451649759418
104.33069257793665
104.32015507237419
104.29946663768774
104.26934723959349
104.18768992949698
104.29326027174417
104.24462684218781
104.23197286776728
104.0523310278204
104.1007100589679
104.23209851569295
104.21453865509486
104.11509034658293
103.99020710934101
104.20193897480827
104.05966937875085
104.10764131080678
104.01199851610477
103.83873370366607
103.8629323287419
104.00616924674563
103.86660486369466
103.99379417992536
104.09847482361529
104.11175412957243
104.0236971466959
103.88928818849396
104.09809909302449
104.12398024232462
104.22695717999942
104.03819929845984
104.05594942562955
104.16515701974875
104.07691130733214
104.12670963329325
104.10012291032221
104.13489006968528
104.22902191396456
104.2177991918169
104.3707742029327
104.47046885209879
104.48462217920869
104.58164663841185
104.41967601028297
104.264494889469
104.42380842351565
104.58613625489498
104.56876563787105
104.55674820422733
104.54045642993643
104.42409805290863
104.62046337856188
104.5403778525806
104.51387902861063
104.43172890494029
104.24403792527391
104.17695952397258
103.98677962842669
103.78051816935023
103.76969381928257
103.68985208779607
103.84358895077001
103.87665535941596
103.89089888166478
104.09868347208996
104.24620405023076
104.26718098148248
104.42028901841279
104.44329350415455
104.29386347377405
104.30447961939446
104.1528527914772
104.23715643682814
104.44878672187257
104.62064988605239
104.57578325645987
104.53668932425288
104.38976524021119
104.26926401354312
104.18007595527331
104.34211192900122
104.2872973333199
104.31412868332937
104.14001389740106
104.04062535333135
104.10764035069715
103.98503869553964
103.90154916649372
104.10002303284062
104.20853862310607
104.16476097555571
104.19277209234234
104.04608847860646
104.02262236427084
103.97875915220963
104.05821673061568
104.01036377801813
104.06495978443502
103.89188267308447
103.87279541191954
103.88934502284023
104.09322689893635
104.04013197684372
103.85788107232894
103.87356167464449
103.94192777291019
104.13217503707929
104.16532516757775
104.37658919299544
104.40362760519757
104.30025438339152
104.35244308047707
104.54196499338721
104.58305537308156
104.48807508355993
104.30558042159284
104.38902377262082
104.3618857293518
104.4261544974763
104.2239092649431
104.25266849224055
104.39698277966737
104.33326808701675
104.35845713351128
104.37930184152178
104.23397778444499
104.35955567433965
104.37973641182938
104.24807127610917
104.39822828369358
104.55669900225762
104.54409914088194
104.46050494059787
104.51629406852503
104.42349745314304
104.51345388386387
104.48787970791018
104.47691700454955
104.45346077279524
104.46404046560144
104.6299112864261
104.47546264555152
104.4515446015497
104.30954040953618
104.49157863982332
104.60222856290257
104.42068424852172
104.4311648335741
104.26181996623862
104.38802495099422
104.22420988618258
104.3438303176809
104.35641371037049
104.36756957374175
104.39780109518627
104.42084041902932
104.24560318195626
104.43852210878735
104.65019926428228
104.58091557763414
104.39924590962153
104.246441600606
104.17893475358808
104.38475219671179
104.27600676557262
104.13866210044746
104.14907597447187
104.3305665895378
104.26703090742309
104.36737322782544
104.38688397819234
104.52882809808084
104.5476589117844
104.67840181170808
104.82071849540185
104.61958539389069
104.49722213143369
104.48217709039324
104.55050824984791
104.54003749068583
104.32568692793609
104.33662806752629
104.48814896657349
104.54097675254376
104.6555637770089
104.66663376644132
104.6845936739899
104.71367793106295
104.72726172990414
104.71383781217281
104.81545255554381
104.73971717827763
104.63856955845075
104.67728588522841
104.58502319766747
104.65809740451164
104.64675706421014
104.68171731331678
104.79522570756968
104.77085637554853
104.66970749526193
104.5227603993199
104.67043240050717
104.68413075922182
104.71692097666642
104.60614573797764
104.76409018459448
104.7773973666833
104.60567731700299
104.73015589158794
104.7646969089343
104.77886335484477
104.64694833439779
104.68536131350389
104.64860620295154
104.81437201370555
104.85077015896955
105.00729829633033
104.88419198958842
104.97246571754485
104.85997635240282
104.87315318493707
104.70444213799826
104.58215419485695
104.5990855339564
104.64722932225446
104.62083440678168
104.59721569178777
104.6222602058102
104.79361881760295
104.59208011476979
104.5542319997819
104.68788178026715
104.52492789851844
104.40480380665291
104.41706466712068
104.47131218226953
104.59553734748312
104.7858812515248
104.58472000182388
104.69954419542675
104.55810183047069
104.63006949586655
104.81121538079023
104.94800459730791
105.06988946096442
105.0412383959436
105.24648233390594
105.4205625458178
105.38159588486543
105.32131416629727
105.27817927268076
105.26593043215453
105.09887695003951
104.94555221912101
104.76512724077595
104.93784424281722
104.89520771860603
105.064704497053
105.05139404044694
105.02039923523391
104.96584170909374
105.12428830416776
105.07036223771833
105.101390742099
104.96187273358667
104.85971854848836
104.87029143593143
105.04070808309051
104.86664934220316
104.99562264638394
105.06372609411525
105.02504660391456
105.05385256833733
105.09367418184003
105.15940321772118
104.96921930625155
105.00155783566983
105.0980385267341
105.1701763842019
104.98149618751266
104.99744265557099
105.01566938828766
105.11363989370402
105.09359138427637
104.96422394100689
105.04505319256371
105.02461867066339
104.95423257569396
105.01213928981717
105.03460082274235
105.05076388887784
105.1854951417257
105.39254851385667
105.59090101424634
105.45249965638294
105.29897580495044
105.12724378137104
104.97649225443571
104.87354412288428
104.82243810591388
104.88055917604171
104.81565707151593
105.00483065250901
105.22090995021043
105.1076645120107
105.29030156086722
105.20941364922042
105.09860380654405
105.23941624066785
105.22172912020295
105.07448243053682
105.03242353661801
105.0540619613277
104.99988886977647
104.88759528724212
104.90081236561028
105.11679067852263
105.10180227869684
104.92178601659958
104.72657198345188
104.69958665354025
104.68428393792534
104.75837675125774
104.62211224318861
104.53871489124681
104.56012600925304
104.39666871246281
104.3733534006298
104.27865497519086
104.19043770992408
104.31280000132479
104.15832942925921
104.2826708849785
104.3875294916913
104.37606821960871
104.33600442937535
104.28366936317907
104.38567055402027
104.21286956537686
104.36335245837874
104.35100487288584
104.41542481262147
104.48420821303837
104.57244717967386
104.68721824308777
104.7421258077016
104.8179757245865
105.03218824468688
105.06973686860671
105.08028696411617
105.19483807428506
105.16603027153225
105.3118673137418
105.38683424079892
105.16838104639861
105.337134235643
105.36510928979794
105.33887306459938
105.28889852626317
105.48776800018831
105.34552484746118
105.4951835653285
105.42800184621323
105.21591338816334
105.22972811198483
105.25503966207441
105.44319955042508
105.42596311345962
105.34301676962356
105.37596306916326
105.18150994991048
105.00871931440382
105.14626541937434
105.23028761155499
105.01060010670693
105.14690611317558
105.32126913851111
105.33862292199885
105.1816953373793
105.16886263462416
105.37032642314037
105.33734260973031
105.40135586097581
105.58416802185498
105.66074381879511
105.44187367937546
105.42034090491613
105.50100678275341
105.52792380458054
105.4812572227075
105.35273676295792
105.36334223822097
105.34866274468733
105.22377552879014
105.27378894559374
105.0689508474814
105.09445780234462
105.25989681132012
105.32088926231947
105.30960299841202
105.29308256955316
105.14617433716624
105.20132243258351
105.07725407821655
105.09621915522199
104.96357957365751
104.97810070289985
104.9929407953357
105.04161571845022
105.23638273809946
105.43946019105357
105.41494382697246
105.36102146695649
105.19528823103688
105.11260764581476
105.13508778674434
105.01512681367036
104.8790613320982
104.93605152600954
104.97481154860714
104.93623156037535
105.02867482082449
105.0652396065758
105.08028580835555
105.1053037023248
105.16309284779469
105.21732045573792
105.26006813936883
105.29176235048327
105.42180818304706
105.59918036617668
105.54884137557642
105.33210067655355
105.49673764044287
105.47440657266453
105.42862602515955
105.30974496753066
105.33457592322222
105.35091344126674
105.38814461437475
105.59722767858857
105.57451015865003
105.4853355791877
105.28344279268653
105.35122515096278
105.36433455740153
105.51631249442192
105.49559726736469
105.31001715100814
105.51486395130121
105.32418502601628
105.24864036327706
105.41974130699349
105.30316536557282
105.26333003348884
105.24890865662296
105.12625848073476
105.29467429775744
105.08548758861468
105.2870264366416
105.14759943748213
105.21024772953231
105.22114339746096
105.29025457940028
105.47584305875607
105.28556679599274
105.3347525231767
105.42899880222694
105.33270130671752
105.20307494476491
105.24754650696384
105.26091240465642
105.29010538039482
105.37387184180727
105.36327400142562
105.41383193026566
105.54108733395714
105.56766410013495
105.4386071870438
105.38522122713596
105.5895997479038
105.69194644836865
105.84071816689773
105.73439983995291
105.85954667853436
105.99160901523324
105.92312214755285
105.90095313430787
105.70524549846058
105.63096593232049
105.57930518197287
105.40295135133697
105.36692172496001
105.29663779030031
105.27101493835582
105.430648187796
105.47367690397155
105.51301761470404
105.44239422771398
105.52220703666197
105.71758837700884
105.70621472733649
105.68321067191569
105.8940678942974
105.81584250151491
105.84670469028376
105.71238166421445
105.53482936015311
105.67038883377607
105.8363629282217
105.72049971649362
105.79078528609298
105.65586684832884
105.84145909191113
105.74168907305366
105.69909866991657
105.72208908903998
105.6227866725553
105.40829065885063
105.41895214767148
105.23886557806334
105.28453345876308
105.40146688854865
105.47871659699288
105.35688602327258
105.48467330605136
105.67592362097285
105.72549840456755
105.8113489288898
105.89009788317547
105.75892703699742
105.58614172726702
105.600868656958
105.50082278917245
105.53641293363508
105.51488119724766
105.61452188531844
105.62694989148811
105.64554128579638
105.65917029974678
105.70593066519865
105.59495143185002
105.58409548526278
105.5487145617098
105.46746500337112
105.32908593500707
105.38392207464757
105.39772789074496
105.43388954986906
105.27499107313594
105.4042508118841
105.51787879806199
105.59470703546147
105.76415360557765
105.78518752827358
105.57335714614844
105.60307466032125
105.68513051196854
105.58856847230922
105.67291687142904
105.61673889676571
105.73739803934487
105.84441306180678
105.8031866667341
105.8586255026828
105.72416050623742
105.80675124097723
105.75705488542435
105.77793599863024
105.75728868438942
105.67871983527377
105.53909710403693
105.36031591382039
105.5651022620123
105.66496186689675
105.67608362235428
105.73190514291944
105.76083190912617
105.74368130149156
105.80526746890972
105.62254974450566
105.68488872844566
105.73921551046716
105.79466535462721
105.76443139498292
105.75329421274522
105.83884686842302
106.05495275606451
106.01596394783844
105.81878124091025
105.94237432939754
106.0492981721173
106.09194138240436
106.03178495042408
106.12658872337325
106.03733415233718
106.07491041310031
106.04536021883656
106.24098064663363
106.01878372853825
105.95057457875562
105.83869746684965
105.74656235379146
105.6621653296785
105.70205755552101
105.82445304068538
105.95008533058302
105.7329782435665
105.51922920227616
105.33825125639721
105.39366599489468
105.56352558952385
105.576347294417
105.61160950132401
105.6238140080486
105.69586463487788
105.72345571513557
105.79754635658469
105.82622255103038
105.73613515299625
105.93193639600925
105.97978184053882
105.99286666764847
105.81818725856596
105.82878901933192
105.91271068425581
105.7717780713648
105.71511863485236
105.85258423602123
105.94162425389351
105.84784233876049
105.91011214914998
105.71675978750689
105.73480620896788
105.89843687086272
106.11714390309147
106.04214794320794
105.85286543937649
105.7348557717224
105.72237440603796
105.68998740331797
105.67465345874203
105.81403021559831
105.85413438629101
105.9495568919182
105.97777872114432
106.12859194967571
105.98177494021853
105.92385212333697
105.81271819630453
105.68858525299602
105.64255504574547
105.42140777900441
105.46459971478068
105.33840555113731
105.47904745560321
105.54082539612419
105.5725515116764
105.58312081564719
105.67992641456381
105.69418432420277
105.67573754223687
105.69922652433917
105.73072263794703
105.7535596746636
105.94889056838092
106.1254795803197
106.06942020741714
106.03955792692986
106.2550056460536
106.24039402402234
106.03234617191666
105.90083295525692
105.86999573208648
105.89777638261225
105.84122350441555
105.87682977936089
106.04408477527377
106.076370841999
106.05773124838993
106.12015194443943
106.31692073373169
106.49439283185399
106.27246580687348
106.23880778053179
106.43793538881805
106.36827571564153
106.34881532324066
106.29336598318862
106.34780213689945
106.32629489754305
106.21391690049869
106.1991796388222
106.10644492780568
106.3198940288518
106.16418674688944
106.31668849082585
106.29179517358058
106.27313183634537
106.16855519513211
106.08524496164215
106.03916821872303
106.0842410764312
106.14272095057
106.01983353176514
105.82200184748777
105.74664794039806
105.7604224147842
105.94167247035625
105.7255311408752
105.8933551361097
106.08816298878143
106.16630988888942
106.1925136447659
106.11401265144266
106.1033001050297
106.265909898271
106.23744800697014
106.14874615090359
106.25669813097241
106.34344014499375
106.52917851404159
106.51021513112231
106.57733365982678
106.49366446015513
106.35139723210861
106.36398139652812
106.53039417913375
106.59192221256207
106.4493071419702
106.61822107114683
106.39798271172033
106.32807578776715
106.23144280183054
106.07362305677381
106.20549279690024
106.00708473513386
106.02256422363135
105.99791339492783
106.021801186277
105.92420648997877
106.11135321663018
106.20847264660979
106.2212481563453
106.41734178224127
106.2096806209493
106.09222569354256
106.164587378123
106.30709207753901
106.28913121746088
106.12577448739434
106.21938041709055
106.03329723406179
106.09969377337254
106.19967308712782
106.37489663450579
106.19878626814113
106.40444985412475
106.41528020688982
106.43489764163499
106.6035636872855
106.40977336105904
106.36515699288488
106.31513843964956
106.38848274882051
106.30807539981984
106.41224066056138
106.4984028508225
106.44211702255863
106.42427431780757
106.62161537380838
106.66282502982713
106.46269966939413
106.44376443286386
106.5237335050608
106.47858489409802
106.34662218702371
106.14759097485079
106.1661720920897
106.10242863745046
106.11304012136827
106.2178006370889
106.36323251116441
106.44613560328465
106.58376279374862
106.63212370397108
106.57461600883025
106.56325362595528
106.44857814215607
106.25503991721864
106.28209747872243
106.18589091860076
106.15156679996883
105.95492754832668
106.04086929127673
105.9093250883992
105.88015298411405
105.93214624904176
106.11196990150881
106.31876677919519
106.3481051100061
106.48817944343865
106.43076051888056
106.53464807297631
106.66626654032369
106.6539574583965
106.45246182878229
106.47816494780868
106.62116582806722
106.54912850012826
106.56179671206151
106.5281698341148
106.58858701934523
106.61663593909512
106.56056195571487
106.51989548388198
106.50470665008321
106.42391191688226
106.51990028842994
106.35922800068366
106.52571585501558
106.40105167068013
106.42181297226774
106.59831427735175
106.51205307944322
106.4533465486487
106.65635841087177
106.6081550895007
106.47064335687448
106.2678467369109
106.33819449307394
106.47897651586804
106.25916962422194
106.27388004005968
106.29852962656521
106.5135900490873
106.29591964982711
106.27541108123799
106.25054642655218
106.4284536774504
106.44821568613162
106.4748589772538
106.42820551151685
106.49902432142238
106.51199398940189
106.35328850889455
106.20101062212126
106.253611291853
106.36043305140983
106.5055296966152
106.52114991788565
106.66978191278413
106.50843065807791
106.62704961872262
106.74088522925722
106.93862404907455
106.819687510941
106.87582412942321
106.76873330168776
106.67289422233677
106.64460521876887
106.85597602950783
106.80569662438296
106.60355190023482
106.57726822197698
106.65995155368064
106.50578169963102
106.4886785242411
106.5126477335829
106.7052028801063
106.68672851690444
106.86726979610826
106.85142539774672
106.74224693720173
106.69458658417409
106.60585117191711
106.45510159337962
106.30303021239767
106.40727834061299
106.6044960422797
106.82142361562853
106.84330997661374
106.82153511135442
106.76114649258476
106.84532726944926
106.89117640511647
107.09479976575945
107.31117021789349
107.28172231495462
107.20655461473031
107.33151917036955
107.18182510980375
107.2088721282716
107.25815664315492
107.18819339372399
107.08169804428852
107.2543199291014
107.17816287260152
107.15651409040812
106.96847333433539
106.91913980043368
106.8302039908704
106.80109414266599
106.62716091906057
106.82457584405705
106.65261066517718
106.71728168080759
106.67245629752206
106.86392366090729
106.92900141994629
106.95034163188446
106.9097307784856
107.04015054014472
106.89263315378419
106.85546980304065
106.65296649132965
106.6700361165289
106.6479667050185
106.50855277120223
106.49653766960293
106.48219296895736
106.55878674031266
106.76727591788821
106.74386893327215
106.70201208966216
106.57101321406148
106.58318515313768
106.80175217309862
106.87230953102613
106.90603258373356
107.00293396748488
106.87185490351604
106.81656814241812
106.7939512410929
106.73189931091704
106.92979954954208
106.82263645304647
106.78196671068652
106.91511495429421
106.96154897643592
106.92887678190353
106.77029149451077
106.84768512741033
106.83560650288263
106.75479621444205
106.78558752719537
106.60947396860686
106.63933708053412
106.48342425179113
106.51560540880888
106.5351556896973
106.58491194623905
106.79993105085926
106.82457990469841
106.83683390554697
107.03558892667115
107.00434962260037
107.14514969518059
107.26304495187861
107.13595932367915
107.1214780052158
106.9880746394465
106.97726690319546
106.95876932792679
106.86983304921894
106.88057788600346
106.96017629144468
106.92941481939621
106.8377092068426
106.7145621817622
106.6068932429712
106.49639004239293
106.45361554037363
106.33747592951305
106.3482482359683
106.29608653992862
106.28409198833528
106.27271742873769
106.14753935793809
106.19432449654781
106.21456413973206
106.22613373038706
106.29910842402347
106.3136231011562
106.38154031079475
106.49137531184387
106.5666369923088
106.73949559738698
106.83591120706971
107.02448954004772
106.92821714047935
106.98157858435782
107.13131319408714
107.31758711508293
107.15242128707152
107.23659742208497
107.06983474041398
107.26596025194887
107.31000990759809
107.29756685578035
107.456933711511
107.32311349974255
107.46495291109052
107.34068529488779
107.22277806080177
107.00562661014358
106.978925998318
107.00391642415862
106.96337338345867
107.0325991155431
106.88265927427848
106.85219978430712
106.98270966791578
106.78831309481737
106.80222461123272
106.78919788568471
106.68587464040324
106.60663577799485
106.66148637042052
106.74171361368224
106.87308693045124
106.69238589145944
106.54141595330832
106.46975030530427
106.68509536290475
106.81290584501946
107.01254131874548
106.82366363484779
106.95729051697785
107.15619826550346
107.08989273997966
107.10568535873844
107.02735755792058
106.98860128819796
106.91129972447177
106.7780657759394
106.88558702843798
106.9943067085681
107.14255662618126
107.24574337644707
107.2263501471249
107.24242877229793
107.26243194783375
107.24750162608741
107.45584639365005
107.29450183017266
107.4924559647972
107.35029725882914
107.31609030661933
107.30162385872565
107.32899519446465
107.10607851598112
107.19747063553287
107.13793373132873
107.23747200346129
107.1883484003464
107.2775114967028
107.23346218023767
107.27930931745983
107.11358417013818
107.24922289988956
107.22131535448165
107.34787199468316
107.41100698157499
107.25036699093894
107.29712143677239
107.07805822490737
107.09386018051518
107.10775742800708
107.05531979449884
107.24473567940916
107.44824697525627
107.31056151041885
107.37050840090474
107.38338327759834
107.52950861324862
107.42605892191621
107.52865246058639
107.49314120364798
107.51072894106177
107.31705590314984
107.28049637511403
107.50277224968568
107.49048986408417
107.42478831717065
107.23490233407301
107.33338575953796
107.42826461692
107.34936947933603
107.33639944013859
