6 0 0.0 1.715307787773286 26796.558948668644 2.1339619881190344
103.29961219115425 103.47382189313255
103.57469386991612
103.65517620572543
103.7852241144093
103.66136562963189
103.67575298122607
103.57026751008112
103.4491329013858
103.34221203903188
103.13323635468136
103.05932501656373
103.18106892447649
103.12299303596252
103.01387510914967
102.99634959605034
102.78819200147903
102.8007474856537
102.85014075065634
102.79146229164031
102.93048559897048
102.71743410920446
102.78409406078873
102.89920007328519
103.08352642830175
103.12349872134719
103.31205395331517
103.40367823326692
103.22626687980498
103.21494033050097
103.27539534863676
103.31911102174301
103.16226412886296
103.1819120873995
103.0004143149402
103.12009277874503
103.29619685482653
103.4226648877482
103.41230687153774
103.46143729561638
103.25685361007905
103.28644050784608
103.34479904182987
103.40611702902066
103.26168797019047
103.40595490840569
103.41948022717511
103.40297122748798
103.35407072962302
103.30474462780872
103.32372622141607
103.33780572928178
103.23630395675622
103.42755398485943
103.48026146138574
103.4154861645882
103.3195637844031
103.48783644000406
103.39654823236661
103.4510728903795
103.52514091330958
103.5033896040511
103.56746674777158
103.45673896787632
103.55583646949766
103.54061844040642
103.39404535863385
103.45298173147161
103.31962955805487
103.15121313577349
102.98533039315545
102.8215561304296
102.89788475758257
102.73750288916861
102.78956750823968
102.76127838360529
102.82210023221086
102.88692270095713
102.98216595012433
103.15053987963803
103.18342558168506
103.28845792359938
103.30140320227164
103.35015643905298
103.4876844888483
103.51255490056612
103.57997140438026
103.3882557558917
103.25330233466259
103.27548567410861
103.25525929953919
103.30939374789048
103.15382654496563
103.1659555953759
103.23534968894018
103.33527170396424
103.34900757820608
103.37427422473706
103.44720202942955
103.46991036087654
103.4813839887464
103.65349250116864
103.69857145459008
103.57916124903089
103.60343432667764
103.5313213358578
103.69124113221365
103.52679611731473
103.60439042910667
103.68652590898071
103.7192635743975
103.54691927218204
103.44847249430947
103.34911131344178
103.3855232453828
103.43226598861602
103.59256174794702
103.61954985706846
103.67921593805869
103.83104766167452
103.64141776838487
103.63104967854345
103.72479634446799
103.52503815451443
103.53740353389374
103.38341964702748
103.52118895871718
103.57690808659656
103.72217054243643
103.82487466912436
103.62861990391184
103.79182083287421
103.6070088660773
103.703507693625
103.52504198816482
103.498113952323
103.6102949739137
103.4625050457809
103.57832288004667
103.60167776967101
103.53981314791173
103.56438292194194
103.60134756403413
103.57705735184595
103.63010466301982
103.8219925603868
103.80895150943965
103.61558839865532
103.4345387951461
103.44491764649858
103.43365512035818
103.5117113434763
103.56257680897576
103.40752199278066
103.45021564708257
103.52803452311673
103.66525830815335
103.5500246366034
103.76578622606328
103.67108181783662
103.82960989444459
103.95191109146135
103.93589890503783
104.03766643345608
104.09520765536614
104.12917250976011
104.18636023859628
104.1720363961637
104.16127228632989
104.14559308755798
104.13477843666581
103.979172615471
103.9545504597529
103.7596854689624
103.71324744078832
103.55773920301002
103.41813382322775
103.47210379872631
103.48606633103472
103.64486872241497
103.67464644482551
103.785338745461
103.75999778837355
103.80426523451172
103.92457205131353
103.89058558987702
103.76784767784423
103.91372211266601
103.74525518758682
103.55416450646655
103.53669348569095
103.46438109972355
103.27379685885776
103.28659388092348
103.26973565814174
103.32234159764006
103.46098560657514
103.48425771239121
103.60199139252913
103.76719001180685
103.65409796187355
103.57012772309349
103.50578212805394
103.31763749860495
103.502145035363
103.47871896182299
103.60372265221913
103.58289192730007
103.75214505693255
103.55181815189655
103.63949438004109
103.65883152769203
103.82564100253586
103.84776767801995
103.9756702242274
103.86203153368268
103.78359878182228
103.62749902945893
103.61368517580696
103.75410563512688
103.5907518718596
103.67267793605166
103.83658285198968
103.84747932611961
103.79757070342951
103.6216787064687
103.48608883890631
103.34472882020951
103.3132802503755
103.33240712102752
103.1730946467692
103.16236817660577
103.34901846006422
103.13219858780514
103.19657433973627
103.1453296260478
103.1825392653081
102.97170176501788
102.89075846323732
102.83237546488331
102.8480529138632
102.88101856315471
102.89389760199298
102.91161472108622
102.92273823579161
103.06723674427127
103.14379588982283
103.15606826161985
103.29189101363002
103.19756507083915
103.21011862103711
103.36527857708647
103.52274873612016
103.68406805706884
103.54916576899741
103.62871866949438
103.73091079553974
103.80542306135558
103.91480717049348
103.97686700914178
104.08776699956631
104.12613438690612
104.07993043737379
104.0213646968202
103.84255606571513
103.80849117394263
103.82830159421701
103.83932209762328
103.70994864743356
103.72676653386829
103.89661770557603
104.04790699975767
104.09865289430117
103.93152148124821
103.84391333544534
103.81151314019206
103.92965986442083
103.98751086126735
103.88160486937159
103.75145138935176
103.62010491714084
103.57248824311861
103.66307665438056
103.72613927721441
103.81546191210498
103.84237484720516
103.89089082515984
104.01328244669277
104.0310886534412
103.96528389477899
103.97577054664131
103.94130276473788
103.89154155272945
103.74307471343045
103.72313113975383
103.83338933294907
103.85909842283034
104.04917698285114
104.01324950188177
104.00039537190797
103.96888184064403
103.99023840969313
103.82890312198384
103.94684773290562
104.00858561036593
104.16132179046099
104.068762491776
103.9989670383055
103.91972006463847
104.02256735618793
104.11004198293372
104.02979174691846
104.22089232507771
104.0150046354971
104.16148740552273
104.13804471199599
104.02148191445849
103.8677181131301
103.9707480227784
103.79522455020799
103.94465601920305
104.136776962055
103.92348216560222
103.77095155208285
103.75405333043551
103.9119587451792
103.87374081730525
103.86304070317304
103.99553163406158
104.03838490585252
104.0268424710974
104.1357530121
104.15726116641898
104.14310579907804
104.21813284759895
104.08238196886909
104.14851180812319
104.17558723015989
103.97544654879246
103.77702719186543
103.75003153379829
103.56822023472246
103.60441728533883
103.68691282350903
103.80360688386433
103.93591548874501
103.89600581999738
103.93155607337361
104.03026714147929
104.23209753432391
104.20475497584843
104.14693096660454
104.09887315641524
104.05292150274018
104.00639687965537
103.95624040015295
104.01905638588848
103.94088088095499
103.83979916167893
103.69482704721852
103.752518907965
103.85140762005453
103.95295588874146
103.87923647754519
103.95994823004602
103.81623690370981
104.00192747754465
104.17427915126055
104.03877409242563
104.0496499129135
103.89237762674777
104.07449469615425
104.14460870824048
104.17123568655688
104.01067119973239
104.04036173781856
104.0832745040172
104.11074659358943
104.30008915369868
104.25850053302105
104.08878156309505
104.30579047005074
104.38692667216579
104.37648755103234
104.25337910374327
104.17829124906932
104.16681107501873
104.27767659307027
104.21211384863612
104.2260861448944
104.23733310095804
104.27902122527954
104.07966404131895
104.01348954606786
103.96659507890584
103.75588212912858
103.73779869836117
103.95150261217098
104.13726917667826
104.11882578364094
104.17603242603302
104.29648285726539
104.1703703227608
104.33563606669863
104.46381565858651
104.45288705957194
104.39335874509071
104.38190418352087
104.29973319956213
104.32309600059713
104.41393598570765
104.28446572446276
104.06884496836771
103.95818566978309
103.91999853330528
103.81983875840824
103.80879400724329
103.9829010685269
104.00141273049131
104.18753110714364
104.31996593611609
104.53515320000427
104.54561146614314
104.56582310495035
104.43597609991323
104.41562811492072
104.53275275008794
104.52111020603981
104.65271746093579
104.57933197992635
104.56868699996919
104.65420417704532
104.59581352235125
104.57976433070418
104.62080456646464
104.40567815590683
104.39503720290911
104.31057698682761
104.3256759095741
104.42119477895419
104.24393304708043
104.40020839691776
104.3897506345909
104.35595639356661
104.52939778660263
104.42547666969838
104.21516696015794
104.0061767154022
104.19714838631396
104.28250731860872
104.34169712768282
104.24092454920655
104.29201023379962
104.32805133308682
104.36734135659697
104.50583631657419
104.55575130974425
104.59701097579917
104.7214839406158
104.78915127319841
104.73877094334635
104.70316076478186
104.72046958509613
104.86323229671781
104.78949550807783
104.90476477847453
104.8721864537421
104.85108125735178
104.74151071445489
104.69057482083593
104.67135783009205
104.70666861160964
104.58027596639079
104.36456341958485
104.50991135126233
104.46088348472387
104.5528521239534
104.53968348374414
104.3693888375978
104.17382588359406
104.20268906850538
104.21570134953149
104.26928233315256
104.38664829518878
104.39711806538405
104.23128216900223
104.24325116213916
104.4255292687059
104.5712634805553
104.43085362602334
104.36836147055263
104.3837118198024
104.4002070133548
104.37299210454414
104.40944694933557
104.54858324531556
104.61139648057974
104.64084277044414
104.6994455288373
104.58559728742492
104.4954309848924
104.58097067430374
104.45095072997691
104.58545603188215
104.55801619057682
104.54046164189437
104.64293956841401
104.69566240014386
104.5637892390888
104.58886972900501
104.69584886498971
104.65974686541362
104.82644366593446
104.80432871535703
104.78729723602167
104.8121601265005
104.78440295045537
104.77134985742947
104.72534960723057
104.7542443245865
104.6283618118837
104.59561617789842
104.42884660557186
104.55035191231204
104.53852478143297
104.69886492227705
104.66842651986472
104.6231526653134
104.58285370611463
104.52579526509372
104.48391273041948
104.62067522509267
104.78556154475561
104.61301991306617
104.55484928584332
104.61081363894449
104.45492871251354
104.6030505275571
104.56018504757799
104.69916989731995
104.62670726187251
104.55036781636983
104.56082851025707
104.52903796468865
104.60331089608863
104.56335840640094
104.5095142195614
104.3458584650762
104.20852282790173
104.2474073529958
104.11034607635709
104.08948433166846
104.21246879276778
104.150768020271
104.09172133436725
104.06516221478782
104.02401451268769
104.00338356027305
104.02464082597109
103.93190537538443
104.13704556304737
104.28428636558024
104.30461895966921
104.32613678645586
104.52941683967384
104.6170907562523
104.63159711099695
104.42366933387021
104.55569475045988
104.36679460180672
104.38906282606463
104.40748208675325
104.5449741841142
104.59405144745726
104.72520647709591
104.54739791972398
104.56591656456567
104.77294056897965
104.68809893511816
104.76193135430766
104.73994981639342
104.6454812476247
104.73934115335845
104.54247937896847
104.68538678705653
104.7269228857593
104.82602931986553
104.83702171557263
104.71335023275647
104.68818053289668
104.69972430245465
104.72511120750747
104.80971767161985
104.8473687177584
104.692423468326
104.71571688814197
104.89196964320163
104.84424106661464
104.74902057084572
104.77155567388834
104.93636860646097
104.94873654092734
104.86164318293483
104.90828625842995
104.93400536273978
104.88944481508435
104.94553394130662
105.07920308597238
104.97540828411692
104.96089960875875
105.1227370726138
104.96829133303802
104.89957297467943
104.85098511805576
104.83554337888795
104.81418619854212
104.77260002097697
104.8057486304717
104.66720737055
104.7918748299785
104.81655942263671
104.80053451856342
104.76570867923978
104.60568479356441
104.6264697674166
104.76823493260207
104.82513753841903
104.92413287949391
104.90731790629299
105.0739845513984
104.98412753896444
104.95630951011773
105.13076787224509
104.93112581459884
104.95914922304974
104.99774258414278
105.0934105222196
105.19442739286308
105.41024050990353
105.32252778968366
105.45625087184196
105.2541988628801
105.18236306595371
105.38371966083542
105.54161802701975
105.46915833275219
105.41138274186464
105.47247909639839
105.63176636917346
105.56260976793598
105.77452367661972
105.74251470368822
105.72486513244559
105.73844096278015
105.54296332159862
105.52223999488933
105.37100354768351
105.31973107278996
105.30719011434456
105.25489918333074
105.14441310680883
105.10941594318247
105.16825809783357
105.06228554652138
105.17113791198385
105.18688642840745
105.39176943266271
105.24666427336642
105.13644156574873
105.16274750546783
105.17838563852794
105.13173955773101
105.24381519679501
105.21089153973128
105.19953364227212
105.22319510396373
105.15034691894878
105.13983015236262
105.11573900313338
105.06592270197899
105.20108644518722
105.34148554441093
105.26843161915293
105.33671251011776
105.35759733230394
105.36900212263515
105.33031942350264
105.34273493604492
105.32190267396362
105.25400658368919
105.23822822387807
105.19741676981661
105.3105741052055
105.39201241965654
105.34929685082425
105.19973643890057
105.04803153040939
104.83348911325406
104.95149659581698
104.92444716468827
104.9941529133429
105.06837426125274
105.19940248408622
105.2523696979605
105.09015280845304
105.24606573164709
105.36247166146656
105.48164235446842
105.29178372828939
105.36235745576238
105.40469277518763
105.21825041180816
105.24601729167662
105.22911476533199
105.35940939418151
105.4169423346111
105.60761777120172
105.80615336542664
106.01776324758674
106.11872129977472
105.95440840466807
105.97336506292598
106.0224143340809
106.0020345899173
105.97538477886806
105.8613871525647
105.83920959471338
105.66682818602415
105.56816246396718
105.78501349140971
105.62790511475814
105.58931687699175
105.51493436941149
105.48822726143784
105.30197103969947
105.21612431620737
105.23047137512545
105.20079487098864
105.28993804597624
105.27348108360404
105.11555970239858
105.27615371733201
105.31016949083622
105.49772840745626
105.48571141460417
105.55294676713365
105.53329713311514
105.54416444600889
105.6348456260141
105.826787564927
105.86790560405073
105.69815576031856
105.63293302869981
105.58494228944171
105.36829092266501
105.19362326623211
105.36920213763247
105.27300031948803
105.43046153504349
105.4872045940033
105.50456643538405
105.51512650211485
105.44098685571053
105.52294062721496
105.65999934342524
105.44278174767447
105.65656850030027
105.54599988613542
105.59373971523718
105.64623622389142
105.69650321608417
105.5701558211506
105.48841635152485
105.6777247712836
105.7073931294007
105.51836916470093
105.56380283241897
105.36313712173887
105.5366120354034
105.54907473817507
105.3722633935728
105.38280646666317
105.43396677734162
105.60413316322325
105.39373778015005
105.49805868868778
105.5864337022382
105.54471021088861
105.33671689138501
105.37903544214238
105.36615061991506
105.32696725423165
105.42921211901759
105.62277610129897
105.483053614916
105.5847659986998
105.39677509639962
105.45157978229192
105.55859190073143
105.53969151558869
105.59972543097365
105.47221605817731
105.63850733226491
105.5007580211618
105.54640642156987
105.42427075909595
105.46248807938791
105.51813603734635
105.57994371796981
105.41105252747992
105.51209483278238
105.69075567595888
105.63724379443607
105.78815894901562
105.81989560181955
105.79380733475354
105.83901588726596
105.80140842767095
105.84813331328809
105.83459127234418
105.84699288733536
105.8882098284689
105.91026148526544
105.83065668068464
105.8162398772696
105.91674862163958
105.82822365259666
105.6293203629762
105.73287500449862
105.75671052994981
105.71426369619243
105.86421028889241
105.78772390454299
105.84186050860625
105.8798715456625
106.0107126219243
106.03610491317694
105.89323950927815
105.87881278696472
105.8922929303565
106.00698039439754
105.85198299262811
106.00737373849942
105.8694075502105
106.0607810482721
106.13313562067674
105.92088280777448
106.08563962253777
105.93400703480516
106.02769967706216
106.01196196383466
105.86501757598775
106.07095148238392
106.01418849363387
105.8310807851554
105.84244662857638
105.88035982089666
105.72414594435097
105.91216264220263
106.05708919674962
105.99538269132103
106.07610788726477
105.89053623575859
105.79519980630504
105.65029699689234
105.58853007073371
105.53397154496318
105.75108791305266
105.7228210847637
105.54459040852606
105.43037362040161
105.28153438331431
105.31752751206366
105.39390558573716
105.38296800803089
105.59079116556731
105.62202785457445
105.63484818016684
105.75192074598826
105.80767910037089
105.97527701733155
105.79410768897803
105.80935749921231
105.85838808552663
106.05538057599469
106.226431556543
106.21387973351993
106.36188518310001
106.51840546785219
106.39937740442956
106.5511687993938
106.48420048911413
106.46102334158775
106.44890422383347
106.38514665723655
106.23403241861065
106.33801971179724
106.27874201605935
106.13272447414064
105.93534234990486
105.82475191893779
105.94842283710345
105.81995375988237
105.7871195251705
105.76309981902288
105.77374891052125
105.71891498490697
105.80719328257894
105.82727338646895
106.01288549322206
106.04993778388982
106.23121446123614
106.02465430781075
106.04150360173055
106.08407753601097
106.07172993798916
106.14970914634246
106.13891532464508
106.32979092559023
106.4103813511149
106.35061733614319
106.36244091226948
106.34627890659121
106.42029241330756
106.40933478458422
106.39501914467488
106.3822160896074
106.34983799629222
106.55797287095642
106.50982256977838
106.71566902534813
106.59687158611634
106.49461304957912
106.44484141805864
106.42889909531877
106.31934559890611
106.14090959241513
106.19927151232962
106.15605084613027
106.06334842670137
105.96734715623968
105.988485401609
106.12196112493307
106.30097487262029
106.18064973671196
106.15515730362317
106.18702239921397
106.22375666430875
106.27574954462824
106.28902852373561
106.16629033601157
105.99323601506266
106.16559778825471
106.22679091972246
106.13820544195437
106.036001400733
106.1647093225274
106.286739998023
106.33291017777867
106.45460412566827
106.49583346344166
106.51202257680877
106.52958846191675
106.5627591723807
106.61952245181284
106.71208275452196
106.8817182398134
106.71563286444396
106.73356053531818
106.5329679256585
106.47261808472736
106.45292198117444
106.42769167977039
106.2228351314288
106.29234613110785
106.10067893756859
106.18819004129446
106.1088197896862
106.24558050353248
106.2568266591326
106.26774066378859
106.31179846725186
106.32513528256506
106.27482866964992
106.3790269817278
106.25491779334786
106.19967205566273
106.2981132932619
106.19376585957414
106.30056185689135
106.24579996058586
106.28226041389814
106.13848004040472
106.34754080873692
106.32971530272346
106.43391619135032
106.35825215260402
106.39741144540437
106.38622304781411
106.29353761642331
106.28173382875356
106.4024096901648
106.30249750913066
106.2675618420928
106.25444867342618
106.28596573133024
106.35635912527972
106.4557899060185
106.54453192980638
106.65954728710392
106.70935561725267
106.77996552975536
106.72094070358018
106.59874703429118
106.58701552350179
106.65390392205502
106.63193208171874
106.54823051836786
106.52013822655493
106.49521391194742
106.47960449305884
106.58273354657247
106.46998070104364
106.52307789558016
106.35965875721205
106.4927941925232
106.4373369532536
106.32174705194137
106.53602567298788
106.52371370746928
106.42404037556489
106.46812068700387
106.60278242901961
106.48822269868742
106.4507408575615
106.6499238759851
106.50765617582758
106.55533396067815
106.70509661956395
106.84877735685427
106.80699591847996
106.79108119499402
106.59771449712798
106.43146677332619
106.46117049421754
106.57708975786178
106.62886407113382
106.5196752078759
106.5673499343365
106.6804814570782
106.5494510063368
106.70264683551227
106.60607350005698
106.62147918035957
106.68888292530065
106.63415176303012
106.66959219896812
106.86463333215423
106.85116694885693
106.80699817848311
106.6004813311674
106.77613406891317
106.59816269837326
106.3915478366554
106.42274217634315
106.37066747667701
106.35992518288552
106.30992431739234
106.25250106046073
106.29971826500623
106.26105942344087
106.2002432766303
106.06332021701651
106.08536047287083
106.01463879880872
106.11990553795506
106.04843456117129
106.13363413300688
106.04676442343815
106.12982638694193
106.14170052086003
106.23511717774637
106.25209359227756
106.26705223404896
106.40811758669032
106.4811534871426
106.46548583146026
106.59768899744253
106.70483889007627
106.56550555140538
106.58394151872473
106.41828256888724
106.39823959716519
106.50130209054575
106.69862935934071
106.72803843021973
106.7886185330366
106.57466517187272
106.78165032020392
106.85073122774256
106.91534704965626
107.13864028392422
107.11059826627633
106.96038906190451
106.88584048250166
106.73770434529514
106.6792913918808
106.66607192604866
106.60737939116548
106.61968008966427
106.54131917332788
106.5585853197935
106.57405363124256
106.62073507759519
106.63139849158686
106.74802507905018
106.89051783832977
106.73425648803598
106.91779773395723
106.93235655411803
107.08067540058367
106.9104939073601
106.80943110461324
106.9378442236271
106.8426968686377
106.80634174981533
106.63363391897049
106.43391181606121
106.29017016757975
106.4092279661303
106.2239157433094
106.18050160438699
106.20032741460217
106.31878585178968
106.45680318878546
106.65508161271431
106.47855428974536
106.58931744852732
106.60978065560563
106.7944498347921
106.97047334943936
106.93189483459948
106.81142335710207
106.9963136847226
107.08120121947407
106.93808957838887
106.83232413259921
106.77632055889727
106.84387025160584
106.6505009059574
106.72177713517333
106.57463883351654
106.607878381165
106.81224814757876
106.68327113402388
106.70000506819106
106.76470206424494
106.85034852589963
106.95268437558146
106.9385112186274
106.96941128594104
107.12340705227365
107.14285631764048
107.15678056129507
106.97901940395836
106.88664973500087
106.93618713982778
106.7902182603449
106.89460552805298
106.85272349868893
107.04378432453967
106.99673724333331
107.00848626954424
107.23249205682825
107.07527110773819
107.06067637252676
107.23308851691138
107.15427001515799
107.09103040495789
106.91254967504072
106.83144837795875
106.86106301755767
106.8196796591323
106.84039219956674
106.72930362038758
106.65983421399056
106.71633259275238
106.72808282900601
106.7393152355115
106.75348310813482
106.53825241943551
106.62956553394365
106.66579737564123
106.69484310506725
106.89622690322663
107.01499871507494
107.0271809655935
107.04855554789248
106.98153168337983
107.04241738906289
106.83126671060397
106.91297839103284
106.72233388474018
106.79614194745149
106.87582528332622
106.9070723717235
106.92475533512805
106.71871024977742
106.91410640736791
107.08389902942803
107.00967186182072
107.14460613037093
107.28598039563407
107.40821592772207
107.48551494775725
107.4290336789738
107.35137190731757
107.24079187300649
107.14873690250212
107.03903902317681
106.83537217400934
106.75855870551024
106.78053057757599
106.61363199184852
106.68654201731985
106.75508583154632
106.89023623143983
107.10024426556457
107.31993701759107
107.53922208100242
107.46543615084433
107.47650638486758
107.62585388160747
107.67192720604613
107.50662546495516
107.32352164633156
107.46177852631001
107.5168265013434
107.46246821756951
107.44725170708432
107.30906684803156
107.28031935671439
107.12393393789878
107.2546130214506
107.2310406355057
107.16133935922798
107.08785617039804
107.05552735874076
106.95393790005615
106.74959895719799
106.64153787357286
106.69441982536641
106.67562678468853
106.80910428745618
106.84169983403707
106.80595369862701
106.69461823640896
106.5283033559436
106.71000822686348
106.91989799031641
106.98214232272709
107.0328133559133
107.09819314170063
107.11046614598759
107.26157605312521
107.10515467626601
107.23112145438921
107.16821454142782
107.35800267114644
107.29815042942383
107.31019368661407
107.45014959414607
107.58024393219372
107.52950974651115
107.43810691624715
107.23639850528836
107.29740663259076
107.51586805634665
107.55658428415796
107.54500527314553
107.42806957975542
107.41726661338693
107.20433766594229
107.31862073138711
107.3858912599336
107.40367140604802
107.3446681166632
107.28953542862466
107.37235478041988
107.48360300053156
107.41467770818359
107.44133231014186
107.31961331569663
107.20952535307602
107.00251597635898
107.15517743674128
106.93812318852567
106.904735660318
107.0942577596902
106.99833636219536
107.02696445425302
107.15241984859226
107.24040424116293
107.26513926524608
107.2765294565746
107.31907159226796
107.38083968541144
107.22499826169702
107.10015589386747
107.0054818281109
106.86191035902523
107.04068125497948
107.06944315991912
107.16200890516345
107.04417770775366
107.2351136560544
107.4315099738706
107.46572213583322
107.48032113456058
107.60042678693688
107.43199029602555
107.39587676491168
107.36473581031765
107.33866888638379
107.16550197850214
107.10377850335371
106.9993814123281
106.92323024457669
106.88832777880161
106.86807850178754
107.0250972987433
107.1634589241327
107.10356363569612
107.29180654489579
107.38561270011972
107.36470192671409
107.278996458504
107.29009169997877
107.39169852049129
107.59513776754318
107.62596895486051
107.65754589517174
107.85684075284709
108.0224673288324
107.9915883470947
107.97939848880885
108.18143735022592
108.14336065423923
108.03809111978748
108.25707298976555
108.08374462071572
108.15654833320481
108.14521238620793
108.10757286410897
107.91968895653972
107.88338278163596
107.80742640410664
107.76676740828243
107.9556268553132
107.8086768792612
107.62164777549177
107.5171530004576
107.48184314943876
107.49980174003754
107.33647063131535
107.24856558013092
107.18614558307597
107.14706060793567
107.20399816617775
107.03334015883904
107.02154541912576
107.0361187016626
107.09719097493502
107.16494283475498
107.0085801827867
107.10015138657818
106.98243706729617
107.04545044981539
107.06350871598943
107.24386576346933
107.2591014351645
107.33961786043378
107.35621622340001
107.41283206837056
107.45370158731096
107.52893871944826
107.46787436760617
107.43261408584873
107.45668376391446
107.52684998813966
107.45324789408367
107.53319298874308
107.60316203676996
107.5536672261118
107.76536638747687
107.63456714588956
107.7585274951041
107.84222143262245
107.75034622142894
107.84239691188093
107.76668614216835
107.55223138275011
