0 0.0
103.72368685238607 103.56059181879988
103.66419797406179
103.5471960234452
103.50457451772897
103.42166275699408
103.36927026000777
103.26473023746877
103.08135549599761
103.09701094166822
103.1120276659263
103.10032922737012
102.98034507349263
102.9233118499799
102.99547891816107
102.86941332677756
102.78730330060425
102.79895597297177
102.95280381816717
102.96629635659913
103.06494893084724
103.26637962771119
103.3337688091364
103.34424274027901
103.21733552209966
103.19214820923185
103.22760178737443
103.32265377491463
103.538846820583
103.37915004575733
103.55495001480207
103.52487474576506
103.49179540656283
103.4813373544788
103.42588017789579
103.37949906612172
103.35523741946795
103.13847752239501
103.23061774767395
103.21391186639438
103.2314943175779
103.39766105212915
103.21895191368597
103.29602196056076
103.31486424171275
103.32542845302454
103.34350418958023
103.3568508451601
103.34453394184861
103.21682915516001
103.30723686843372
103.33097931760078
103.13186665516412
103.33222411448453
103.4926685939418
103.32805004411586
103.24160959318908
103.26348486135964
103.27388697859604
103.19104189587533
103.34534325625117
103.31151673903895
103.11686197832633
103.27812151781953
103.38454911559545
103.21745236065001
103.22777876550616
103.24705304370399
103.2574191598336
103.28162144320748
103.29869576309214
103.27442213868065
103.4201101834388
103.3310265102534
103.34408510518756
103.39098982801167
103.37978214687232
103.45911396716718
103.47115071117531
103.55387763991601
103.53971596434839
103.34799534941173
103.41109254121893
103.27928653296752
103.36558728393588
103.57013884849438
103.55738685130078
103.51696979132521
103.30346045706469
103.36440397212664
103.21075708752313
103.31984111139107
103.4984813053907
103.51807391369299
103.61635012774117
103.7244617346999
103.84341487921948
103.66009820143442
103.68299033069638
103.69459288260181
103.54253473510857
103.69851698871358
103.63949695908478
103.5819887563555
103.54369537619176
103.41419822711713
103.37818242220548
103.31436974685592
103.35526646436098
103.43612631191085
103.44647238295133
103.48293355188942
103.42467731353315
103.43847582555713
103.61221958873742
103.64983293544343
103.58561486005341
103.52328967042178
103.42746656032344
103.58370459333672
103.71539636529545
103.8446793773393
103.65362239230153
103.62415640031645
103.54627321422217
103.58546740310338
103.6863911211792
103.86359120954953
103.72357761073941
103.7016103513377
103.68819063550048
103.73986158365854
103.80428259537723
103.86949597377863
103.85302477064715
103.81637673725896
103.65526380292692
103.68363754561604
103.80540644826131
103.88010941222679
103.67079327626904
103.65003376723458
103.70948433798732
103.6275308370827
103.58610815244181
103.64163011362406
103.69334245676731
103.54868079464057
103.55905427957806
103.60312778532692
103.61496324479785
103.6347132889588
103.46332853231696
103.5085684510713
103.66904976635497
103.59826707192428
103.61043740088788
103.63792842125699
103.76040281290999
103.59416000744015
103.80348101796555
103.7746605978374
103.81132852028763
103.75242044286021
103.80110766027524
103.84957680851566
103.95289477510657
103.93483110143896
103.89954741125527
103.87147513669215
103.8608031815543
103.77047110469897
103.6654767676483
103.64431101568324
103.58407469976403
103.61720964239741
103.59635275633654
103.56710783318943
103.57758688033559
103.79002502107097
103.7610775315272
103.82670387230228
103.68982366453822
103.83518256924042
103.81778032313771
103.6899124939885
103.8215053875401
103.88688165851924
103.85029300704946
103.82565362221007
103.92152535215865
103.79451853722858
103.60335998229418
103.7685733713729
103.55598169261441
103.58528799000072
103.49471217774737
103.4657678985713
103.50621558957495
103.34137036233416
103.42843021822148
103.52520905708586
103.7140384003568
103.53847776017702
103.58703668733469
103.59783325883193
103.61079361373055
103.65513922070437
103.68927876816983
103.72113611701393
103.64685588491258
103.81003060917391
103.92311294099581
103.79378669185093
103.8050032491669
103.83456959174195
103.88429045543182
103.70406276014972
103.54208001299156
103.71445034977448
103.74160862562081
103.62368743405413
103.69532832909798
103.84336930923648
103.68828482870333
103.81264527901789
103.59799687988031
103.6263228893905
103.74994490653133
103.70698589821905
103.78748165972677
103.80401540636403
103.72124611479126
103.82009681907343
103.83800841560712
103.75778489863602
103.9616780548397
104.09543976726941
104.07536760308842
103.86406078830281
103.76764952094196
103.6218630381027
103.63702746533947
103.59510851288664
103.49299674286505
103.52827430132608
103.67217874277947
103.61558078212501
103.60521156496833
103.6825554376371
103.81435133484091
103.98474119360651
103.9015078756216
103.95836198326951
103.91311911752524
104.0149988817682
104.17359327021457
104.07141573264484
103.88707047267923
103.71541951288722
103.64194985558322
103.72186254874848
103.76498134036716
103.90749665825913
103.93271830812749
103.96136250169884
103.98327307168752
103.92313460800221
104.0068306369279
104.07623887170966
104.05996755178056
104.15370571054065
104.0143307434517
103.80489171532992
103.7557968439066
103.77683226638341
103.78979922646727
103.90765067343226
104.04371179431867
103.87470567198069
103.88654921442236
103.97712078162469
103.93280936647702
103.97745941729721
104.08524610131388
104.26633123331482
104.16386583485622
104.21030682846471
104.00048961509327
104.15038520622743
104.13603213694132
104.15972640977125
104.17978027646328
104.0319096118589
103.82943257877125
103.87795506481137
103.955285779058
104.06687723295536
104.2140603368094
104.17977379544406
104.19917759178723
104.0104122806479
103.89671032583135
104.05455719203935
103.87156742479935
103.81986867880043
103.75152657385634
103.70451331806359
103.57311619793639
103.70159322218421
103.71374558383789
103.70303383013474
103.52834843421027
103.39922532556622
103.38787813394023
103.31671440355763
103.333979066933
103.44383921519902
103.59376266361372
103.60549877143269
103.59203031792765
103.7026038788295
103.90740607472709
103.98979720396814
104.02525236273408
104.11858897054647
104.09655896449479
104.29616775089993
104.25196867924099
104.29710951274684
104.14250897585242
104.26840332699716
104.23915693155001
104.14456025638238
104.20593109306289
104.18052245108748
104.01943469360893
104.03010165846767
104.08075754895994
104.09424353199559
104.22106156088913
104.14516652544519
104.27209120714508
104.36417107542135
104.45524481573588
104.51361204695944
104.44086893461511
104.28065506115381
104.26810525191274
104.15612917566085
104.21123451102639
104.16895473618348
104.14881917549705
104.25133277986008
104.05651681102157
103.87048496006373
103.95733314230324
104.05812758412378
104.07382218667088
104.10326884980519
104.06867844172791
104.12264560167061
104.32373158836288
104.27042351191673
104.43774940939713
104.34280067018331
104.29283661764202
104.0921134740563
103.89280178775759
103.90963929378886
104.07673176145835
104.23373589336572
104.32742890630222
104.314148253963
104.15139818621005
104.093979428915
104.07290576739419
104.01127634046105
104.05665201570014
104.12155247825292
104.04301171724828
104.16898835724342
104.0262931919896
104.15283826675432
104.16552138110963
104.08562248119304
103.97945003261302
103.84260221127487
103.85329645979444
103.94157611648569
103.91687025660563
104.02721816752612
104.10436495529281
104.17227602550325
104.36569344561799
104.423464995643
104.53452477825242
104.4393768573528
104.4598988649217
104.444274747174
104.34358939619922
104.38193272595502
104.3925424944654
104.2735344195848
104.46767528739713
104.51279579661427
104.56083026389892
104.57352749862497
104.51912934680415
104.46556281090378
104.27367917379269
104.14589676027882
104.33649482837957
104.12484270216781
104.16698343877772
104.25923933792681
104.36689195596846
104.57610738399833
104.39235524859501
104.41407817904751
104.45630696058086
104.43546843509712
104.35106215059963
104.1423169143218
104.1981348618894
104.01776754186243
104.078074962535
104.17011145485705
104.33344182753062
104.35588770629244
104.30935377898338
104.3330560498017
104.34930377556574
104.37491136083183
104.56391005968868
104.74955601518393
104.71438786088628
104.64763978250492
104.61402174631264
104.74140917383292
104.71504484973478
104.6156481411437
104.46763098690548
104.44629524650009
104.26248891371465
104.19832662949938
104.30444678256691
104.17394938672139
104.32788347988172
104.37961061767967
104.3936429398418
104.51507081727186
104.53619585789308
104.50051270401646
104.53558263975333
104.74375791600926
104.78479413715606
104.85856238722926
104.78398028401975
104.98959841490348
105.12958008047433
105.07901559949005
105.00046364916977
104.79238401449729
104.825679359051
105.02871870310483
104.94336175996648
105.08475457916292
105.15729307403265
105.2527134086885
105.28082692072294
105.32506668896411
105.11587394473993
104.93706956061546
104.74231029645401
104.73177229077434
104.6166143131549
104.55999986362885
104.38391145644137
104.44579793136403
104.37839803162294
104.23498656454612
104.44833321285303
104.51216274282473
104.50162012997288
104.46973217988501
104.38608363037207
104.33854611476428
104.32595074691953
104.26447827588015
104.09742578647844
104.0276710015104
104.09459446143167
104.01690311815274
104.03534505430756
103.86250941913892
103.79480063464126
103.9412847447201
103.75687946566346
103.70950334269797
103.79654826024137
103.81786680284253
103.63929285351168
103.49005402678335
103.43435307235002
103.57362229097633
103.53389981525245
103.6489796691099
103.82942094030815
103.84169137592906
103.87136125206817
103.90711889553849
103.93146085092961
103.99658666170872
104.01449031736615
104.16610335621793
104.17670584670273
104.21654713783096
104.25091840968616
104.0929842095795
104.2004159665655
104.381352855053
104.45863187498253
104.5345446003995
104.72738601774766
104.77593294991456
104.66521778347625
104.61451479589816
104.56797425381772
104.63746762436959
104.52243655598753
104.53385494516702
104.75145461861615
104.68424746321358
104.60675375052942
104.81327947233163
104.82397558049725
104.91223668673206
104.7782744789132
104.59451991881318
104.53120657922256
104.5061319552534
104.60279096373962
104.65528248062526
104.51020780237434
104.57986907590572
104.72291984467441
104.82501221745846
105.02956587787283
104.9955206065977
105.12555442691746
105.2225323914298
105.15132234859327
104.9947461386806
104.96085793679748
104.83553885170627
104.79112360870258
104.68367539917448
104.86377851847277
104.84678707262026
104.8642745657471
104.84546404310001
104.74626333163759
104.8803580203383
104.80628229718778
104.71181151379444
104.68208828124412
104.55466180704494
104.44761239482071
104.64082324646874
104.62654223793183
104.60674557949277
104.63245948694014
104.51601024783078
104.50015428958018
104.55529386950543
104.47408843898623
104.34332869567072
104.3591658459389
104.4811240792664
104.59142861998586
104.62038932727376
104.4807162087668
104.3205015915594
104.33672688397645
104.36791333517195
104.48368064844679
104.6783038873828
104.83226898784919
104.92710762383147
104.71272353283858
104.69726314456538
104.66019354762898
104.81611932867781
104.67414299547687
104.5670474526704
104.55639292994529
104.37044980224233
104.5197926986488
104.70708692050812
104.69527606007475
104.7411744683991
104.75809482741205
104.80807688015757
104.7973083545361
104.77312505579162
104.81416327300573
105.01690871332484
104.95838878865602
104.94649388838458
104.88514081229171
104.89610953631399
104.87219635405171
104.76257880442739
104.92834383536346
105.02782958374466
105.08732894669355
105.09811989894955
104.96637314850014
104.98452304908814
105.03251114473692
105.04909316814796
105.16657729580767
105.21602708377786
105.20475458792707
105.18741363527225
105.1063435654885
105.09456031328483
105.00879762188585
104.79115178349204
104.92376128917087
104.85569832650002
104.64164781332119
104.80405069850815
104.8429467165887
104.6512495960219
104.78012340603827
104.99052723518113
104.8228519697455
105.01414788740473
104.99714952502457
105.18858317151306
105.21428173141159
105.24800440252973
105.08059680036871
105.11133600664822
104.91653272029423
105.06316765836954
105.26424530611044
105.06943075109047
105.05358252442807
105.12813636473008
105.17049677060484
104.95161687950048
105.07948168179092
105.25061203030785
105.27501624663326
105.28737653745225
105.26866028237428
105.15735726826816
105.37215662680902
105.23916179325522
105.22418453498236
105.1937400602939
105.16688737613921
105.00636064525524
104.95528105030318
104.92351492469587
104.71102772050166
104.80175494011283
104.95446104715535
104.7591993849906
104.89441442663947
104.88202448550601
104.9147523941142
104.76910764922413
104.8779593970951
104.95824137598453
105.13743356749092
105.07686238893241
105.05096938378267
105.03492271430129
105.06089719900736
105.1320785926078
105.30873791464786
105.38755527955973
105.37074345788993
105.57566845139999
105.71715435242938
105.85601828326858
105.79833582999157
105.70378484175914
105.85031314865334
105.86106004516635
106.01679462134199
105.79720823985058
105.9290985404603
105.89468203834241
105.88327134201094
105.820829395085
105.6835743173844
105.7470632224661
105.89710664367303
105.71502169792298
105.65523485591766
105.52113183728478
105.31964835956323
105.3039454768138
105.21686824915865
105.02285527781585
105.20138923931427
105.21946398682307
105.38935460400323
105.36979032313552
105.29535345238376
105.26114631170704
105.27729105967339
105.29663805341887
105.24215840918997
105.03241278604978
105.21015790434289
105.2298715350545
105.3414150083142
105.31235910554865
105.18301691187708
105.36294375472754
105.38368694601523
105.33527480563684
105.38330690829906
105.25006279652403
105.28383573065163
105.35273300731427
105.36428330977385
105.37490975100405
105.30424230022241
105.43311767037075
105.57050350562247
105.37856758662375
105.34623092776215
105.33181039990555
105.23663041953323
105.36004674490924
105.30899334143386
105.12226171072658
104.97289985928035
105.00576802944725
105.16995223309551
104.96064005289443
104.93493251928737
104.72378451021024
104.76578416690455
104.72762111761588
104.61526059486337
104.60179705716861
104.78275070671675
104.95673849745428
104.90633048334442
105.1015233289893
105.14620054971937
105.06363169637933
105.1111041848664
105.27849576323608
105.16635824271476
105.27419858782572
105.17796907401673
105.12499723123094
104.92693970811735
105.14112226645666
105.12926456518628
105.15572386100561
105.14519366793667
105.16229524681505
105.20268643590435
105.24776123482448
105.45597904018206
105.63611398865932
105.59418762602448
105.57253853021211
105.60049882689823
105.62851135863725
105.61375778209248
105.43315164786046
105.41941238288918
105.5290484022379
105.54765999246808
105.72550297297195
105.65914179554291
105.52368815580039
105.3288273658862
105.35351388446698
105.53757930969647
105.58380646465066
105.6270284302094
105.48397713761663
105.40211708273165
105.33908515756428
105.48490591592589
105.51198080305446
105.43790434190994
105.22430160916352
105.1698483890175
105.08441677486604
104.86767178411968
104.89903092564658
104.85536287475055
104.70667169526038
104.90509049785513
105.02427556689072
105.01079654293824
104.98881878010734
104.95682485405706
105.048870539146
105.09031952855825
105.14431101248023
105.31278531322194
105.50077803250882
105.54518420921957
105.61568902468137
105.69001294215141
105.71004298253736
105.65821772879865
105.7395282280411
105.70782623236406
105.51399550299637
105.48968851502221
105.67129738178272
105.65521336008634
105.5485437067443
105.58886375452812
105.70594790736561
105.6813124409108
105.74351641462583
105.81132113486571
105.71624439098066
105.6920002113429
105.63311253608141
105.65502107984662
105.62134602952014
105.52145272249679
105.61652971219027
105.63336663044842
105.79092291504723
105.80591937797891
105.76643806642286
105.8047051469757
105.71562627487197
105.79978988988636
105.78040544671475
105.82007152552916
105.79693979085354
105.81824433219238
105.83603482945286
105.8671876104004
105.84757354487355
105.82076592264467
105.71546222575218
105.62475089412752
105.50858470182646
105.45741058277682
105.28264199171107
105.35321706679372
105.40555699580908
105.41640483157617
105.5428497398817
105.56912907991105
105.58745564252959
105.74964334831506
105.81964534464906
105.84067883303958
105.95994766500941
105.9308718470814
105.97076747553679
105.85300969760955
105.98604195469733
106.02937077663685
106.01641672055689
106.17336255240129
106.2276287896097
106.20226525048302
106.19074869498439
106.22718805560399
106.05558062005183
105.91585314544811
105.74200060190819
105.61409415606389
105.39404525034985
105.45735643548679
105.5592912473676
105.3401830604252
105.44710363030595
105.62318311606855
105.69420499484443
105.8374312177034
105.88985333911835
106.01107716741001
106.19491804477528
106.26822472937391
106.2531790522831
106.12842463704288
106.07352492758645
105.94423533430877
105.7791618789392
105.76407985818813
105.6448914748348
105.65911900589676
105.68257667562521
105.69416640689421
105.86669959239575
106.0645784105248
106.0292364174013
105.92397059724459
105.82439786206527
106.03583013526438
105.9106519349436
105.8877746696585
106.03135205562803
106.00543757993307
105.99376288392192
105.77379479904805
105.61699679700878
105.79257366923667
105.87043660341735
105.80812488757373
105.93919537913062
105.89056540820997
105.91675861385245
106.09072339242478
106.07076396245091
106.05147315589014
106.00094208008976
105.97723652382882
105.95015170751577
106.03329459914723
106.01150762771168
105.83696901560658
105.68975164683448
105.58829658205242
105.73602461850344
105.72454454339973
105.87774033312589
105.859248457928
106.06453985892995
106.11478598469242
106.07033936308389
106.21614517313267
106.14401440044483
106.00107339070058
106.06840658601725
106.0118084042499
105.96232591070367
105.78770346359074
105.85409477607011
106.04766732791829
105.94382478180181
105.80301309626718
105.84355175580666
105.6679438190096
105.84525362271418
105.91740048912959
106.10735146606096
106.04580186379876
106.09590063922909
105.98633307022455
106.01206081313292
106.05591908430168
106.01809680385041
106.00747320738257
105.99229263099964
106.00524636513096
106.13465985261506
106.15719234870636
106.20268795625329
106.3684263134358
106.2754558596799
106.25669627828027
106.1410709987636
106.15911215704692
106.08625486940564
106.06056518182811
106.03167422111747
106.15969586218759
106.10901597384809
106.1726360868522
105.99430756977785
105.91112339778584
105.88028947384211
106.03485193449174
105.97907423557301
105.77831763537772
105.78992098193645
105.8065049498507
105.87569412084146
105.98996475024158
106.08914112995284
106.13199114838132
106.26529823825813
106.20046023360021
105.99329624632124
105.81913256240928
105.84125525927095
105.7424568960698
105.69649404292092
105.5629499699889
105.60004864566595
105.61509967442156
105.63140059918781
105.75389028694613
105.9026048925396
105.68255661507052
105.82008567253692
105.98212587831023
105.90693996277432
105.92212793567268
106.05574576839179
105.8338919245658
105.84837951043409
105.7290736934493
105.78871839883674
105.81646893807132
105.94340069438601
105.9642228178
105.97725168799971
106.061959421339
106.11075405845874
106.13931426149087
106.2635956652086
106.42938052757768
106.38096928904665
106.55189006691019
106.54002992456385
106.46560372565607
106.48054433256198
106.5062873793513
106.46337094969547
106.44879941273949
106.42830280760744
106.23230096771306
106.25225891643288
106.0999783215255
105.96361245812137
105.91766661594649
105.9044133636812
105.92101770349068
106.03112862835331
106.13065386885613
106.0794076962088
106.14266811047283
106.22472944769841
106.13548055977276
106.04749121940092
106.1130967438223
106.14702375843997
106.0104815263024
105.97707865733177
105.92801391230633
105.90358407627834
105.89281664415343
105.97757656106438
105.994261615262
106.12674486063725
106.15489957501512
106.30674747008011
106.33013809729901
106.44258703762486
106.48803437941262
106.67972639987248
106.62182008741877
106.67797025935067
106.76078963539297
106.59534703065644
106.81135418987701
106.80067096099536
106.70816579522827
106.76453986230479
106.70109454862
106.49270304691693
106.32235842946471
106.29644454840485
106.22601577333414
106.29372507345597
106.50409527199604
106.59289780190623
106.77348834146991
106.74180207985692
106.83416418090547
106.62984396707346
106.79664038122034
106.82537312426035
106.62266557471477
106.4420190802477
106.6010554247433
106.6919101179179
106.64813627779182
106.65896936425068
106.44576592856023
106.41303260967251
106.472493423948
106.25715756281076
106.3223201632497
106.13129847524502
106.1091440424448
106.09606596688712
106.04646777756686
106.08423765918724
106.12592403321479
106.27640646187471
106.28877821497018
106.29940781411706
106.39323562537867
106.60843811072233
106.68191465152893
106.52838478397392
106.4885285284081
106.64965353987306
106.49917477326073
106.44752183459609
106.46066665749065
106.64366565583455
106.81388430486993
106.85496453216435
106.63179236436297
106.64405966733017
106.60532752620374
106.67469064206978
106.61389561197515
106.44226568835393
106.5343195555149
106.44167826271513
106.46325740575935
106.44590787809923
106.52806834518623
106.43928669351305
106.46940487942763
106.50481912443719
106.30784207656434
106.17028208243401
105.94885485890666
105.7616260707179
105.82611814329823
105.64872803561323
105.65951448706848
105.8260525704278
105.99436894135656
106.06063306856655
106.0948981256793
105.98210966330413
105.95813366725456
106.02024177252028
105.96253102354277
106.00913373842151
106.17555455439073
106.04386331969499
106.11842831188149
106.09755398153193
106.10937458224996
106.29736120531304
106.31076442298611
106.33018325046119
106.36469463779268
106.53612409006365
106.55656665939193
106.62495144762693
106.50036041261592
106.64583012051837
106.54197622443012
106.76134447593302
106.79547749291012
106.72740776648769
106.59629897887586
106.61654985890272
106.47841042007607
106.46776026643542
106.42976136736016
106.62747422260291
106.7324648443258
106.51565984719834
106.55116923407184
106.63602219711407
106.54482977929895
106.60291826569888
106.65243568267775
106.74304868341446
106.7609459806011
106.80083457508643
106.91420455557736
106.87342103077438
106.73387903585174
106.52501061634663
106.7344558740367
106.64917760184463
106.55306012304503
106.77498162619996
106.57651075631755
106.47978356146747
106.64872832515421
106.60882805001121
106.5646170921385
106.5996480260882
106.49495950268862
106.56628946862986
106.73319861927249
106.7498738119209
106.66081754665451
106.67159416310656
106.787384116913
106.95888467354071
106.76279529531286
106.751722737839
106.85863754959155
106.67117940238718
106.73985013450407
106.61169646495253
106.74767779432946
106.94821484733832
106.93138190360027
107.00702847832554
106.91955039690131
106.8610411417516
106.77499998648193
106.80684385175624
106.79536864569832
106.76812504338555
106.66955722357812
106.73340913576122
106.8006623493787
106.77251094584689
106.74738046178601
106.76264306543926
106.6317722396712
106.46494452794634
106.49762933279017
106.67557071601726
106.69526672181543
106.85233127812815
106.6281841624062
106.80421756700865
106.66034018335559
106.67297775740724
106.54512879378625
106.70027282881057
106.67898131829644
106.82435532808216
107.0269416721941
106.82657413244986
106.76698412813683
106.8696705558618
106.70688287695906
106.81623105995709
106.86542037843247
107.08317841784984
107.0570015766964
106.96470353413167
106.84115918444486
106.87951987587378
106.65920618227811
106.72457308860925
106.74058427586228
106.95504401649859
107.06923104325755
107.05199830056385
107.14706552614498
107.15778675309055
107.09401826973404
107.01206045227597
106.90776533641115
106.88701568613348
106.66864282134271
106.65333259666973
106.47385874404195
106.4918084967567
106.48032934671181
106.54869616482918
106.34940758455465
106.48689713063496
106.47429981390316
106.65342515579903
106.81515024856905
106.71410962039849
106.66985271777916
106.69637624380914
106.86462352076911
106.9609800092922
106.88532547243511
106.72708647223382
106.76815628302852
106.57815877417023
106.59524066089098
106.7009347772415
106.71420051737122
106.87016694088915
106.95003963702774
107.02449815070247
107.24200298304035
107.1516543131793
107.09172802022353
106.92836715566541
106.85168407835693
106.79408784536596
106.93163290317472
106.8373617594519
107.03732920519256
106.81582489022118
107.0183150578835
107.13267443121764
107.10803593068903
107.09727228620619
107.29315089133033
107.10158082192115
107.08140274771903
107.0003768148918
107.11044142940666
107.05695626554618
107.01842854453976
107.00762565828772
106.98685359669392
106.88606492444775
107.07098403934395
107.24894997263338
107.19859364309383
107.08168643896616
107.05821376648522
106.97455246544848
106.95744791607048
106.8915702792097
106.86962022028386
106.88044945956823
106.85467129894967
106.88016078266362
106.8282948195606
106.92450072515125
106.84325463559273
106.85431395453038
106.98399634969454
107.20646583786669
107.07255049568512
107.21683972179915
107.1602810553954
107.01979085939456
107.23208979045253
107.10484843168443
106.8968578039809
107.05975023792382
107.01512895317474
107.06426363878799
107.16953742481203
107.24110156067401
107.18058211660608
107.19378876986163
106.99186975220356
107.00929109759315
107.14017799728171
107.16282264838628
107.14560897933477
107.17068019621496
106.98935577415563
107.13677198697619
106.96869983595977
107.00340093589844
107.0564290489316
107.1456858648035
107.0926321571503
107.30286707746907
107.13997881472775
107.18554538138197
107.07043622580802
106.84831175755242
106.96904474421885
107.02286520394276
107.13863980418225
107.17377801218427
107.3506136573981
107.30463388050022
107.22279822813475
107.13807985127681
107.26493172478385
107.24353654493973
107.44198992612274
107.40161629111537
107.19678596069346
107.2722748242604
107.21175018081401
107.34195337190745
107.19194542353553
107.40873558733037
107.37301776488457
107.30121092172378
107.28882080122818
107.48199163389518
107.34718297323417
107.29764812157389
107.21434844784159
107.16675207247037
107.1268572435286
107.26744870985203
107.18229036339568
107.1048748012419
107.09368276560953
107.06872724363902
106.9739712900141
107.06121559443172
107.0770647201365
106.90263149908391
