0 0.0
106.45217112699135 106.3896673001761
106.36939947569984
106.27069974129473
106.33579400578478
106.25940183980521
106.23459452643611
106.19543252259223
106.20901776628544
106.28963182317085
106.16202029117485
106.22006560397476
106.39171003799598
106.42126674411405
106.48251250007749
106.65362706221396
106.51795540438813
106.29950788919899
106.28440155345463
106.25718296562509
106.2295887027697
106.19461716949448
106.30887120462454
106.1311350937489
106.00341643965218
106.1558645958186
106.17311494874284
106.24094035214074
106.25722316909534
106.43332786886134
106.6210007617386
106.74894918968432
106.76858088556224
106.56031301556912
106.50276192045988
106.39830010110677
106.34543669844886
106.33439411518027
106.25689341214861
106.28437567844827
106.34365098853927
106.31870913051559
106.26879221989532
106.17499004641148
106.34324623823454
106.31417020929649
106.35658833960296
106.3673637304718
106.3807855461381
106.49267946547954
106.35179229152145
106.18700281735931
106.4087515980047
106.52043673994622
106.54329170578222
106.4892201501741
106.32745867849638
106.31027163557938
106.35213916060916
106.31894756341634
106.37806019894151
106.3924916742753
106.42161105124185
106.59036843865687
106.68521262718077
106.74157274053145
106.67467828958735
106.56746390412987
106.5390868472782
106.67765923271736
106.4581799715355
106.50532772534493
106.51851317304778
106.5507464666602
106.47249466668696
106.298587374095
106.17858242630861
106.0262468857906
106.11026124559174
106.17188988980833
106.23487469156899
106.04869165776414
106.17291737114174
106.13589232835044
106.19609311822691
106.21126059399135
106.33924505322913
106.44306333918377
106.30271899290273
106.36682677788923
106.27771087939655
106.29059775855214
106.24492306665468
106.2772221095374
106.43884677749269
106.50485502216964
106.65762834342713
106.72394115722577
106.73941820442033
106.70249813902036
106.86337715788068
106.99748583410292
106.97389551269568
107.074146051486
107.26517436280278
107.06328101281969
107.04722600920559
106.99849252696232
106.84027851600204
106.80513212403336
106.73521360329377
106.6647067424017
106.58455753473964
106.63586659531677
106.45222942094654
106.51251327240561
106.35375610203394
106.33729289040274
106.39165626397163
106.43307687866125
106.31250924860586
106.28511426590813
106.3887160034848
106.40523954905632
106.42545609336265
106.5109269868804
106.56664870546656
106.60590619192277
106.73435435930423
106.74504247250059
106.75870691916388
106.85296477170183
107.00407897510108
106.90543773510572
106.7827738920713
106.76063506096715
106.64949968364253
106.76213497167217
106.83877447790688
107.01837741464996
107.00254162957935
107.04624170591043
107.0162099119918
107.04431368392032
107.05765969391335
106.90832042041882
106.7501913530191
106.79710913599176
106.72031758359294
106.77047186884718
106.72061420285317
106.53341497395112
106.54561128718089
106.53246193756468
106.3189535037243
106.45088771187888
106.46777727397559
106.2636570777978
106.21698344239766
106.23990186818482
106.04668181780222
106.05905284811826
106.14735798991222
106.1605166301207
106.19079390085666
106.3796378922947
106.58913736459407
106.76645621441601
106.9009122494303
106.91275611076111
106.9825712316657
106.81706996853977
107.03408592924806
106.99504632678354
106.86042307712624
106.80240159427068
106.60902367614985
106.6555063945152
106.80330848135206
106.81617131873502
106.85542985811819
106.68804355264244
106.57646251468917
106.63429216052192
106.48752788486237
106.69225505963011
106.8982112749105
107.09836586843535
107.00002191631596
107.21388264889465
107.2015663398071
107.18920406199611
107.20488354351849
107.11970112093245
107.1906287017911
107.1793648800198
107.11752998451654
107.13446704051532
107.24441462187667
107.39954430796982
107.19318486164943
107.29118306169717
107.35867369933023
107.19053040056602
107.09069171786544
107.06914292086456
107.09925863136549
106.90350492491551
106.78513697498907
106.84257902135893
106.89916695946063
106.88709601793975
106.8348123760987
106.95079813560616
107.10103941488613
107.08418631490935
107.06094550576073
106.89957363264278
106.7282882347257
106.78450170314986
106.84298435711781
107.03332184314175
107.04771363418357
107.0281713609097
107.08076506284343
106.92339404563111
106.94596518536412
106.84945763489732
106.99367746509574
107.03390613300657
106.94605646113291
106.96113870484137
106.98439857673827
107.04678656787875
106.83490711957492
106.9779459341206
106.88992541275934
106.97509542342108
107.01808693397746
107.1159786624142
106.92803945415817
107.0909975098289
107.15846496653313
107.1241373061028
107.24485664136287
107.45480073138795
107.30053400516361
107.38921279904073
107.25424902779484
107.23193069758176
107.06451503080712
107.16169657891852
107.1373014104625
107.22852826628673
107.0967503877262
107.05434317426838
107.01973264446418
106.99266599082218
107.12896110024231
107.00408864567646
106.8201439915059
106.76677235323395
106.87566001309855
106.8998513831626
106.75493776235764
106.61790371804884
106.83629416331765
106.75149633796447
106.90977663698067
106.92400783766556
106.94921945679924
106.99087825043503
107.00889028670179
107.14028620694188
106.99220259359865
107.01588618327911
107.12470854488525
107.03214700117417
106.87152708754624
107.0766796347847
107.12220510394071
107.13721509511495
106.93447767484382
106.98620481668564
107.15750050056687
107.2875640593814
107.23830490228511
107.2840712911177
107.1259719031473
107.13877858444256
107.06701327028881
107.126276747987
107.10962163583717
107.14014243492983
107.03913040443994
106.8596873643791
106.88385911716931
106.80243649481427
106.91387421114331
106.85692481820853
106.86960789989523
106.89655959734833
106.94247163952599
107.03320800857213
107.02197367106156
107.20907686912258
107.328061483352
107.28388113189229
107.36444862829218
107.46990353782085
107.45838518532764
107.42103572746795
107.36388338309966
107.37839079461999
107.25750302250162
107.24529509797266
107.4469135440939
107.6291289313624
107.69237659533401
107.76901954838259
107.78254758423864
107.64925172393603
107.5952299242394
107.45113977558015
107.28878044908494
107.32229169264924
107.34334007086686
107.33257136998103
107.39883968187556
107.51187417643233
107.66890860575492
107.86913570623729
107.84543587282657
107.62177119367712
107.51204617193862
107.54066874128425
107.62656681403259
107.75738929887653
107.71504001611045
107.83596012145874
107.61842571993725
107.60261359789973
107.54463334874237
107.42655029472213
107.32657563143079
107.2720936011104
107.39720444821782
107.31127021512833
107.36613132804972
107.54084718832976
107.3168178537163
107.32761304147685
107.52612817270176
107.50651592989878
107.38287720885398
107.21037886842338
107.17695358069105
107.31468374570758
107.2734307982831
107.25421981148841
107.18154108823579
107.08991734741495
107.10898168639795
107.17944251150017
107.20975284417692
107.27263902991075
107.40721600931164
107.55403983311272
107.57763451118444
107.49589975441813
107.61941666705644
107.50974053455307
107.45589238452922
107.39453480684641
107.46774074977534
107.49487081709806
107.51959472563613
107.53788916899086
107.56736938996151
107.55630607773418
107.35834815192901
107.28109319343038
107.47591422195492
107.28341592870275
107.25789979641823
107.37124981217454
107.39440960188901
107.54982795778407
107.49122722948248
107.62575390291565
107.63655016730254
107.54810377992756
107.48318876122765
107.4673236423712
107.67818467702166
107.641704570952
107.74525939846612
107.54437098670893
107.75645444267694
107.59673931180299
107.65734847567138
107.75700793319648
107.69253181044667
107.49242896887084
107.47831864404984
107.56373398104867
107.53790138154392
107.44271051073602
107.39833312939523
107.41128739964057
107.3130075986301
107.09501718315249
106.87719845988099
106.92194390474734
107.04698896851674
107.13969846600679
106.91644550020082
106.71954308984247
106.89828821863009
106.75974340637593
106.77661597435703
106.93108006732756
106.94206246007664
106.98142293936243
106.99485049739877
107.00787398684922
107.07486892304273
107.1080781112068
107.21867294667948
107.24268597864842
107.32512791823002
107.5203297968923
107.53110068428163
107.66768726328436
107.61887048341308
107.60725523256465
107.46998981414201
107.53732340398153
107.69722766650038
107.79971171436786
107.68871858173348
107.90471886118625
107.87839811732528
107.79451799340755
107.8310552112662
107.75595001821883
107.93173984512362
107.7915950851359
107.67620669651299
107.73447380757506
107.69358115696903
107.56488438031516
107.5152585360204
107.54156092034314
107.52683026337779
107.35531053551668
107.52420423893618
107.36456385654257
107.50701808963056
107.54652150646017
107.59846170227586
107.62838259152855
107.84523471952383
108.06050821970342
107.97955263845948
107.95817287490033
107.81145464811428
107.73842276301697
107.81035165819479
107.842397333541
107.7630268958491
107.93828864167908
107.74760428954743
107.87442539496323
107.65958228692132
107.46048592958127
107.32322044069973
107.36537111926064
107.39354857751249
107.46099010771367
107.54507842918802
107.71947252093737
107.69675324104392
107.5973901966574
107.73338171942989
107.52309461411235
107.4927653672737
107.56502306565761
107.58250409313892
107.68543601034402
107.77739176068192
107.7923949992545
107.62260421842768
107.77648200804478
107.82355703239503
107.92459792302661
107.76977488953406
107.80384642291018
107.87314914973658
107.76039004284317
107.9859551684087
108.02556937324218
108.08784326713761
108.12366617086151
108.10327665231391
107.92153018476961
107.90715251118192
107.71735471027834
107.75765641348701
107.70065055749899
107.64446150649411
107.62900009510705
107.74185991978754
107.7056524924496
107.57174791049488
107.36536408714132
107.35191306270389
107.39515673143332
107.47459946182238
107.51011344394071
107.54966336023719
107.56928656253392
107.63347464741273
107.47477010785886
107.53797868341039
107.54880478223278
107.59542106153187
107.57369814419371
107.68026250520661
107.75963155341998
107.86752245498485
107.74981265060244
107.91622788810723
107.8989359715436
107.85233986327658
107.76377298842804
107.87040689702152
107.91718781549116
107.92862990660272
108.06251875448402
108.07348208030629
108.04108766156199
108.00366584514632
108.09979011618573
108.1242673500184
108.10547212041375
108.1461339065834
107.93055131769067
107.85793340384137
107.87741504338842
107.73573584022749
107.75333130279718
107.91597650601392
108.04691282250319
108.1470045892218
107.92998931358666
108.08364411350902
108.03118059086292
108.01341814448675
108.02546249134166
108.081816884727
108.11476610878564
108.07825069383364
107.97094376628725
107.98266928266271
107.91125514031154
108.01753987222588
107.87248622515227
107.84770154057775
107.87006375442103
107.83318440373398
107.81674918515189
107.62348004368401
107.67839463663479
107.47195340925133
107.38230066188527
107.5067797034598
107.35751719633083
107.52170109655934
107.5415367783372
107.55722781601969
107.70384926871036
107.88489991589107
107.9009832816056
107.88397224878948
107.82545977742954
107.9110378330516
107.98211927051194
108.1523241354951
108.34775071286182
108.42210023918052
108.3857334934048
108.23481612151971
108.0696590742188
107.93649535590183
108.10124353479925
108.0157537918036
108.22116565450489
108.03019221582997
108.1724918993034
107.99581092413214
108.04271924453471
107.82582892150097
107.79562355577787
107.81958137841573
107.83499126391696
107.78895301725241
107.941826529319
107.96243058082567
107.93316932892826
107.97647130726132
108.00202769591
108.13248706644237
108.24506431108608
108.2655316476803
108.08168415025719
108.20222967676175
108.175698731212
108.18824941263185
108.26883089553503
108.22112934404412
108.07008426011382
108.08668445870295
108.03031127172892
108.13539951429368
108.09624597681928
108.16073026483434
108.2441352184825
108.36340346108311
108.15081200530655
108.16864707746288
108.28501781112487
108.2097374850825
108.18932337056174
108.12316180639161
108.1033541094581
108.14081290685422
108.2461575151279
108.20146074955991
108.07920673469701
107.87841056133733
107.9047415987286
107.85515014359584
107.99415461336575
108.15394723296293
108.23619380315557
108.02739461092322
108.12058896230958
108.24138761425681
108.2540274122968
108.22820005897715
108.39740813614198
108.31732117156858
108.09048346060958
107.95182503821638
108.14569627523291
108.26392409871737
108.38062243644887
108.39489696312377
108.49240132015673
108.53784232662605
108.51377541933184
108.48974497647148
108.46269788245347
108.36069932461533
108.38531241411359
108.28858121845903
108.20710708211861
108.17933420110411
108.3649623311238
108.20909796410696
108.0873837871346
108.16180485803254
108.2432489380328
108.12452447070275
108.14095915151731
108.05327904601509
108.12106773568577
108.02708056323591
108.12054569781864
108.13163700266335
108.25482728481039
108.32214560865665
108.31129297696253
108.33365764405349
108.4434180666685
108.45672425055574
108.27819135411463
108.15670705430875
108.28486222615255
108.4896744512418
108.36952108038365
108.46450857845727
108.43665797599687
108.6329869100869
108.59674102133806
108.70509191529277
108.69118384642437
108.70718434221394
108.85850506637794
108.71750064282426
108.5329331715595
108.33877349068311
108.32584674293517
108.47803875901842
108.39114264617102
108.47402676091575
108.48515151797521
108.52508532482959
108.49206714548438
108.4270426206331
108.62072205250531
108.40915928821765
108.48204347702384
108.28340462049665
108.40393351624049
108.42021104528148
108.4319514170632
108.557966274785
108.74404697079927
108.7123407164387
108.68353005303108
108.63744074441925
108.69172196582785
108.63036156161424
108.419415494401
108.5940766591262
108.58232121825314
108.5714369157387
108.42957624182675
108.60158378530909
108.51082585742611
108.34744178853012
108.41425418863925
108.3478905963135
108.45312069111237
108.62215777123059
108.65955875033573
108.71725072808059
108.75948804118681
108.95058805168587
109.12671908675243
109.20850457254897
109.2963463974468
109.12910599000094
109.15357915784894
109.3630118679403
109.35142921405709
109.5155629535138
109.63581723478843
109.79339274718146
109.87360518716281
109.86245165358979
109.851378301417
109.95374167266293
109.77560985684376
109.70189404149892
109.71882961042088
109.69783154015731
109.78610010735032
109.97332835182245
109.89335151235902
109.98949076901214
110.07262281064284
109.8707309683957
109.96807350131084
110.00948492388412
110.08150385312463
110.20806636232426
110.27549178464652
110.22196825529939
110.14634445133687
110.02674062071172
110.01441794526818
109.78860634015197
109.56184623375925
109.66248110761519
109.53792605176885
109.47394953021697
109.40939322858708
109.35261874557327
109.54352054277372
109.39127650950495
109.19764349105795
109.06466877648764
109.04768476297862
109.03602871760906
108.98579454246735
108.87710582296184
108.8338057245273
108.89208272219912
108.74948062075217
108.82950234560569
108.72038613065727
108.73497497381915
108.8028208378718
108.92746636863939
108.99607530880675
108.9791275856765
108.99061502042366
109.07068996538689
108.8609495861216
109.00493993326694
108.93049048623114
109.11262675776946
109.08607166396267
109.06257776827461
109.02562308273271
109.11929586089029
109.07825098651267
108.97226152670912
108.76825819073409
108.77958246755351
108.82437747901429
108.98827311562512
108.7841730365015
108.8367819247164
109.01184905273922
109.08130171937665
109.0381003878588
109.1100572417895
109.0389779080626
109.12086148860354
109.13411128252362
109.17476029227004
109.33009162306696
109.12716483120398
108.94725279106895
108.91765561029878
108.77438748505777
108.78721868587022
108.80690385609911
108.76895518404113
108.6435172960327
108.7206547610705
108.7426229016785
108.7903798627086
108.83136184465167
108.96186261098777
109.15504797961202
109.30743228833254
109.21291210425
109.04439478978766
109.06022963864476
109.15074706261346
109.11136608763422
109.13118476661724
109.22934743160273
109.12680943299063
109.10342411958224
109.18461954803007
109.13009838055713
109.3359267665759
109.46339044708978
109.37436057140486
109.30755243554653
109.14894015101021
109.34604631490274
109.32992312601117
109.18868824342083
109.17745961953388
109.31246736708681
109.1982013211959
109.1872455260671
109.28409192981444
109.19723326745076
109.37463189032148
109.36328072714979
109.33407151453409
109.1176091918084
109.30133386898828
109.2749650813876
109.17934527859812
109.22225609813856
109.13981325023121
109.31155807997274
109.24864248843706
109.14238378304549
109.20852865731345
109.30255684491898
109.09777068523763
108.93202573578611
109.0821817053221
108.89438138106544
109.01044134916211
109.09526784455043
108.9798567585994
109.09410297130015
109.29957589785037
109.08310697627152
108.99164612346878
108.83168598474008
108.77345037891445
108.67475856548901
108.8318810578081
108.94694318681779
108.80270080958341
108.92520276485877
109.09577141561012
109.1956557250083
109.38623414135755
109.19815346790712
109.11538928545016
108.92769930628307
109.09671705726204
109.12348714529453
109.13949109810387
109.17147049020235
109.39823111153345
109.54438318496008
109.70250070880248
109.81270393417087
109.78513947757145
109.90167102357414
109.77668428381722
109.72189340875764
109.67993957948286
109.5594582150514
109.38585756240512
109.3240656283069
109.25488175284038
109.23811235929773
109.36120987109571
109.58529803171562
109.52843432266455
109.3987631681995
109.60806130263994
109.83547153014584
109.77185206083979
109.73366323253039
109.89338880246798
109.88222439342277
109.84990649429064
109.83656599434838
109.70451912306721
109.5662967799913
109.64864157688703
109.50528833176597
109.44366854838789
109.29119683598717
109.3208067739875
109.30324500131402
109.50086218570257
109.33978231060134
109.32813596174549
109.51226831185437
109.7397347415826
109.66135018751822
109.43535961708623
109.64090091321421
109.41167509321946
109.26877709998344
109.18569685726467
109.34486951258098
109.4389947780438
109.51282855420294
109.5903824355612
109.36463035653101
109.4251402482388
109.53213111559874
109.58128207312426
109.62331261576651
109.82006043756043
109.7127193089493
109.89755892033902
109.7853815758171
109.76441489439922
109.86740045720165
109.7293725093452
109.64666831553276
109.50301045044837
109.53319670026819
109.4786928072855
109.64556117424318
109.46083121273153
109.51255716816776
109.55312604721878
109.45867487209594
109.51116030436988
109.70981811787213
109.79811066579794
110.01008373779685
109.89548264426911
109.71568963535543
109.6324293963573
109.66849555254329
109.70482723528634
109.8357996685989
109.72496874754984
109.75955894561488
109.86031937878151
109.66670569970579
109.73323031658099
109.58483671700345
109.41048438291534
109.44287696340818
109.60426140932526
109.66117710573194
109.74662525534166
109.84568966929761
109.82726380287993
109.81340430069841
109.8954483532538
109.87836894319332
109.80463536647075
109.87583042154321
109.65275118992417
109.49352568717349
109.65942922488304
109.49250424208442
109.4682652386284
109.62642235039976
109.70999502165523
109.53702228040885
109.71062667845673
109.62813781819838
109.64706703170333
109.86955244358805
109.71042922967295
109.7353700447427
109.95980051356811
109.8588913129965
109.99060656026819
109.97960579964605
109.93588303281179
109.94912718503942
109.92853268116971
109.76781255890153
109.77951088981297
109.57165804393352
109.59727377242186
109.67589658384098
109.46038697461589
109.47258549672449
109.5892680784606
109.41642653062398
109.29458387222334
109.37890745262057
109.43228316623964
109.4999443250464
109.70076831103448
109.76344684344093
109.89603017384478
109.90732397752609
110.01728622682157
110.14575546263876
110.16459422196374
109.97632513927515
110.04856071142343
110.11592551075167
110.13171803680599
110.08907798447837
110.11751240852176
109.97636336390761
109.9364205043942
109.98545025148987
109.76880992291485
109.55673854272203
109.78084102505669
109.89427775265925
110.01506284600737
110.12483957316658
110.14743719670314
110.20625918912692
110.17076917054797
110.01657964065825
109.94288683579066
109.91057364623215
109.87520180929299
109.73133789817516
109.83029583004681
109.80474091209558
109.76270999963906
109.77584417672367
109.702355868562
109.67857399528667
109.77342406830455
109.79707708084584
109.73055408222524
109.90318667516787
109.97219243740068
110.14981456650187
109.96580377626283
110.08922691523196
110.12621858067811
110.26122412891291
110.27978095216837
110.18992836346374
109.98371854161198
110.03376398922856
110.12726270136955
110.31190017543297
110.1538233791024
110.31864989966267
110.26834662672536
110.36956561600432
110.52221192003532
110.49352576926637
110.44586390183464
110.43469182067501
110.28678160567085
110.2744549346243
110.08070874165884
109.9170988930694
110.03775355557414
110.02476038683945
110.19715519596589
110.16425697471065
110.13458213385731
109.9647531315499
109.79119440494678
109.6387514693525
109.69842196894825
109.64596000923106
109.60540835386384
109.48808768265202
109.32556025306079
109.3455087485191
109.57296748264568
109.60439011240082
109.50505303897597
109.33970241866575
109.47867692412956
109.66688349041188
109.6782558325244
109.71898502480353
109.91274775852798
110.0010265424144
110.01415879552408
110.09348716442408
110.24368665537415
110.17598338363875
110.10953962058781
110.02767263980962
109.87074088695434
109.83080526750253
109.96267078604713
109.8364701237789
110.05512496851937
109.84650792996926
109.93330753443709
109.99133974637196
109.87168076065542
110.02591806662286
110.21146253866846
110.19903527588498
110.29439002552927
110.37223814860783
110.3468691707488
110.13360900320409
109.94474884224363
109.91027778667332
110.10371687399308
110.09145927497495
110.19103383384454
110.26991057254307
110.09100366247935
110.28729331698938
110.2726893282197
110.32064490603702
110.26641169037359
110.36271333505057
110.41460736320451
110.20751837398605
110.22387245456872
110.0664117782601
110.24823283943275
110.45243928844614
110.23961402764871
110.06327109019632
110.25136935047
110.4699818371549
110.40429951925287
110.18538272800224
110.20846927452129
110.13018989045973
110.21043975052132
110.27121692411754
110.33296331715694
110.2549830587892
110.47025589917992
110.31098535943411
110.53238690575446
110.43905767794872
110.51460144741284
110.70848106313959
110.69723847661324
110.64316467023811
110.5830774171746
110.600902734764
110.58505398577535
110.56749202625723
110.65644318197214
110.55367299774788
110.5289469409876
110.51550021550165
110.46726275185775
110.32185386519707
110.30223222602264
110.3554835072961
110.54622138883188
110.43073033369237
110.24241471867815
110.10079061907037
110.22785933278689
110.19564979558349
110.0607391656724
110.08154681573888
110.11331015575828
110.24139386695971
110.29821105416876
110.46481460976226
110.4532176564351
110.30356497643312
110.32491123133497
110.23198571147528
110.41956553169179
110.35919870030423
110.31934712229456
110.35182501787413
110.31940267182902
110.33367431568512
110.40122730058205
110.59300020685502
110.45855114922043
110.5256496584514
110.7409896928103
110.70463672788712
110.5531592306528
110.6225884759635
110.78177991780251
110.74049763585434
110.91420313952214
110.90311025479336
110.88268326350894
110.89398200994314
110.75311753261846
110.80152260671825
110.74523926680325
110.67610873783917
110.55499851045519
110.41794962485153
110.43897155239364
110.49839474344412
110.52913193831793
110.74407176769387
110.71162053207829
110.66083185239937
110.6957789829984
110.63909664521091
110.52568714402516
110.55575358877154
110.45289120043265
110.37129074313548
110.34155148641536
110.40391278204424
110.4362255765004
110.61733840253584
110.7416636931164
110.51385940565122
110.73684592939283
110.69880958084191
110.68477866512386
110.64605264481854
110.61290077522092
110.55985711362085
110.70075163530971
110.6702740792041
110.62693609691996
110.4181462228845
110.39646689558937
110.4697811826522
110.55891897935354
110.65679312067094
110.57644488753846
110.63830613833946
110.51522100082417
110.4755839673925
110.61094593663493
110.57725113750554
110.51850113364303
110.53194974858224
110.38312093293463
110.58671818526781
110.649634814985
110.42045343678404
110.43524414319252
110.51666811628499
110.55050390498623
110.72397945551674
110.73515768724579
110.59521417320629
110.68349896697798
110.78539168588668
110.57701490368531
110.59466706474137
110.74985859227145
110.80075958355353
110.89685777028568
110.82642208758838
110.78756271431033
110.56409220317354
110.68682641762277
110.60429663382087
110.52634328420676
110.40154911483918
110.34383289836173
110.16042077598217
110.10165519710264
109.87229620554453
109.90391153032543
109.92026334270798
110.1091546543473
110.1428508425801
110.04252494320265
110.19708585469694
110.20970807234717
110.26004906735979
110.27110314371008
110.31848894281116
110.3712504197752
110.46352579264658
110.50800385658849
110.5405284587408
110.59243230402588
110.5467951530713
110.42474787186093
110.37436781166105
110.49317591489456
110.41082244500483
110.64155264949443
110.65937829238203
110.67404694885049
110.76282121425669
110.73650335851552
110.96629571852738
110.7350745347343
110.56907718296162
110.72086293192449
110.89035412773453
110.68550554691645
110.5720499184831
110.69422719355961
110.70884261989926
110.89887770916029
110.8226718722546
110.94670619003844
110.95900641892989
110.81807515459775
110.83421956613019
110.968684718024
110.9978649723097
110.97430358173864
110.88223010777982
110.85626635713092
110.67473433918883
110.60064676723918
110.56096926859429
110.58582547510774
110.63229782660791
110.81932051066508
110.8364354267145
110.77910602182995
110.89004501855922
110.95764500933153
110.91227867717753
111.01156918951071
110.97920126861318
111.05066754230805
111.14704452980914
111.09659011695736
111.21321741453524
111.2246541297945
111.12231542290942
110.96651984909981
110.93786831028785
111.12770914193979
111.28069628861117
111.06501061885541
111.04488326583679
110.96778279866726
110.9905601758314
110.77837994375174
110.82299474045033
111.0177409594934
110.9217758823622
111.06022012219474
110.86415019468535
110.87551005102665
110.9229151823881
111.02504859606829
111.0897464869217
110.93606317624389
111.14376219922596
110.9142226406524
110.95456347714983
111.08673559081787
111.01016610720406
111.03059546661743
110.99688918633258
110.92155048591864
111.03032671713079
