4 0 0.0 1.5091303822677324 26779.35693892743 2.1408011733142516
102.67559346392646 102.8033020977079
102.5904507175662
102.68075801600723
102.52881019646206
102.55790336061425
102.35398637055236
102.3764487482323
102.49805589146526
102.65345031264073
102.6947597620012
102.71916630828679
102.8974633928313
102.90952856025359
102.87907917698796
102.96340896027282
102.9065714399498
103.08416290192297
103.18256706194359
103.14450823728205
102.94520218087492
102.96594337482286
103.03728998875084
103.02672711143529
103.04196528626338
103.05352775460459
103.2045943284574
103.29027469367121
103.26193443039034
103.4611965868982
103.33452482827549
103.54611184027632
103.73180084401298
103.65481313520971
103.69127620470015
103.67985509736387
103.54114388509332
103.63797545349509
103.55469189095776
103.74379559951704
103.79723808125733
103.73306475643872
103.93865407648136
104.00209051885558
104.0245658650469
104.04015610192214
103.91007658872594
103.89643257125364
103.80154795521972
103.59944658624767
103.62612437660009
103.47163862127432
103.59511812727682
103.55854993711698
103.34245192977822
103.29707874337474
103.27965527754627
103.30014026428263
103.28537392448025
103.228257390503
103.2469474717295
103.35574973035135
103.19496543519966
103.3500505965415
103.29746961165735
103.25096514033235
103.22398935525109
103.40807838274762
103.50508297748037
103.37890200928537
103.39851926552421
103.2286798371883
103.4220154548262
103.49016964390638
103.5430888429886
103.5205259863211
103.42502631315126
103.5154134617743
103.54204402327771
103.61265162588329
103.58327062713091
103.4892919244387
103.3375885121153
103.2825988403502
103.26459266577375
103.3065642205895
103.50193564644579
103.32707039667622
103.42714920821962
103.33963003574992
103.31871931619172
103.24674259942441
103.03235332254783
103.07104437365055
103.05908516492926
103.26503976220613
103.24545966228447
103.38173029489562
103.51230348940602
103.71463444207248
103.69456707578662
103.73742602159047
103.77849879432152
103.57670215548939
103.54729176734224
103.53422414654818
103.36120222348517
103.30941660787016
103.22511283898541
103.34274237532698
103.31681178015084
103.28773379049852
103.18679166513178
103.11912139120335
103.10851509305265
103.19815467928402
103.39466902132449
103.38430141198634
103.30252269480516
103.43653702799675
103.51005641493089
103.49139364030229
103.5915539847353
103.52940301793619
103.67553974483528
103.53086240196583
103.47982791945385
103.5579274087181
103.47404170431162
103.52379953110471
103.61083693717383
103.42700202711478
103.51870602408837
103.55644391951589
103.53950514526399
103.5788709573882
103.50297423742946
103.52272332010891
103.64698036647113
103.63618562801676
103.4903046045888
103.5283040348939
103.6048273293241
103.82094119325387
103.7118421179859
103.73453176366321
103.77897123693535
103.68711258652519
103.67376244448145
103.65998127136476
103.63325367164285
103.72147726014994
103.68349069355143
103.47972527857637
103.37133975732193
103.4795498428435
103.43268817711785
103.3968849489867
103.42101343436084
103.43308357617045
103.61928716724216
103.80705165125195
103.88653347474401
103.83592592012056
103.84708083822615
103.73136352339284
103.94568380771484
103.75660440110168
103.88218108452362
103.89979589516894
103.88600210504543
104.05724117513064
104.04041872942189
103.99518646439313
104.02246945461201
103.91058963052855
103.99126569937725
103.97403994201758
104.0486809465752
104.02481922511338
103.88141156907788
103.8654692374725
104.03848829126831
103.98162717967621
103.96970457910756
103.94494739019873
103.93441982147446
103.83621572101255
103.62496375132707
103.76215676944052
103.68800614939613
103.66556328822118
103.72905828060792
103.68386063368813
103.77113749814893
103.69163525082136
103.6693556429856
103.59610580723319
103.53284506530632
103.35085999687729
103.32291765605045
103.37093292500475
103.352178106548
103.44661659101314
103.28569873170744
103.29859759461853
103.31491293841856
103.44573677503318
103.3499556773027
103.36055022102981
103.38776709805151
103.41703168010474
103.44558349840345
103.49205984995369
103.53151299434582
103.50522029503938
103.64628429518172
103.46032313898098
103.47601498135491
103.50006674571607
103.36778272342227
103.39039230194402
103.33770161176237
103.3575615526149
103.32539281492772
103.47214111740843
103.46179309836675
103.56092354403341
103.5904284898222
103.44733644602111
103.52188947401302
103.55065558970277
103.57483060567152
103.62352579453812
103.65113486148974
103.68871806227847
103.70013000273977
103.56569701094507
103.68225410980384
103.50974224294818
103.52270092873748
103.60625204009217
103.65214424596907
103.69137819097618
103.58738886768379
103.79212355830573
103.93812538736113
103.96010213352211
103.81908894549275
103.82974992130086
103.72671520474928
103.78004601056494
103.79088897060745
103.8984337140624
104.05790474485092
104.0685459675346
103.88959451581319
104.08630146467439
103.93672362822754
103.94945304227802
103.78052139992866
103.75933796513912
103.81591901176958
104.00070507652957
104.01432801587492
103.91692024860599
103.89750230197171
103.8125549734935
103.63835748599637
103.83044006212988
103.88811458372703
103.80401364039815
103.82979322869329
103.88713297437349
103.6832528807495
103.72458828581406
103.84189255420415
103.7998778207696
103.97542367590057
104.09260185273185
103.98061486667459
103.78909873840965
103.71938234938972
103.84673780488355
103.89431218311931
103.91932425698178
104.06769069507612
104.09042516291524
104.11192899161482
104.08791976632234
103.9651139949674
104.07430080046299
103.93091354216276
103.76597651202694
103.59495625642842
103.74424707201187
103.73383444617595
103.72083082480425
103.90999180561316
103.97837915748336
103.89852429509784
103.95310342288091
103.9384808803385
103.83464544424201
103.852013743407
103.98303361716182
103.95757333502709
103.99525888405427
104.0925490985712
104.01543450420732
104.05871634649328
104.08157100587306
104.09960568288818
104.06082055971284
104.00308492332837
104.03144941663571
104.02102681221815
104.12605105981206
104.05166361484959
104.06992489287053
104.02829375015216
104.2454672610236
104.13959356888896
104.31525409932178
104.52253656073668
104.30705299349401
104.3791972869294
104.25028330081051
104.21344341915923
104.132018288658
104.16360965714982
104.06409775226881
104.07495391482774
104.1542313526033
104.1329388981653
104.06442522943118
104.03822312071202
104.15843563635981
103.96823602404243
104.14301730200023
104.0311924387559
104.24753616318064
104.27087922057484
104.13711603578238
104.1859515888576
104.29169271452258
104.17203086275762
104.13278898526524
103.93247454777917
103.74412139419042
103.76616500118914
103.58138924521654
103.492253736311
103.52456402104849
103.51307059969403
103.66796303635822
103.85331539406252
103.96471619612909
104.1339482472224
104.1818920791841
104.2878052643792
104.33745083421556
104.24666927360005
104.09166306927294
104.06778170802826
104.09741580320468
104.28917251383253
104.42403609718721
104.44483464914278
104.37722475838336
104.36597901597334
104.34988913338026
104.33938429537088
104.46780847245202
104.25705914282
104.21825089188644
104.24122125440097
104.05656704657395
103.99699632414593
104.14476723052576
104.30106335893103
104.19763697601007
104.38270889831514
104.30547012433972
104.12344049253217
103.97862760962518
103.9503237682371
103.9398385035522
103.95146568573116
103.96229242551797
104.13857015436375
104.09117298113577
103.97458253363638
104.00667781745302
104.18566758906755
104.34145997290274
104.52766215117063
104.39283718389069
104.37965673257241
104.25426967090813
104.34091243807269
104.23504016945323
104.06677793056777
104.05635467847621
104.09747784871837
104.27155623871718
104.2408039288206
104.38367532784817
104.17174457475897
104.1832547317196
104.20599352423838
104.21812132564501
104.38525914525954
104.37474791216013
104.1923642391878
104.20554399280215
104.13934041915265
104.27651397029837
104.41497683825413
104.2798610317188
104.36214978284258
104.39410722010453
104.28811152550219
104.31036209583922
104.29102611514094
104.36713242652802
104.3887391871144
104.5675952648025
104.72088116208232
104.77851782644326
104.99355929642257
104.94673066112205
104.9338163771212
105.0503695050498
104.87274752468052
104.83265655583222
104.78117138581257
104.70102359223795
104.51060924717069
104.67728831354735
104.61918682068648
104.55107327641852
104.53121561086938
104.45535010733829
104.42517244308992
104.43775681224322
104.25682386704764
104.23117827461606
104.0507535752966
103.9860765657829
103.81831295630155
103.8852812676604
103.86311774027251
103.96091217656449
103.89538356664268
103.92966694586028
103.88548342144793
104.07060933876835
104.14235652287837
104.16417222632155
104.20485571956921
104.33004926724645
104.28688088338113
104.47291922909329
104.51443575253957
104.73296282434383
104.58641861502065
104.5759599709864
104.71231931460753
104.56042333254096
104.59349140906242
104.50892836769415
104.42276052027654
104.46398040438689
104.54034665944566
104.67422065015418
104.6490385215262
104.61690585496174
104.62973489886947
104.77208265659216
104.69640506775389
104.5595466505989
104.57009845762308
104.65608716039065
104.5520042558127
104.5626975103302
104.69532161362737
104.50899941196323
104.5273011318114
104.63736418613064
104.53211404206314
104.54803634876411
104.34201109455704
104.37451518314705
104.41750908285684
104.4533102724085
104.47976760991678
104.50188660969935
104.64272372602491
104.61327706664237
104.66870743378898
104.51769816951627
104.60693289318348
104.69481002543202
104.67447872805374
104.6632736972467
104.71388370001198
104.65963246013415
104.72844180021868
104.74256694606802
104.95627327649319
104.75615102619255
104.72287571828122
104.51847505736393
104.46816519868077
104.42240841704906
104.28974152442952
104.34815994149837
104.49166624329037
104.44401351952625
104.36082527277661
104.29927586564457
104.17349307087855
104.25319967271827
104.225672582144
104.05791381424518
103.97665095054447
104.11856388150655
103.9199918605607
103.8521993809263
103.86421738562598
103.9928571279264
104.01537761273708
103.98528784111821
104.02717270323798
104.06284456542615
104.11144064145209
104.18237785548037
104.19687704571997
104.09021638008217
104.18662375380804
104.30473539072632
104.31725948956942
104.52138400945452
104.63973621908995
104.55004433746514
104.59069016768484
104.63059398550553
104.65114605430362
104.83263778647333
104.78241487358008
104.64940321343877
104.55528083031533
104.70320884955338
104.71480205431692
104.85379539421528
104.90154392066226
104.7852088877729
104.76634212538879
104.90560198153433
104.78335698288038
104.66147677281849
104.86080623280522
104.9698521784714
104.89758606174028
104.76925229509264
104.8198449898218
104.95733635377977
104.9823744981512
104.95620432208709
104.94536818344311
104.92953459479429
105.04352659517717
104.89325883923831
104.88023110028456
105.02560279035035
104.94602576129921
104.93421719558371
104.92351742244414
104.82138239730918
104.7823293993561
104.57129821078121
104.65583349624345
104.67763240810977
104.52819812017003
104.4193424986759
104.40629686968408
104.50196633453439
104.51288634835532
104.461735844776
104.62715433815829
104.49003057256749
104.59349452431637
104.68004367271635
104.54021439289248
104.51722724359317
104.61177150877349
104.4825742875021
104.52331936869881
104.51209538162406
104.6721135329805
104.78467447121685
104.86583838840937
105.02445036246078
105.16939213658765
105.15546338707995
105.12938555870676
105.05130469407808
105.01346610645157
104.83442198960208
104.85758622575722
105.00281884505405
104.98009414850684
105.14560738425708
104.96530676417983
104.82911624911652
104.81171272902942
105.00119638302873
105.08849032341284
105.10568667064723
105.30637015964952
105.21977033744069
105.24217033489123
105.20707986087874
105.38744505672757
105.17968106767177
105.24141433335808
105.19079587793048
105.15134392472721
105.11536448226447
104.9136088145759
104.75305402965
104.8351587099559
104.86593097911344
104.96279691856743
104.9314114876517
104.73860972859353
104.90733921969091
104.92761094744414
104.93836272807614
105.09085902084647
105.01820982013709
104.94329005629515
105.09548052548185
104.90669275567731
104.87925376163493
104.85667683703213
104.77361942204347
104.73485040569824
104.82721289653462
104.96535301563972
104.90428867823486
104.89351549752884
105.06271890120536
105.12487154974824
105.14890561257124
104.97249466318054
104.95611586512523
104.97727546106431
105.07244439530322
105.1149386313791
105.17906666677187
105.16308530872651
105.13194445541257
105.17248301414398
105.11413570773027
105.25091611881827
105.16777215105233
105.30498749579681
105.15456511577563
105.2899271932988
105.27572532341853
105.2513350857769
105.27678088715152
105.34871192758254
105.38673048140829
105.3987072019148
105.28420377243802
105.36599931843291
105.26237889301865
105.38252934014251
105.30459888326547
105.29139443104582
105.27195292182948
105.13190305317977
105.02424140570616
105.00495239208345
105.17128038426682
105.13467436031664
105.08390908449773
104.99431120025486
105.05626073645114
105.18650361830511
105.16476285162305
105.11998910486612
105.32021665811448
105.25822908266643
105.14496150003943
105.07853418702332
104.91040040064134
104.83659776162474
104.77735393506302
104.85625887016799
104.74697815812526
104.7818974480216
104.6824472374067
104.69796723709189
104.71478368112177
104.78324055035175
104.8213277442666
104.95505481829406
104.97841229565088
105.06826897749832
105.07880720264133
105.16650685050627
105.3751007668728
105.389591947929
105.36534800752786
105.35419133315692
105.25134430757701
105.14777588399166
104.9552690732442
104.82297696906586
104.86292999079416
104.89483564265112
104.93340071524536
104.94405453011287
105.02744673775605
105.07799999801476
105.02485931722103
105.17566816195918
105.33880023264354
105.34941971934914
105.2692178229598
105.27977687275092
105.148525648456
105.11659269107999
105.0515331728949
105.17116896515031
105.15982685018399
105.14459953660008
105.34175243078069
105.29046148103743
105.21762763195741
105.20605614989488
105.2229756706799
105.34250926178373
105.35308473370499
105.26510366344291
105.1817440104724
105.27562220368004
105.22808709132045
105.29752419200392
105.22391824882958
105.23710580089232
105.20873806604634
105.38543535428441
105.53473928844349
105.61171200844872
105.39241973117474
105.22848564518141
105.41624280133685
105.280106486521
105.25040371264777
105.26160528056296
105.2437613909357
105.44992392519083
105.35805855792128
105.23016696952249
105.24802650541739
105.31276024329912
105.14808574262631
105.09345079822324
105.2449064992425
105.43842568799477
105.24677706338034
105.27649170406528
105.32442351815592
105.36555757111326
105.56436532703611
105.69589337048619
105.5520327097788
105.75126092178863
105.72626132616861
105.70183146663733
105.63819490488284
105.62717849140051
105.56943666917404
105.37384246403536
105.36314319889402
105.300078401934
105.14120702708603
105.16424414432504
105.18337282441588
105.2895243907047
105.38229355447783
105.40529602199909
105.52634731975022
105.53693093507455
105.56945496756894
105.58302642013454
105.762594565551
105.66166729005155
105.59038466946984
105.53323413462999
105.58206462997315
105.46541127862812
105.47802957070455
105.489390569188
105.55696986222412
105.72994112932426
105.70348820172515
105.71594990939163
105.50694444237186
105.65252312855941
105.685693689012
105.74725769345324
105.72570037639953
105.68482889806296
105.67022718600163
105.56410499592452
105.6509514481826
105.62291946570633
105.77553553285155
105.94834768118108
105.87460681002469
105.84038833659139
105.82835042825322
105.7548158836405
105.66637333343584
105.57874896258609
105.66722993418001
105.6256284454396
105.65280625771675
105.64208250015452
105.78473679691491
105.667785600386
105.65470745425203
105.55229425037649
105.4071041032055
105.3636142595102
105.46138326302066
105.40026199762978
105.58592999127131
105.61078825050366
105.76590661837837
105.7521031231032
105.63429213948918
105.45504832193295
105.25959986516642
105.2891827908712
105.26502797172739
105.28402246099799
105.39397795172519
105.53750613358798
105.65189396342383
105.68622112570505
105.6369494684069
105.66683200622424
105.74738577954602
105.63126305327374
105.46375530390011
105.68078220704324
105.7221089835817
105.711145263832
105.66931737683899
105.70421459696058
105.92127827016449
105.75277777714534
105.73594904475361
105.76581098132623
105.75115820172553
105.62787698566484
105.68974898609765
105.73401243941707
105.87032360612773
105.90980827639552
105.9630600713835
105.94446671514696
105.85954157197446
105.87506530214122
105.73592951677004
105.83903570041576
105.85145893756524
105.86781282160162
105.79431539882842
105.81110027574881
105.88791958421137
106.00035972815446
105.98865841984279
105.83238726762103
105.73813060922063
105.8896444862849
106.0053734511495
106.03749114032233
106.02260259265071
106.20072609013569
106.08647335666616
106.1446604172023
106.16384396246961
106.36645342781142
106.55629751626095
106.51724330372062
106.60418267815115
106.52253547726711
106.64857391739312
106.5426934886369
106.65873725810603
106.6763794511329
106.69038728013395
106.76020765217791
106.72527993733455
106.80316412263946
106.62074904475863
106.5231156105065
106.50261385859876
106.61855043512983
106.60028055959897
106.4868630454658
106.33399809833699
106.27666953986291
106.26089325129409
106.24980934850895
106.09322079268978
105.94596452261015
105.88570608996193
105.96273955801199
105.91465605555564
105.85738622749983
105.92423748237309
105.93761532736538
106.14865343050107
106.22334451961186
106.07555291158594
106.03842560460936
106.23033037517465
106.09140816002395
105.9697313738888
106.14825919231806
106.04708512670585
106.02948710438977
105.92571511688605
105.79873038527306
105.64538041080301
105.62047361306979
105.68910798780688
105.67516729170875
105.84839791569047
105.98409597135138
105.97261380476793
106.1755725787146
106.12205134113516
106.06196104531485
106.07288068538868
105.98394772733849
105.9573952136542
105.93256335103479
106.08280580114182
106.05872648560275
106.1920792127287
106.20580604817226
106.27584661902503
106.21535753176411
106.35821890393453
106.37151179606361
106.41938780071011
106.40424514246162
106.50528690435324
106.66940518627625
106.68945515371864
106.70108595283327
106.87270634248931
106.85465342281044
106.68875519701126
106.53668743126744
106.52079353295362
106.56813560291346
106.4877090404525
106.45034540433089
106.43545926958592
106.40767518525934
106.3445864962328
106.29557903246098
106.07844032755011
106.24313074988925
106.33782219570139
106.27101672912076
106.1680624002624
106.15732778275158
106.04472768457583
106.12621394095412
106.11466244748026
105.92139171584434
106.01510352138703
105.99287646693789
106.17899620294946
106.16467633178416
106.1845483791099
106.23314416734384
106.17360251448261
106.24351421399278
106.27571408376437
106.37347265928723
106.46366171707737
106.44272580778313
106.43200945315236
106.59961047682573
106.45346704258974
106.43319890367337
106.40590236718674
106.31179127119756
106.3369574305248
106.31472551696997
106.33485673049297
106.31268787660649
106.17240030096642
106.32907281873923
106.37116473825067
106.19003895191557
106.24038271177983
106.3447106263931
106.23042247302094
106.41376712967514
106.35402726731154
106.33509983181112
106.45581624567956
106.33004902155703
106.35204618169038
106.48207887736784
106.3130631217793
106.15182675634289
106.3289658251278
106.25058567216368
106.4020652390074
106.4986689483627
106.66509811355245
106.49996199205772
106.32985320365299
106.38475537382162
106.51021952886182
106.56133310527082
106.45029815867997
106.35176257665307
106.43254715293563
106.60085818181528
106.51639013895773
106.59063996346599
106.57099703025538
106.4360935405035
106.26037652675934
106.41785841557653
106.40619898679326
106.51574555679862
106.67897365618803
106.4575635416891
106.64169904155962
106.7180836575557
106.65185719931219
106.63474401484252
106.4653301683361
106.67588123136015
106.55554904232757
106.65183489390364
106.66824369272003
106.56462504153184
106.64444110875469
106.61253869356354
106.59958676012154
106.7665997895321
106.63152978804264
106.68096222647141
106.48512497753849
106.56579007592273
106.47777442216363
106.31976308234526
106.35567039376367
106.53411644115415
106.45012054005849
106.58987598169958
106.57160898218392
106.6350673194075
106.67208772759673
106.72247160726691
106.78622599522315
106.75059870841024
106.8898387519148
106.70384087766988
106.64995424779801
106.75940022362138
106.71331123473234
106.78165563241913
106.72574961681197
106.68321136997156
106.79358021336257
106.7540357339699
106.73761003152117
106.720065644127
106.87698379903682
106.82693602112138
106.67948879916119
106.69214773712363
106.4896324463246
106.53859709570506
106.66866439908702
106.76105407229625
106.60551512053955
106.62155048705553
106.65256496897544
106.69031878042277
106.905427799774
106.72722470230347
106.82243458234007
106.64784348660717
106.67116765118553
106.60313290488276
106.54925232595959
106.59562712556591
106.7428144776938
106.65054789764594
106.66338534192495
106.68164911250109
106.75495969298211
106.59761638477737
106.6202772711706
106.63230488361515
106.78971889901275
106.8128532654429
106.70234520415252
106.82888550464403
106.78345883084837
106.79569838035668
106.69647956251592
106.84619055257878
106.86629127691616
106.72923094677661
106.79670841906241
106.85433643209036
106.69441236817785
106.89411346752856
106.98445624477993
107.09190287435983
107.1202869456446
107.09651174731371
106.9435662011894
107.07558977589618
107.06420236492737
106.85833494800336
106.84091934362161
106.96167970858903
106.77965060962394
106.8812087590963
106.86942465602091
106.96835601280719
106.80741904133032
106.89033377610409
106.77629734072845
106.82587757080918
106.77439252290932
106.76149510501085
106.8262681379375
106.8150899498502
106.83216719463344
106.72859614115694
106.51319120444036
106.56991917057233
106.46550540221472
106.26664322951206
106.28127717052828
106.39602795614867
106.30236387155556
106.36862338853626
106.41986596584911
106.58755028058462
106.68627420394243
106.84210676915154
106.94263981469759
106.84904690974997
106.82712687073548
106.81125279755413
106.75117812315027
106.68720179263822
106.77332857063983
106.82978081036819
106.74083286582531
106.77347553538338
106.79059027056594
106.8803365082068
106.96335996970639
106.93917883630898
106.77075077884953
106.79803884455276
106.83211004570732
106.91411182139892
106.8178268602557
106.90301170399931
107.12003504429664
107.06215106156172
107.22186541431945
107.10654956303621
107.05652998514864
107.00646199500805
107.13568898585326
107.1621468740425
107.30708937175717
107.37345863079409
107.44776464868217
107.6324349777629
107.58701064498356
107.38235635879931
107.18623376154349
107.0965545353475
107.08576836416046
107.21879205320671
107.20374648165945
107.15867948455164
107.12213720921233
106.9402803896138
106.89830868337003
106.79745429823082
106.87431103762312
107.00991069182419
106.79731293737039
106.77131034874115
106.7595758605848
106.95069433007627
107.15223569355668
107.03008865282851
106.92689132618739
107.08601610510988
107.2670427671752
107.29261436000766
107.24780266964358
107.02703443836373
107.04857501146563
106.8379330845748
106.88485175572907
106.92559912378195
106.96286055498908
106.90447755609685
106.960317567194
107.15698501609093
107.24717375930267
107.16757259597328
107.14536275545176
107.13398184037014
107.18855524532637
107.10036672285261
107.16779770493982
107.15412851971436
107.06593963323549
107.15886219695226
107.36000752187104
107.50004448330058
107.31679171993207
107.22616529767981
107.41210674150994
107.59680435672797
107.45952981329258
107.33447709685653
107.28768064284041
107.14213714785313
107.09987496053621
106.9501803706302
107.15907757427907
107.10834010014693
107.30730410065634
107.1149376196535
107.09281785010519
106.95310827115021
107.09879323113596
106.98072319520246
107.12532353949013
107.01638708775128
107.05038165128923
106.92969927163371
106.97451580624613
106.95558415717485
107.0835817263565
107.21123589279793
107.0365227449608
107.19439684292496
107.31405310339606
107.46714629358205
107.4847615360411
107.41501386977029
107.57391476466493
107.50811568442094
107.46800137931812
107.59939518183825
107.51102140601516
107.45926268969666
107.40498276997474
107.27612176441635
107.19227752436055
107.00028872658238
106.78947250044706
106.64351734816539
106.60376307504227
106.81068762991343
106.75502321064806
106.791530499124
106.84561576252032
106.7938615489742
106.80628164577905
106.83647946501148
107.05549320249774
107.08452188006446
107.25313577358428
107.37385944015489
107.5977681426444
107.64216051921508
107.52340419680264
107.46026328185225
107.53885631340614
107.44859056113327
107.3875796662099
107.44449806764645
107.42830137056445
107.4105153171998
107.4301173498878
107.30923867957421
107.48873546428507
107.41275273182102
107.59135011435706
107.47446233503148
107.59970699318325
107.44965072131552
107.53690900698729
107.5531716109241
107.52457453928923
107.41344329651265
107.39624081501346
107.5188946604309
107.53261554713319
107.44376516185385
107.54926311475123
107.77131943290445
107.72076210996269
107.63971457160257
107.8564140767031
107.83291649391961
107.94237936769449
107.92066181451706
107.88976248390253
107.69328068491255
107.64084438714825
107.58699307060351
107.37255247794562
107.2543878096958
107.46965233571906
107.38228057635153
107.18218583535763
107.32666545833399
107.27938667965863
107.2071749121881
107.04116718406037
107.02531907613093
107.09179431568445
107.22224865610985
107.14966067423342
107.10552373607032
107.07299026525624
106.88051235836063
106.8614203765671
106.74734453989366
106.96187368630594
106.78968646300798
106.9960090095831
107.11612551701349
107.08171499494394
107.25665598946621
107.44774543047332
107.22250734388498
107.44329361142617
107.45614115051934
107.32753058849786
107.2136719098457
107.12765469981103
107.01798498866029
106.93328372020203
106.90293723818772
106.86804148890478
106.93522561585988
106.7865884502207
106.77588275809245
106.950422171384
107.03087580260653
107.05807225321284
107.27173026391466
107.45267887030921
107.35181147243527
107.37916376746102
107.47734905133902
107.39680587755778
107.27351998492937
107.42238915820164
107.58150875024862
107.67257880770036
107.84675238986182
107.77921117539978
107.9741676998959
107.8271765487953
107.80940647466069
