0 0.0
233.918712505708 229.79100704233318
229.79100704233318 231.66036807334402
231.66036807334402 235.05325427877366
235.05325427877366 235.7984159969827
235.7984159969827 236.0820032760744
236.0820032760744 244.11527178488873
244.11527178488873 252.28090720960276
252.28090720960276 251.54547808439548
251.54547808439548 249.16127746664424
249.16127746664424 246.3565741598258
246.3565741598258 246.1512451484018
246.1512451484018 246.67322495873557
246.67322495873557 244.26846165346467
244.26846165346467 242.51806456880882
242.51806456880882 244.2368892463952
244.2368892463952 242.92410452217172
242.92410452217172 245.8972997539679
245.8972997539679 247.04584111879984
247.04584111879984 243.7720346220039
243.7720346220039 241.97478089200274
241.97478089200274 240.4743334893383
240.4743334893383 233.89605992642237
233.89605992642237 233.69173768508557
233.69173768508557 233.07790912409277
233.07790912409277 227.1927668597147
227.1927668597147 224.8036834069025
224.8036834069025 225.41873270688453
225.41873270688453 229.73259876495794
229.73259876495794 227.34797191933706
227.34797191933706 231.0373635004084
231.0373635004084 231.19451783642762
231.19451783642762 235.77806069638228
235.77806069638228 235.85130256533503
235.85130256533503 241.55909680704244
241.55909680704244 242.04902374804504
242.04902374804504 242.43096844584244
242.43096844584244 234.4793222481105
234.4793222481105 238.31797080507704
238.31797080507704 240.09970565745
240.09970565745 248.49617002776063
248.49617002776063 244.46569843681954
244.46569843681954 245.5133235975836
245.5133235975836 244.15628275806725
244.15628275806725 242.07005986991933
242.07005986991933 242.66068860917025
242.66068860917025 241.640215539945
241.640215539945 241.75519048569126
241.75519048569126 246.62480551193403
246.62480551193403 250.98126822818048
250.98126822818048 255.1400088716025
255.1400088716025 254.24678832046246
254.24678832046246 245.8120969068635
245.8120969068635 243.89394302669626
243.89394302669626 238.21869106329902
238.21869106329902 240.9374817261496
240.9374817261496 246.33882022443024
246.33882022443024 252.7392490400172
252.7392490400172 254.44178540282002
254.44178540282002 247.30991210205107
247.30991210205107 247.34403774558908
247.34403774558908 255.48927155146677
255.48927155146677 259.6606519319011
259.6606519319011 267.5281007337555
267.5281007337555 266.62666429383387
266.62666429383387 265.47117963293124
265.47117963293124 265.42030937969133
265.42030937969133 265.45311123747524
265.45311123747524 265.4836876263184
265.4836876263184 262.09589051913576
262.09589051913576 260.61655398959664
260.61655398959664 264.1879509094336
264.1879509094336 262.65842046355004
262.65842046355004 260.5165722712423
260.5165722712423 256.6596015929077
256.6596015929077 253.14344552930336
253.14344552930336 253.3188916993204
253.3188916993204 254.36154741196617
254.36154741196617 260.83386016283254
260.83386016283254 256.0009255894288
256.0009255894288 260.71842985039336
260.71842985039336 255.17436249721027
255.17436249721027 250.87084354044856
250.87084354044856 248.12596093104497
248.12596093104497 251.60083312564257
251.60083312564257 256.59382276007454
256.59382276007454 264.0000956745575
264.0000956745575 269.55419271543764
269.55419271543764 268.41859509369664
268.41859509369664 261.1209468220077
261.1209468220077 266.58562571315844
266.58562571315844 259.69446644539255
259.69446644539255 256.6028058001943
256.6028058001943 257.7925817307634
257.7925817307634 252.99016699187973
252.99016699187973 249.16379957846902
249.16379957846902 247.19648520210413
247.19648520210413 249.58439647611587
249.58439647611587 249.21896224028737
249.21896224028737 246.13134434816897
246.13134434816897 239.73710638477723
239.73710638477723 239.78354823724217
239.78354823724217 239.91895033735497
239.91895033735497 239.3672179058052
239.3672179058052 239.2946286490904
239.2946286490904 239.5648654862771
239.5648654862771 235.48745682604502
235.48745682604502 242.02711072818175
242.02711072818175 238.30847807142058
238.30847807142058 240.68645193018682
240.68645193018682 241.3375734346708
241.3375734346708 241.36247572225244
241.36247572225244 239.07227401408088
239.07227401408088 233.2844918698089
233.2844918698089 234.84871139421338
234.84871139421338 238.0941937056008
238.0941937056008 243.8200254341076
243.8200254341076 247.81712908698483
247.81712908698483 255.22536600271837
255.22536600271837 253.53661959790858
253.53661959790858 257.39333190301693
257.39333190301693 258.0812295186392
258.0812295186392 252.13539011974885
252.13539011974885 247.5649507996678
247.5649507996678 242.3450898656538
242.3450898656538 241.71228535455714
241.71228535455714 248.99605144783942
248.99605144783942 247.6296912413197
247.6296912413197 254.1156808568357
254.1156808568357 253.85761561887622
253.85761561887622 248.9187641636972
248.9187641636972 252.65921554684655
252.65921554684655 251.53032661174845
251.53032661174845 251.35037965762714
251.35037965762714 258.01036969802357
258.01036969802357 263.9205371928275
263.9205371928275 258.123954859004
258.123954859004 252.78022531511024
252.78022531511024 252.71122713212648
252.71122713212648 253.5782058094233
253.5782058094233 246.2590252714417
246.2590252714417 249.6773650149009
249.6773650149009 250.90607620250003
250.90607620250003 253.61327716221092
253.61327716221092 253.57160419265597
253.57160419265597 252.88761296048602
252.88761296048602 244.2068669752069
244.2068669752069 248.30781281206652
248.30781281206652 251.40121285793873
251.40121285793873 251.52537162402996
251.52537162402996 255.40012259836817
255.40012259836817 248.43920347682234
248.43920347682234 248.91699755639013
248.91699755639013 250.28071057689277
250.28071057689277 251.5575550648283
251.5575550648283 252.0062665794243
252.0062665794243 254.2680423408229
254.2680423408229 248.3231128793283
248.3231128793283 248.39207274581477
248.39207274581477 252.40710119081095
252.40710119081095 253.65788141800954
253.65788141800954 247.25787564258107
247.25787564258107 246.36916414104152
246.36916414104152 254.72894495527174
254.72894495527174 261.4608118097591
261.4608118097591 261.4340930339446
261.4340930339446 255.28544366814234
255.28544366814234 258.37294383043246
258.37294383043246 253.0002532325286
253.0002532325286 255.20143514341518
255.20143514341518 263.43867315632025
263.43867315632025 271.569782839393
271.569782839393 278.02153751986407
278.02153751986407 283.9094526115266
283.9094526115266 274.16997175753613
274.16997175753613 270.7928703922926
270.7928703922926 269.8785086317758
269.8785086317758 267.3831297791812
267.3831297791812 261.22963944339386
261.22963944339386 254.1687755480957
254.1687755480957 253.91752878757154
253.91752878757154 252.82902247279938
252.82902247279938 253.25920883686138
253.25920883686138 251.3619814294816
251.3619814294816 255.53552541903548
255.53552541903548 255.27728144437808
255.27728144437808 257.3997068918679
257.3997068918679 264.54673647862097
264.54673647862097 264.7670842858965
264.7670842858965 272.23194490669965
272.23194490669965 265.1151371992838
265.1151371992838 264.2202698410002
264.2202698410002 261.2312303341704
261.2312303341704 259.9155679151377
259.9155679151377 254.17661838962746
254.17661838962746 253.1712336199145
253.1712336199145 254.19312370705273
254.19312370705273 254.9986824040229
254.9986824040229 262.1033085696798
262.1033085696798 262.0380682978393
262.0380682978393 265.36818440743116
265.36818440743116 258.94847409014545
258.94847409014545 261.2638192336449
261.2638192336449 258.24772195377403
258.24772195377403 265.1458642418639
265.1458642418639 264.43525759636924
264.43525759636924 264.4793715427879
264.4793715427879 273.57829131508333
273.57829131508333 270.04976022580985
270.04976022580985 274.72954076278796
274.72954076278796 275.3393198601452
275.3393198601452 276.2088015962247
276.2088015962247 276.08447013622725
276.08447013622725 276.2389093510801
276.2389093510801 277.10565649232706
277.10565649232706 281.49564842145975
281.49564842145975 278.1694623793612
278.1694623793612 277.93324612987954
277.93324612987954 282.14153233928016
282.14153233928016 276.7207598600472
276.7207598600472 277.0949248586074
277.0949248586074 277.69973276999036
277.69973276999036 274.9391313901953
274.9391313901953 274.23722221516647
274.23722221516647 274.16627305866103
274.16627305866103 277.1629279699297
277.1629279699297 282.6439183169976
282.6439183169976 277.05831667351566
277.05831667351566 282.00672216248745
282.00672216248745 279.2247597549454
279.2247597549454 282.5513816905903
282.5513816905903 279.04981811475335
279.04981811475335 285.0559435068791
285.0559435068791 284.76623281303426
284.76623281303426 287.2084453575958
287.2084453575958 296.53824312668337
296.53824312668337 296.4993981881453
296.4993981881453 288.80680406123525
288.80680406123525 280.6427557328683
280.6427557328683 281.10455808732434
281.10455808732434 280.6719034431886
280.6719034431886 282.72071846596793
282.72071846596793 273.6544839280333
273.6544839280333 267.645697123763
267.645697123763 260.58394680634655
260.58394680634655 260.3092388208296
260.3092388208296 259.53269185054626
259.53269185054626 260.9788567247209
260.9788567247209 261.3243629576858
261.3243629576858 253.37766534042612
253.37766534042612 259.7169928918728
259.7169928918728 265.3733669466686
265.3733669466686 264.8767524439572
264.8767524439572 262.9200276133531
262.9200276133531 263.06962467152124
263.06962467152124 269.2371331671484
269.2371331671484 275.76063567722485
275.76063567722485 275.5789734586303
275.5789734586303 276.19513184338695
276.19513184338695 268.9613045420081
268.9613045420081 259.85835310322625
259.85835310322625 259.5594486981308
259.5594486981308 255.81519937866832
255.81519937866832 262.23787727870734
262.23787727870734 261.14282771562523
261.14282771562523 260.72972018940374
260.72972018940374 251.75043142920478
251.75043142920478 255.23291596292617
255.23291596292617 250.25318549234402
250.25318549234402 250.19317239536437
250.19317239536437 249.19505717587302
249.19505717587302 245.01449520335106
245.01449520335106 251.01864128471146
251.01864128471146 251.09673234187983
251.09673234187983 253.39795706043265
253.39795706043265 255.3778897449117
255.3778897449117 255.45088726928898
255.45088726928898 252.22144153030936
252.22144153030936 252.9162865453998
252.9162865453998 252.7619040810809
252.7619040810809 255.4706185327741
255.4706185327741 260.4163915456429
260.4163915456429 251.72786859335463
251.72786859335463 252.6576393989569
252.6576393989569 260.95449837835025
260.95449837835025 269.5974766564299
269.5974766564299 268.2128477376278
268.2128477376278 273.51790257209746
273.51790257209746 272.0173629448814
272.0173629448814 271.8654640276952
271.8654640276952 275.67496246146095
275.67496246146095 267.2699670690626
267.2699670690626 266.78990191962356
266.78990191962356 269.2053708268762
269.2053708268762 271.13276266655475
271.13276266655475 278.6328619744256
278.6328619744256 271.09803992586956
271.09803992586956 271.80824328601005
271.80824328601005 270.76280235608647
270.76280235608647 263.73438765518796
263.73438765518796 268.66857788282107
268.66857788282107 265.45433161360734
265.45433161360734 261.0071650523132
261.0071650523132 261.0546220900891
261.0546220900891 269.30859273618034
269.30859273618034 264.738941551775
264.738941551775 259.09010638929584
259.09010638929584 260.2819725923497
260.2819725923497 255.81036272051065
255.81036272051065 260.32518789341066
260.32518789341066 260.4851973634727
260.4851973634727 264.76533557970015
264.76533557970015 267.3984464374548
267.3984464374548 262.02179940692173
262.02179940692173 260.1376546952865
260.1376546952865 254.67242731611785
254.67242731611785 251.34167229405747
251.34167229405747 251.2022899158779
251.2022899158779 242.67416892843664
242.67416892843664 242.8672162250234
242.8672162250234 238.0064405142834
238.0064405142834 242.96447885074048
242.96447885074048 244.2036332029168
244.2036332029168 244.2300356494508
244.2300356494508 247.13897481565576
247.13897481565576 252.88864024131055
252.88864024131055 253.00523503689988
253.00523503689988 253.39526128670653
253.39526128670653 252.77156487055265
252.77156487055265 256.95971213389004
256.95971213389004 259.0794353452035
259.0794353452035 259.65897242544196
259.65897242544196 262.27044181576196
262.27044181576196 264.0464779853396
264.0464779853396 262.3790856310295
262.3790856310295 264.4079127940129
264.4079127940129 261.6913459053382
261.6913459053382 261.3547881314404
261.3547881314404 260.69859614158395
260.69859614158395 255.22313334003877
255.22313334003877 249.67346371063
249.67346371063 249.40402656941086
249.40402656941086 247.75704458467496
247.75704458467496 249.8083759015818
249.8083759015818 257.97758753942213
257.97758753942213 249.1616934324374
249.1616934324374 245.53584511771817
245.53584511771817 244.71152457842874
244.71152457842874 250.75576483136987
250.75576483136987 243.16665396965612
243.16665396965612 237.87082012249576
237.87082012249576 243.35233485928237
243.35233485928237 239.88792225431558
239.88792225431558 243.1354358507332
243.1354358507332 242.56993235415783
242.56993235415783 242.4806986881179
242.4806986881179 250.55693427534612
250.55693427534612 245.04801517030032
245.04801517030032 245.0898084623379
245.0898084623379 247.1016416521719
247.1016416521719 246.77056837679658
246.77056837679658 249.80753644257032
249.80753644257032 253.40965748593638
253.40965748593638 248.3716705910733
248.3716705910733 250.70399069671012
250.70399069671012 250.73390654992127
250.73390654992127 256.50222508430744
256.50222508430744 258.42517754613874
258.42517754613874 265.7619587354233
265.7619587354233 265.9928310831099
265.9928310831099 270.7124617215838
270.7124617215838 267.3301645378846
267.3301645378846 265.8748483971209
265.8748483971209 257.16896398275713
257.16896398275713 256.39330009921025
256.39330009921025 261.9914961213399
261.9914961213399 259.9994348919878
259.9994348919878 259.44278060203317
259.44278060203317 258.4484473762122
258.4484473762122 251.56080043066768
251.56080043066768 249.5098841234487
249.5098841234487 247.4675052907782
247.4675052907782 240.1767080163008
240.1767080163008 238.77290402035544
238.77290402035544 240.6548228950105
240.6548228950105 245.93215620053363
245.93215620053363 240.3552173152955
240.3552173152955 237.5164849156977
237.5164849156977 240.04184643703343
240.04184643703343 242.37677317474387
242.37677317474387 246.6995960237553
246.6995960237553 244.4118793470226
244.4118793470226 247.79226494451837
247.79226494451837 255.72102362523685
255.72102362523685 261.51883672294446
261.51883672294446 256.695279019271
256.695279019271 253.80320638540752
253.80320638540752 250.37730813018808
250.37730813018808 250.54752188154916
250.54752188154916 252.51486281141885
252.51486281141885 252.1866325264127
252.1866325264127 252.52118794008328
252.52118794008328 252.7798617791448
252.7798617791448 252.82671217465312
252.82671217465312 255.05759594623558
255.05759594623558 256.2224399952402
256.2224399952402 256.9330053430431
256.9330053430431 256.21205297800884
256.21205297800884 264.9641429322046
264.9641429322046 266.1810453165076
266.1810453165076 264.0771774264606
264.0771774264606 263.2993878086033
263.2993878086033 263.81598631538805
263.81598631538805 262.7547507024399
262.7547507024399 262.27219652840347
262.27219652840347 259.91571307588146
259.91571307588146 251.29916972214693
251.29916972214693 247.49890298003388
247.49890298003388 248.7505451785752
248.7505451785752 248.71552731872734
248.71552731872734 249.22045502770135
249.22045502770135 252.03081297029567
252.03081297029567 251.73436771960186
251.73436771960186 251.34422555536375
251.34422555536375 253.47250199469113
253.47250199469113 252.03924812046318
252.03924812046318 248.87406019297148
248.87406019297148 249.1896547280497
249.1896547280497 251.36482984291123
251.36482984291123 244.74452710412044
244.74452710412044 244.78526155744316
244.78526155744316 245.5358226610785
245.5358226610785 250.27344562135005
250.27344562135005 251.98564607081622
251.98564607081622 252.11960212984937
252.11960212984937 255.0861046547712
255.0861046547712 258.1630322484999
258.1630322484999 263.3866528671649
263.3866528671649 263.04000249917044
263.04000249917044 267.00152424835915
267.00152424835915 262.57515916828567
262.57515916828567 256.2860974588247
256.2860974588247 252.58436338213556
252.58436338213556 254.62905831103535
254.62905831103535 249.7948468400796
249.7948468400796 250.9377624085149
250.9377624085149 255.2772267002281
255.2772267002281 263.7804003604515
263.7804003604515 265.2040150821549
265.2040150821549 263.50041781146683
263.50041781146683 257.6462840835159
257.6462840835159 253.777233048613
253.777233048613 260.3903366367376
260.3903366367376 259.4301727291754
259.4301727291754 262.4155940362362
262.4155940362362 258.6585043077039
258.6585043077039 259.700500116733
259.700500116733 261.3865694489438
261.3865694489438 268.2879965531183
268.2879965531183 267.7640694713091
267.7640694713091 261.46573836607354
261.46573836607354 261.4935337528433
261.4935337528433 262.90702208814156
262.90702208814156 257.00176241427687
257.00176241427687 254.3326059847922
254.3326059847922 247.92440660254914
247.92440660254914 249.48817593766282
249.48817593766282 250.91084234544158
250.91084234544158 250.5162531762484
250.5162531762484 253.4652078215379
253.4652078215379 257.8377721547232
257.8377721547232 258.1852611488508
258.1852611488508 260.2969650650137
260.2969650650137 264.165098807438
264.165098807438 267.77584747261176
267.77584747261176 273.2646858275324
273.2646858275324 269.7725152588193
269.7725152588193 270.5163035085235
270.5163035085235 276.60420327745146
276.60420327745146 273.53662457443323
273.53662457443323 269.5149884980518
269.5149884980518 269.76152765907915
269.76152765907915 271.95937196549636
271.95937196549636 264.8014779028667
264.8014779028667 264.54632577896723
264.54632577896723 258.48347051994483
258.48347051994483 267.1028146995072
267.1028146995072 265.07174325364116
265.07174325364116 264.89404039305737
264.89404039305737 264.66842895409025
264.66842895409025 269.21070122545376
269.21070122545376 267.01500551775246
267.01500551775246 262.81844022372434
262.81844022372434 256.3001513769024
256.3001513769024 256.1987497884261
256.1987497884261 255.02202954770812
255.02202954770812 247.95871185877516
247.95871185877516 240.45184772785447
240.45184772785447 243.89006613743794
243.89006613743794 242.37934969823544
242.37934969823544 247.50715861993837
247.50715861993837 244.4324362842313
244.4324362842313 244.32007511056963
244.32007511056963 245.45272665133447
245.45272665133447 241.2304894574307
241.2304894574307 240.334818294106
240.334818294106 233.4546781480777
233.4546781480777 226.45476849332212
226.45476849332212 229.88261200368353
229.88261200368353 225.9243248130305
225.9243248130305 227.2111837533979
227.2111837533979 225.77876942487276
225.77876942487276 228.54303699252105
228.54303699252105 228.74883648427988
228.74883648427988 231.07606664941144
231.07606664941144 226.04232867407126
226.04232867407126 219.5418300632825
219.5418300632825 219.5714812181521
219.5714812181521 220.8993875870982
220.8993875870982 221.34402739710097
221.34402739710097 225.14839358213175
225.14839358213175 228.73649524559718
228.73649524559718 232.13056439650694
232.13056439650694 232.01510818847163
232.01510818847163 234.57415318916534
234.57415318916534 233.4443255651827
233.4443255651827 238.75017859554782
238.75017859554782 243.17988013671354
243.17988013671354 238.7146301502408
238.7146301502408 243.83405951698688
243.83405951698688 244.07132084893362
244.07132084893362 244.54018140289648
244.54018140289648 251.12523002244626
251.12523002244626 256.15564241149093
256.15564241149093 250.00659491014753
250.00659491014753 244.40421450824158
244.40421450824158 250.28883914540583
250.28883914540583 249.75424015784566
249.75424015784566 242.16060559328292
242.16060559328292 240.97383979807702
240.97383979807702 240.93773611498298
240.93773611498298 236.74980719334263
236.74980719334263 239.88619445475098
239.88619445475098 240.6090403159303
240.6090403159303 247.19105087387655
247.19105087387655 247.09685423142813
247.09685423142813 248.49690991416875
248.49690991416875 245.95958083443963
245.95958083443963 242.30120398231747
242.30120398231747 247.26582815055374
247.26582815055374 250.3537076629012
250.3537076629012 251.026811262326
251.026811262326 251.05333867940175
251.05333867940175 256.1094755570006
256.1094755570006 258.81692607578645
258.81692607578645 257.8815884351276
257.8815884351276 261.1962047227201
261.1962047227201 262.790206446282
262.790206446282 260.3887542343375
260.3887542343375 259.2036561093088
259.2036561093088 258.6695942874786
258.6695942874786 255.73909151700485
255.73909151700485 260.4565385428942
260.4565385428942 256.09591519548144
256.09591519548144 253.45511005890924
253.45511005890924 250.22355558493044
250.22355558493044 250.1650402677405
250.1650402677405 249.7562027819408
249.7562027819408 254.46275778155697
254.46275778155697 254.27226779013438
254.27226779013438 248.07016458826462
248.07016458826462 246.96560497287263
246.96560497287263 245.40815510134908
245.40815510134908 243.90039851991412
243.90039851991412 245.441984547355
245.441984547355 243.69112448529836
243.69112448529836 242.6035306693205
242.6035306693205 249.8216602995171
249.8216602995171 243.6148383002309
243.6148383002309 239.28379856477932
239.28379856477932 242.47860232951837
242.47860232951837 245.32688070912252
245.32688070912252 241.7271534466457
241.7271534466457 241.36633063277128
241.36633063277128 236.95060142262383
236.95060142262383 235.8739044442422
235.8739044442422 229.1472822912755
229.1472822912755 235.0189347466074
235.0189347466074 240.13921437355742
240.13921437355742 243.34983258309452
243.34983258309452 243.79650845850318
243.79650845850318 248.93477226095035
248.93477226095035 248.89140338342966
248.89140338342966 243.6792917868401
243.6792917868401 241.6213212356693
241.6213212356693 241.2910088643501
241.2910088643501 246.2697796692317
246.2697796692317 254.00741984529404
254.00741984529404 254.32514735136525
254.32514735136525 249.00342258553107
249.00342258553107 253.3583023324271
253.3583023324271 254.9968540640803
254.9968540640803 247.97820236812993
247.97820236812993 241.85566534204173
241.85566534204173 242.44527081880057
242.44527081880057 242.00225137743314
242.00225137743314 239.87323655477513
239.87323655477513 239.16284599126317
239.16284599126317 237.82116366313292
237.82116366313292 241.28923704030444
241.28923704030444 241.39507600627203
241.39507600627203 248.0574749133938
248.0574749133938 246.99190360143336
246.99190360143336 252.6762717743519
252.6762717743519 249.6168084804593
249.6168084804593 249.75225065500703
249.75225065500703 243.44621503612208
243.44621503612208 238.09526555670504
238.09526555670504 235.5369193662089
235.5369193662089 239.03506319086637
239.03506319086637 238.35755695059694
238.35755695059694 246.374631102432
246.374631102432 253.03692152321673
253.03692152321673 254.60365491691266
254.60365491691266 256.67355137248245
256.67355137248245 262.00970071806915
262.00970071806915 266.8384442761003
266.8384442761003 267.24758249908075
267.24758249908075 272.50692600337356
272.50692600337356 273.26724168384584
273.26724168384584 273.4350032624366
273.4350032624366 264.58760389756844
264.58760389756844 264.4002139581355
264.4002139581355 259.84151105527496
259.84151105527496 251.0416638889201
251.0416638889201 250.25453735992153
250.25453735992153 250.60122258028127
250.60122258028127 249.89180892616054
249.89180892616054 244.76938435168728
244.76938435168728 248.7610890583576
248.7610890583576 255.4942090778876
255.4942090778876 256.1683473204699
256.1683473204699 254.01677286366026
254.01677286366026 251.8453347852855
251.8453347852855 258.7777890558786
258.7777890558786 264.096739803264
264.096739803264 259.395562099392
259.395562099392 262.5483456466294
262.5483456466294 261.58405003252216
261.58405003252216 261.24885834223863
261.24885834223863 257.87001640717585
257.87001640717585 249.96891811067516
249.96891811067516 255.08948803779364
255.08948803779364 254.43716054769385
254.43716054769385 257.6121900484939
257.6121900484939 260.7193483059798
260.7193483059798 267.69640796741805
267.69640796741805 262.8100084643853
262.8100084643853 263.25268481078155
263.25268481078155 267.54377916678266
267.54377916678266 273.0103980686937
273.0103980686937 274.7224115073758
274.7224115073758 267.4639825953807
267.4639825953807 267.2983862248188
267.2983862248188 273.80658156065846
273.80658156065846 270.5822206846254
270.5822206846254 268.6599067416338
268.6599067416338 268.68724417361443
268.68724417361443 269.2848543430126
269.2848543430126 269.9627999135444
269.9627999135444 265.493727263927
265.493727263927 261.62942740326304
261.62942740326304 258.52663070030724
258.52663070030724 257.39978483947465
257.39978483947465 249.82331913349398
249.82331913349398 251.57363790958658
251.57363790958658 250.44268061937902
250.44268061937902 250.9495490283256
250.9495490283256 258.6093164753797
258.6093164753797 251.86535875279628
251.86535875279628 253.5616150828914
253.5616150828914 253.26587510356242
253.26587510356242 252.8930702048608
252.8930702048608 247.24822091871272
247.24822091871272 248.2720734059104
248.2720734059104 249.04161241357687
249.04161241357687 245.17910296471396
245.17910296471396 250.20953900900878
250.20953900900878 252.43897768235587
252.43897768235587 261.20501611811625
261.20501611811625 254.28131169256335
254.28131169256335 258.7897942739459
258.7897942739459 262.65858032611953
262.65858032611953 260.44016562089143
260.44016562089143 265.86625054172436
265.86625054172436 263.5004018683535
263.5004018683535 256.6922263085848
256.6922263085848 256.0205832708908
256.0205832708908 257.3806761271216
257.3806761271216 248.84384551171715
248.84384551171715 250.67158190074522
250.67158190074522 248.2337511399344
248.2337511399344 244.64715381569223
244.64715381569223 248.1689582410207
248.1689582410207 252.2719630743788
252.2719630743788 250.47179564483437
250.47179564483437 244.34408115188214
244.34408115188214 252.6089571420848
252.6089571420848 246.86621322973593
246.86621322973593 250.25612347079874
250.25612347079874 247.1527872416558
247.1527872416558 250.0502157676155
250.0502157676155 243.4272543596045
243.4272543596045 250.4598490814099
250.4598490814099 247.14513406095253
247.14513406095253 247.39918488711945
247.39918488711945 240.32784428988052
240.32784428988052 234.49740964598246
234.49740964598246 240.6565635484937
240.6565635484937 238.33671665317556
238.33671665317556 234.5700594750101
234.5700594750101 237.26739057785147
237.26739057785147 238.65068447735342
238.65068447735342 231.98546945301058
231.98546945301058 234.0760633706476
234.0760633706476 235.61201767035024
235.61201767035024 238.4445928863939
238.4445928863939 245.20767350632008
245.20767350632008 245.06140676334292
245.06140676334292 247.16027454949676
247.16027454949676 248.59297114978034
248.59297114978034 247.16329334520591
247.16329334520591 247.28068852215515
247.28068852215515 243.57365479045893
243.57365479045893 241.7294738365417
241.7294738365417 240.46801728897205
240.46801728897205 241.1854005214648
241.1854005214648 235.82393238943953
235.82393238943953 240.9790669430709
240.9790669430709 240.1079052763846
240.1079052763846 240.36876216142358
240.36876216142358 235.64261007452617
235.64261007452617 239.71517867100837
239.71517867100837 232.95102505212319
232.95102505212319 230.76771919796428
230.76771919796428 224.1514075306269
224.1514075306269 225.43749269456492
225.43749269456492 219.85547186090673
219.85547186090673 221.70219482170873
221.70219482170873 224.37304799124587
224.37304799124587 225.41509195770027
225.41509195770027 220.26971932147762
220.26971932147762 222.20335728424166
222.20335728424166 218.6245107787249
218.6245107787249 224.25154455790053
224.25154455790053 223.79549988491826
223.79549988491826 225.80917305101454
225.80917305101454 230.81956183788654
230.81956183788654 236.3486346378984
236.3486346378984 228.63840013076532
228.63840013076532 230.02846533259634
230.02846533259634 228.2946454087081
228.2946454087081 229.54406847212846
229.54406847212846 230.05091302950675
230.05091302950675 229.36470535416686
229.36470535416686 228.63720368726877
228.63720368726877 221.1595711928292
221.1595711928292 220.80234973335232
220.80234973335232 219.02890929492034
219.02890929492034 221.44463110975536
221.44463110975536 228.0043731808563
228.0043731808563 221.34340848090616
221.34340848090616 221.11896628797166
221.11896628797166 225.61987904467284
225.61987904467284 222.89215850793033
222.89215850793033 217.75687412911947
217.75687412911947 216.26933294309057
216.26933294309057 215.39915341270347
215.39915341270347 212.2684783623275
212.2684783623275 206.07913669158293
206.07913669158293 202.96766531061903
202.96766531061903 203.83179841709338
203.83179841709338 198.63058436858498
198.63058436858498 193.14313991656957
193.14313991656957 194.3056512098105
194.3056512098105 196.4146644568578
196.4146644568578 199.685446479237
199.685446479237 200.2978631950482
200.2978631950482 200.6613073995685
200.6613073995685 200.93106354200538
200.93106354200538 207.281099223408
207.281099223408 207.05486953840935
207.05486953840935 207.76834541807193
207.76834541807193 212.36289569616247
212.36289569616247 212.52456998512463
212.52456998512463 219.15482144816391
219.15482144816391 216.9318480353294
216.9318480353294 215.89553420029978
215.89553420029978 210.53733672845732
210.53733672845732 204.1212591294385
204.1212591294385 210.12395665312485
210.12395665312485 207.60006971175233
207.60006971175233 211.87778648802595
211.87778648802595 214.63732570010126
214.63732570010126 209.55805283689864
209.55805283689864 214.00584787184343
214.00584787184343 211.8171159114744
211.8171159114744 209.03399838988216
209.03399838988216 203.67907947536338
203.67907947536338 202.00884038731851
202.00884038731851 195.5546401544429
195.5546401544429 195.89057767492338
195.89057767492338 195.73071918560038
195.73071918560038 192.8810721326462
192.8810721326462 197.3825763933183
197.3825763933183 197.06397452932097
197.06397452932097 195.40209563272845
195.40209563272845 195.8240345859839
195.8240345859839 196.79885270315708
196.79885270315708 197.56592772547918
197.56592772547918 192.25982731191536
192.25982731191536 192.5188953899657
192.5188953899657 193.75125266019919
193.75125266019919 196.99856771867778
196.99856771867778 194.73030912228435
194.73030912228435 200.17733819469376
200.17733819469376 205.88771526262107
205.88771526262107 206.1043590200506
206.1043590200506 206.714032479411
206.714032479411 204.43514575829357
204.43514575829357 198.9383046280668
198.9383046280668 200.88615540420597
200.88615540420597 207.65734825740634
207.65734825740634 208.30997165868763
208.30997165868763 212.8317821672996
212.8317821672996 213.59846463513722
213.59846463513722 220.01582839267436
220.01582839267436 225.30030416335052
225.30030416335052 227.07888279313437
227.07888279313437 227.05189353032802
227.05189353032802 227.8195800252422
227.8195800252422 227.98573176223002
227.98573176223002 223.04299521624222
223.04299521624222 221.85470211213544
221.85470211213544 215.7603476548035
215.7603476548035 214.87411422604967
214.87411422604967 215.00405948452078
215.00405948452078 213.55134283489974
213.55134283489974 212.83728398972647
212.83728398972647 216.99884985308728
216.99884985308728 217.55120935699094
217.55120935699094 213.84367312983426
213.84367312983426 213.15180097008567
213.15180097008567 214.01258338617728
214.01258338617728 213.03605137625624
213.03605137625624 217.87011424827938
217.87011424827938 217.52008915757224
217.52008915757224 223.92834229491316
223.92834229491316 222.79823902884337
222.79823902884337 222.71475765899683
222.71475765899683 220.91559886151455
220.91559886151455 219.7816421414062
219.7816421414062 219.67103709072984
219.67103709072984 217.92988569036686
217.92988569036686 215.9996732504622
215.9996732504622 208.92776240885172
208.92776240885172 201.67051819523425
201.67051819523425 201.20438078518694
201.20438078518694 200.58576992014153
200.58576992014153 202.62173086110684
202.62173086110684 202.04039460068248
202.04039460068248 196.78329708241176
196.78329708241176 198.7432228113784
198.7432228113784 195.25383079409937
195.25383079409937 190.35363035026032
190.35363035026032 188.69786292115157
188.69786292115157 190.26399366442337
190.26399366442337 184.38073546693767
184.38073546693767 186.34463963994307
186.34463963994307 187.15649563391557
187.15649563391557 187.18590606700195
187.18590606700195 187.61826307028838
187.61826307028838 192.69048361624985
192.69048361624985 196.76795253826947
196.76795253826947 197.6418952028058
197.6418952028058 200.29417078408946
200.29417078408946 193.52667534943507
193.52667534943507 195.37055018969363
195.37055018969363 195.39050008064365
195.39050008064365 196.22499282288075
196.22499282288075 196.67695295594007
196.67695295594007 196.798881370338
196.798881370338 198.23743271926796
198.23743271926796 198.47605403261676
198.47605403261676 196.56753058944906
196.56753058944906 201.91710360004475
201.91710360004475 201.94158563463336
201.94158563463336 201.86009020459576
201.86009020459576 200.0522611643943
200.0522611643943 194.6178933421316
194.6178933421316 200.37629819345725
200.37629819345725 204.31569792808963
204.31569792808963 200.58283252648712
200.58283252648712 196.09391641634883
196.09391641634883 191.4801052713342
191.4801052713342 196.8084143786806
196.8084143786806 199.67203610479743
199.67203610479743 194.0467501305002
194.0467501305002 192.35577274867975
192.35577274867975 197.51916331519675
197.51916331519675 199.06040639219268
199.06040639219268 200.42772022370238
200.42772022370238 197.37685015129992
197.37685015129992 192.46536524851604
192.46536524851604 189.24387370042848
189.24387370042848 191.5742835738327
191.5742835738327 194.37368381223337
194.37368381223337 198.26583717433624
198.26583717433624 196.4898174071434
196.4898174071434 195.891004667128
195.891004667128 195.4102087799213
195.4102087799213 188.76902912104413
188.76902912104413 182.72315491313728
182.72315491313728 184.8309270950067
184.8309270950067 186.42421352380882
186.42421352380882 192.43550515405317
192.43550515405317 196.90578115097787
196.90578115097787 197.89037820840227
197.89037820840227 204.71898477368836
204.71898477368836 200.10456511029966
200.10456511029966 194.0585229287096
194.0585229287096 193.13198335991322
193.13198335991322 187.68798315580577
187.68798315580577 189.2949247072836
189.2949247072836 189.8073750001705
189.8073750001705 190.8885558749549
190.8885558749549 197.01165488303826
197.01165488303826 202.12811397111923
202.12811397111923 206.6808676675545
206.6808676675545 209.8101340615433
209.8101340615433 210.83453502339052
210.83453502339052 207.01779336002036
207.01779336002036 202.576112248996
202.576112248996 202.49751601745007
202.49751601745007 204.84024172477163
204.84024172477163 198.13700402958705
198.13700402958705 197.61202014827518
197.61202014827518 194.86917770319076
194.86917770319076 191.66979687050548
191.66979687050548 191.03426903832417
191.03426903832417 190.0512126653563
190.0512126653563 194.74541700144863
194.74541700144863 200.10615499424563
200.10615499424563 199.1423294223654
199.1423294223654 204.52067782721795
204.52067782721795 204.30316160023725
204.30316160023725 202.84065645998447
202.84065645998447 202.03029916313253
202.03029916313253 197.98129542561324
197.98129542561324 198.61926122237563
198.61926122237563 198.52159741110992
198.52159741110992 194.37403901662816
194.37403901662816 193.08126146981206
193.08126146981206 197.73276321077986
197.73276321077986 198.55087325849797
198.55087325849797 197.66005653454667
197.66005653454667 197.9925324693613
197.9925324693613 196.22120962888303
196.22120962888303 201.4551500591321
201.4551500591321 199.24711625233806
199.24711625233806 198.16661761143183
198.16661761143183 203.65194231523887
203.65194231523887 203.62886719096772
203.62886719096772 201.79539273095676
201.79539273095676 200.3132613931538
200.3132613931538 207.16996416473086
207.16996416473086 200.50510909210797
200.50510909210797 200.3680624628347
200.3680624628347 199.18524755339948
199.18524755339948 202.9669588409462
202.9669588409462 199.78145573780915
199.78145573780915 199.7613766778894
199.7613766778894 196.33993556704823
196.33993556704823 191.0660863904955
191.0660863904955 184.89062359267987
184.89062359267987 185.2522839691305
185.2522839691305 188.82112825444082
188.82112825444082 186.59870690438035
186.59870690438035 192.36296636238532
192.36296636238532 191.12578290093765
191.12578290093765 194.70207723485044
194.70207723485044 194.2865171978597
194.2865171978597 192.96924833419052
192.96924833419052 191.42432371675744
191.42432371675744 192.42214446795197
192.42214446795197 187.97960616621572
187.97960616621572 191.36912728263331
191.36912728263331 191.95899463617837
191.95899463617837 185.81037525798064
185.81037525798064 187.00391984495548
187.00391984495548 185.94791383540402
185.94791383540402 185.3059726643874
185.3059726643874 185.2714136773688
185.2714136773688 186.53272507123228
186.53272507123228 180.709660740762
180.709660740762 182.93812750543395
182.93812750543395 179.99288712360513
179.99288712360513 175.30750781507646
175.30750781507646 181.32721892904735
181.32721892904735 185.52634821978074
185.52634821978074 187.8635238650886
187.8635238650886 194.33622803935336
194.33622803935336 195.1656068355807
195.1656068355807 189.61194040980305
189.61194040980305 193.23322918456736
193.23322918456736 194.1547488188758
194.1547488188758 193.59468142285593
193.59468142285593 193.18368758366512
193.18368758366512 195.06130699795384
195.06130699795384 189.34893624042786
189.34893624042786 189.32543602223595
189.32543602223595 194.97326467141727
194.97326467141727 195.22708400662998
195.22708400662998 193.29383584136394
193.29383584136394 199.3734564555749
199.3734564555749 193.26776070836507
193.26776070836507 197.00220051737935
197.00220051737935 196.95095517474874
196.95095517474874 193.4762682550908
193.4762682550908 193.0123013432447
193.0123013432447 188.5851251816764
188.5851251816764 191.74865498443876
191.74865498443876 188.6224863016344
188.6224863016344 188.98588940213926
188.98588940213926 187.74217057390766
187.74217057390766 183.26672945792996
183.26672945792996 177.51726888681574
177.51726888681574 182.67897164880077
182.67897164880077 183.504006518041
183.504006518041 183.71857515246379
183.71857515246379 185.38987213946106
185.38987213946106 188.39834103479512
188.39834103479512 194.57982695714364
194.57982695714364 198.0120857751454
198.0120857751454 197.435036047866
197.435036047866 193.55219224924727
193.55219224924727 195.22007010118463
195.22007010118463 189.28456082655134
189.28456082655134 189.58650159774464
189.58650159774464 189.97833196428596
189.97833196428596 188.43893020117775
188.43893020117775 192.6853140700351
192.6853140700351 197.68451446095236
197.68451446095236 197.49107391662133
197.49107391662133 195.00853302546508
195.00853302546508 195.59764966360882
195.59764966360882 194.72227724162593
194.72227724162593 201.50827478510521
201.50827478510521 201.68312999303
201.68312999303 201.2280646588473
201.2280646588473 201.13287257047747
201.13287257047747 198.03707151874065
198.03707151874065 197.90728115795093
197.90728115795093 196.0723894236718
196.0723894236718 189.48706246646157
189.48706246646157 190.6238400063558
190.6238400063558 185.18854469883718
185.18854469883718 189.12402983506334
189.12402983506334 190.94707100691573
190.94707100691573 190.59658642184627
190.59658642184627 195.5088606316823
195.5088606316823 192.4333400764292
192.4333400764292 192.47523027070542
192.47523027070542 193.02386589455426
193.02386589455426 192.49827552374182
192.49827552374182 186.21229117612697
186.21229117612697 186.83578130510622
186.83578130510622 187.83475338139544
187.83475338139544 188.6995872296212
188.6995872296212 191.66597543170863
191.66597543170863 192.96548647142097
192.96548647142097 191.76526195831994
191.76526195831994 192.0230294955515
192.0230294955515 198.27572697920644
198.27572697920644 198.25552386038282
198.25552386038282 193.48719245957776
193.48719245957776 189.12353753592802
189.12353753592802 189.87292014820542
189.87292014820542 189.07699697556438
189.07699697556438 189.70045609129022
189.70045609129022 189.54944581192922
189.54944581192922 191.4674899806733
191.4674899806733 189.4111414367431
189.4111414367431 189.35950162467964
189.35950162467964 192.6861164988309
192.6861164988309 188.5451249545075
188.5451249545075 193.01164259996708
193.01164259996708 189.1633139147364
189.1633139147364 189.0988706925284
189.0988706925284 189.37171507291737
189.37171507291737 194.52510581521068
194.52510581521068 194.4687967546068
194.4687967546068 194.3334977005848
194.3334977005848 198.40372943995723
198.40372943995723 196.59899691265508
196.59899691265508 202.36824330854205
202.36824330854205 201.37983730414106
201.37983730414106 201.8753175602582
201.8753175602582 202.2108697691633
202.2108697691633 202.2872486278695
202.2872486278695 199.04789348085652
199.04789348085652 202.6759856543571
202.6759856543571 198.180972219255
198.180972219255 198.35674352600222
198.35674352600222 205.2494684115087
205.2494684115087 200.99890933609225
200.99890933609225 202.47678388333912
202.47678388333912 203.66557092558153
203.66557092558153 204.51610375215108
204.51610375215108 204.14869114421293
204.14869114421293 203.56250431606983
203.56250431606983 201.87891183189814
201.87891183189814 201.51173871990216
201.51173871990216 196.9597436446449
196.9597436446449 199.45142742177728
199.45142742177728 195.93401288223242
195.93401288223242 198.40102828593118
198.40102828593118 191.58265433840538
191.58265433840538 185.39669910264806
185.39669910264806 185.67067704409436
185.67067704409436 187.81815322466906
187.81815322466906 193.63394621797656
193.63394621797656 198.37282105005863
198.37282105005863 202.1130634706598
202.1130634706598 208.81056002208882
208.81056002208882 211.13916757099204
211.13916757099204 209.80885772749224
209.80885772749224 204.63486629069496
204.63486629069496 201.1822897735432
201.1822897735432 205.51118758417994
205.51118758417994 209.0445399581712
209.0445399581712 209.696499879348
209.696499879348 210.5150060907845
210.5150060907845 204.53740088641
204.53740088641 204.72354181172798
204.72354181172798 203.56927323761903
203.56927323761903 206.53776985441036
206.53776985441036 206.67599610246774
206.67599610246774 200.39493679317013
200.39493679317013 202.41566810072328
202.41566810072328 204.97156404553797
204.97156404553797 205.38192199737
205.38192199737 206.6002031705519
206.6002031705519 207.77429655483195
207.77429655483195 204.07624773857438
204.07624773857438 204.02170621963631
204.02170621963631 205.70646181542978
205.70646181542978 200.81415789611526
200.81415789611526 202.49346433803785
202.49346433803785 198.82582493417758
198.82582493417758 204.15846834785827
204.15846834785827 197.25880462515306
197.25880462515306 201.01108981570906
201.01108981570906 202.41896067494355
202.41896067494355 207.74045985687303
207.74045985687303 206.94309683167052
206.94309683167052 212.64918195380983
212.64918195380983 215.02840919682063
215.02840919682063 212.60148481496958
212.60148481496958 210.12402851963205
210.12402851963205 209.61473462294336
209.61473462294336 209.525033455809
209.525033455809 206.28592283881733
206.28592283881733 199.2876370004072
199.2876370004072 204.4891144070688
204.4891144070688 200.46339253444413
200.46339253444413 202.76432664673834
202.76432664673834 200.82682741223937
200.82682741223937 203.12139563757856
203.12139563757856 202.68626783664632
202.68626783664632 203.5626347332124
203.5626347332124 208.96595326896758
208.96595326896758 207.22692743314903
207.22692743314903 205.51159138074638
205.51159138074638 206.44972254793592
206.44972254793592 204.10660484807804
204.10660484807804 205.66204610575932
205.66204610575932 211.01159039453492
211.01159039453492 211.3260751210347
211.3260751210347 209.99553223126273
209.99553223126273 202.84593405308829
202.84593405308829 202.25026672090507
202.25026672090507 200.66957531629308
200.66957531629308 205.52484339907585
205.52484339907585 205.7000693075376
205.7000693075376 207.8506349794589
207.8506349794589 214.93087540377422
214.93087540377422 217.09183745288584
217.09183745288584 224.52263688739777
224.52263688739777 222.57750069713813
222.57750069713813 228.31512924199296
228.31512924199296 220.92485128415274
220.92485128415274 218.6086146537894
218.6086146537894 212.78643101989044
212.78643101989044 210.70100733040982
210.70100733040982 209.6554706493393
209.6554706493393 208.63133285578064
208.63133285578064 208.83123295491995
208.83123295491995 208.1031293386315
208.1031293386315 201.92867014600313
201.92867014600313 201.26424467442374
201.26424467442374 194.32024768708405
194.32024768708405 192.57870726036583
192.57870726036583 195.77844687465648
195.77844687465648 199.86933158184627
199.86933158184627 205.0389210320032
205.0389210320032 205.38329724361844
205.38329724361844 207.17426609602214
207.17426609602214 207.62374680916162
207.62374680916162 206.50798316236208
206.50798316236208 206.225570721179
206.225570721179 207.55973716437612
207.55973716437612 203.27823831092053
203.27823831092053 209.68206681149334
209.68206681149334 204.85979397027305
204.85979397027305 208.33278393165227
208.33278393165227 203.87642763484982
203.87642763484982 204.2931882373548
204.2931882373548 207.87797534705834
207.87797534705834 209.43984067857687
209.43984067857687 207.90259044734157
207.90259044734157 211.1559267248183
211.1559267248183 213.23122254144687
213.23122254144687 213.61996439670818
213.61996439670818 220.05589439777958
220.05589439777958 220.14729082038727
220.14729082038727 220.1159510106664
220.1159510106664 219.18693012636865
219.18693012636865 219.12343427211346
219.12343427211346 215.77510129813527
215.77510129813527 218.11091353295348
218.11091353295348 216.31492528418974
216.31492528418974 217.63029005209785
217.63029005209785 217.5899114713842
217.5899114713842 217.54379370739187
217.54379370739187 213.57585814869265
213.57585814869265 218.02645014008147
218.02645014008147 215.69800337281424
215.69800337281424 213.37759974647292
213.37759974647292 208.6798804698061
208.6798804698061 208.5698724640761
208.5698724640761 207.28903598491203
207.28903598491203 205.24389470517087
205.24389470517087 204.3921465495039
204.3921465495039 207.28460415230796
207.28460415230796 206.31799458561972
206.31799458561972 205.35154019690435
205.35154019690435 207.38248612044373
207.38248612044373 206.45709037332364
206.45709037332364 203.51812147085457
203.51812147085457 205.39815940665213
205.39815940665213 205.05955851397985
205.05955851397985 211.187188684617
211.187188684617 211.4464588616975
211.4464588616975 205.77752956608975
205.77752956608975 205.80616212628442
205.80616212628442 212.76800694565654
212.76800694565654 213.2382414798894
213.2382414798894 211.71909917188728
211.71909917188728 214.25893823905
214.25893823905 215.7114501066225
215.7114501066225 209.31049043941275
209.31049043941275 210.9812908543135
210.9812908543135 208.0000628707135
208.0000628707135 211.7085204781093
211.7085204781093 210.58639351146965
210.58639351146965 215.7611447269805
215.7611447269805 210.53942211751922
210.53942211751922 205.27975108145284
205.27975108145284 207.82993595476344
207.82993595476344 202.80594679630997
202.80594679630997 195.97277887669813
195.97277887669813 193.2002782635115
193.2002782635115 193.35431671327353
193.35431671327353 194.83036511982633
194.83036511982633 197.04520294130975
197.04520294130975 197.3370070008458
197.3370070008458 197.35873676711276
197.35873676711276 202.35493753005693
202.35493753005693 202.5078378214877
202.5078378214877 201.0759510034469
201.0759510034469 207.33181919113161
207.33181919113161 206.1815950706554
206.1815950706554 212.86132047337682
212.86132047337682 219.15793514670005
219.15793514670005 212.90399115404966
212.90399115404966 207.44659537315198
207.44659537315198 214.1933525140754
214.1933525140754 218.02716693409965
218.02716693409965 216.98479032343937
216.98479032343937 217.4765422174472
217.4765422174472 210.1581797744931
210.1581797744931 208.15017187939736
208.15017187939736 203.22581609054953
203.22581609054953 203.45303494599455
203.45303494599455 201.79359789173918
201.79359789173918 195.60705798529472
195.60705798529472 197.0747925084346
197.0747925084346 193.96810761487436
193.96810761487436 198.1256323235073
198.1256323235073 198.40118779048257
198.40118779048257 195.2887367519022
195.2887367519022 195.51636410230788
195.51636410230788 195.65053795599994
195.65053795599994 197.56653101900022
197.56653101900022 193.67817103257633
193.67817103257633 197.51726266447528
197.51726266447528 200.97805460029412
200.97805460029412 205.66812695654713
205.66812695654713 210.74145789421416
210.74145789421416 212.79092978079117
212.79092978079117 214.18040188260815
214.18040188260815 209.99754869255915
209.99754869255915 214.527660491374
214.527660491374 210.22388543110603
210.22388543110603 203.18940231495574
203.18940231495574 198.33680353611325
198.33680353611325 197.19407009042257
197.19407009042257 201.41484549017036
201.41484549017036 197.2865032515839
197.2865032515839 201.35451998458163
201.35451998458163 199.5970014349236
199.5970014349236 199.46314894042166
199.46314894042166 203.59308320289577
203.59308320289577 199.67614490279453
199.67614490279453 197.0974337464995
197.0974337464995 197.22272544461816
197.22272544461816 197.51333636971498
197.51333636971498 196.43972400463738
196.43972400463738 200.19821463983072
200.19821463983072 203.62167504276684
203.62167504276684 203.77387423994844
203.77387423994844 205.73113221394195
205.73113221394195 212.13423271166968
212.13423271166968 204.85635764725635
204.85635764725635 208.2896541754412
208.2896541754412 211.77594691040775
211.77594691040775 209.84537020599794
209.84537020599794 209.15371322574728
209.15371322574728 201.95780348604904
201.95780348604904 202.29270570553388
202.29270570553388 207.202548003969
207.202548003969 203.34136159862123
203.34136159862123 207.63687824829685
207.63687824829685 208.12843181106282
208.12843181106282 205.7085154675417
205.7085154675417 199.5985048954324
199.5985048954324 202.30071539500278
202.30071539500278 203.54917085812107
203.54917085812107 203.6886255262634
203.6886255262634 201.7011649129444
201.7011649129444 207.7269218352624
207.7269218352624 208.93364556000517
208.93364556000517 204.9475649488068
204.9475649488068 207.55054860470943
207.55054860470943 208.0737752585929
208.0737752585929 204.69677304936755
204.69677304936755 208.28993413590067
208.28993413590067 209.3109136377747
209.3109136377747 215.32805731169935
215.32805731169935 217.5418591801479
217.5418591801479 223.16995788226194
223.16995788226194 222.3671019460915
222.3671019460915 215.89105230329935
215.89105230329935 210.10104349250335
210.10104349250335 213.9954082077997
213.9954082077997 211.349200542086
211.349200542086 217.55782929051847
217.55782929051847 221.01496083649877
221.01496083649877 214.43916136512524
214.43916136512524 214.77159891812556
214.77159891812556 211.13437950345966
211.13437950345966 215.03816524884564
215.03816524884564 212.79386312578012
212.79386312578012 217.7480994549475
217.7480994549475 218.19503971875181
218.19503971875181 211.5913763143844
211.5913763143844 215.38571962508468
215.38571962508468 217.11902188468952
217.11902188468952 218.22199775011097
218.22199775011097 211.14889812751034
211.14889812751034 211.80855466567732
211.80855466567732 214.773552311479
214.773552311479 219.6981083481988
219.6981083481988 217.6491702136202
217.6491702136202 213.35963209041557
213.35963209041557 209.26058777437254
209.26058777437254 211.3539524683273
211.3539524683273 211.2878515945662
211.2878515945662 211.03013421615265
211.03013421615265 204.4600055246857
204.4600055246857 204.6258984950092
