4 0 0.0 1.5499999999999998 5450.095610706973 2.5226495163690568
232.85163244558206 226.1088769890869
226.57341168044186
223.02996294354048
230.34741968221368
233.2897435169434
235.44444631558463
235.94830045713928
243.95245295497273
238.71344689259675
236.0887076223268
237.83312473543364
236.88416886980318
230.6280097373069
234.51148919214444
235.79787187449352
233.37397692705963
228.93735379473472
227.77234123530474
233.08000615454202
238.41484466440056
234.12896871695293
237.54048890492
229.30331203646088
233.99356504886683
234.37251107878933
229.58189790261156
235.7107981655065
231.0709659527108
234.7807687769584
237.68389836639932
242.68053969865193
241.74330949767878
240.63981096714483
240.47909564847748
239.3821866961025
236.7894317702405
231.5393025345957
231.16792200216648
230.17577864063207
230.3186102809974
230.16342361234
228.79100647280953
231.86386537275735
231.02827316866194
225.3601097391229
223.777781223059
217.66257890310058
218.75587123030962
220.0206060983151
218.16766692976765
225.1551043501736
225.1104419406491
223.6651631511927
218.08290336896476
221.31088179321972
223.11320238670095
222.63968657574708
217.40214057134435
219.92409384842074
220.6245362284398
226.84151474696648
229.2270564660182
227.61469958654928
227.64462887685676
226.1019643208323
228.70797319849083
224.52495593561386
222.8748817553069
219.49564197847437
214.08724427424812
213.11112146642188
215.12376273739477
219.9549867718406
226.55742185274752
223.70722948275844
225.89780391102215
227.20395947616035
227.7186630611038
227.1622067220837
230.02338782216214
231.53692404004926
238.76311364035553
237.93989649880302
232.53258059249447
226.70780052485662
221.24114962422996
214.228145816184
212.3804441457568
210.19274258087435
209.89863546804565
211.2528509236539
212.07465739179577
213.07920178001288
215.59183550816974
219.72505612007305
222.53109775860023
225.55644196457453
226.1954386459935
220.88745922312296
217.64666527125382
217.33600801296075
221.78387110343263
221.1192304217599
226.46496014378724
230.051301827084
228.62649600505762
228.58399511130526
226.24427903885456
226.75384617787756
225.20453683564895
221.6512797114368
220.2632447744627
225.47880083930366
219.7462752929934
217.45220597839042
217.36312057225655
217.63848048511582
219.0652217500522
225.8185057138765
224.8775619701904
220.3081772245779
215.29002989960006
218.9428610978849
214.93383266008084
216.365487214131
217.15727421694578
224.5110701672233
229.41273077102653
226.48356126264997
225.52171783169103
223.8137936590956
224.21207576787597
227.07495120900134
231.9906961793862
225.22808130938287
229.83836814926104
226.2053193089502
227.11925842486465
227.6308655356676
228.153315704792
228.11245419294542
232.9201700400984
235.1872595424028
231.23922246866923
234.03787695899894
236.9288074617315
242.78695574131388
244.45938206963362
241.41545062714908
235.22087400692828
227.68770658292334
228.69987207389244
221.83572273194372
217.509063695697
217.36302142080035
220.66083211154216
227.77316870414685
228.15609209001718
223.64944892333114
226.1014032555312
223.0740683157347
229.51584219017886
228.09807921654144
228.99310951971634
228.96385365218535
235.1214697738883
226.95082535650567
223.13636933403302
228.8587791691822
231.68960042880514
237.97938651513755
230.85317042940932
235.0550128997327
234.42647535611368
227.05447753681725
227.66942249700384
221.14486807556855
220.14179125958765
223.03317782087217
230.77975336858557
230.8155699051566
228.59831844736115
229.2631865255504
230.23211146099604
226.711221104954
230.49564516759867
235.2428610798153
238.2094965788942
238.96427076985634
236.22398496286814
232.6911257730708
239.35576457330356
241.04097047092307
242.2424722595561
242.145524980439
241.3475154925452
240.99756725248452
238.76536458349662
234.9526499823077
233.91195410128802
234.00489468391558
234.06172251575828
233.23035974572528
228.9494177486603
233.77848508442943
232.91452373603607
228.32072357783423
231.04861908862085
231.17208944175917
235.7837169539942
237.28274057268945
229.8754286203929
232.4524002629595
237.39236220301686
241.99960030692313
249.32067503167247
249.2715676916738
249.04363628401404
247.60207814618028
239.6526410031796
240.208606559242
242.95093392979055
238.29980133220877
242.3951563282057
241.49616302297025
241.8874462027795
238.25460538132768
239.28240364425585
232.38064742455575
225.12143473565573
230.55736472123357
230.36115005733743
226.2909653022175
225.40626892534573
225.78748696598643
225.0948113130914
226.31810070112414
231.73715985032632
233.65146902864933
237.0382966071913
242.66024798060033
242.16991846044195
243.63369527280256
241.1614255581446
248.2141124885496
245.92151331208785
247.93528192433246
249.61442689729753
243.68609339277907
241.25054055924372
235.61480403913322
242.3346569399257
239.43017173149585
239.5031282962344
244.4615462315208
240.37551511990247
237.71423941485125
245.65642435480746
238.80345232401234
238.15313316149576
238.4813421534479
239.13984325808426
242.99667765748777
242.47410906508657
242.35830371656363
248.87040000573106
244.81338502266362
243.61223350583234
243.53991392111303
235.02829835490923
234.98982307166438
232.91418294077624
238.88313961894363
236.74583484028383
233.44611906269367
234.09580716315958
234.14612555513807
231.43572882910834
233.09657402581243
235.93553357281462
237.37711168642844
238.7789223672712
246.7523222046586
238.80336769187858
238.8732644432926
234.46770631150724
236.12156163072467
234.57063664274688
234.68829276805417
234.1074326796866
237.06201067395793
243.26387372258935
249.22630735872067
249.98085548153776
250.90865289650793
250.71034926673244
253.7114869133207
253.65378171547667
252.6937205644505
248.8978139463001
248.64497510744383
251.36611620830467
250.6296729432886
246.17309994875131
253.10994489533635
253.3252536669754
251.53467997662523
243.28821602123213
241.58603183771362
245.23385891984796
237.97287360904772
242.06690247647182
242.10371915634914
234.5123884163448
239.2431278450812
241.1888383842529
239.10832344268022
239.49974791968523
232.5171431821687
237.49408953929571
243.21366971365325
243.39650079740116
250.57584638412683
252.9584588827199
250.15773140995313
247.1701376903067
244.36827018995263
243.36962626174844
241.12721875450833
241.0720641017161
246.48306132397175
238.48751464826012
233.82269305128992
235.73745688009086
237.24704573292084
241.19483264737931
241.7820780924196
243.300200446504
243.50417902208267
250.9620954998087
253.24173580180593
257.37729256754625
253.57129196532813
257.26364431748885
248.29888184573122
241.58597863651315
241.81964565928132
245.42217618613756
242.8502108115115
242.1235236783121
246.74651771455922
240.64822491484634
244.27926530410505
246.25590910647034
242.33582242173154
236.1884609642321
241.67441199887506
249.48277666889427
251.56454475590033
252.60762700635283
252.7100463258124
253.6210865270885
251.82889323014032
253.09677002133955
250.91005955686927
242.11545480439676
246.52729483261453
241.59176546175476
238.40955197267988
240.50815799126383
235.72842777834518
240.43295772178388
239.30168742140077
245.59663723052037
242.31450167136148
241.33059468439825
237.33528309792783
241.6681784487876
249.84653304477823
252.1711383210756
258.0777597533998
258.1281312483704
257.69175501101057
262.3420480241588
263.65789484511373
255.8332382126746
257.35714292157303
259.7852421571874
251.54487008240122
250.54206610328677
252.004317725413
247.92133865186187
243.26436310012815
240.37106626637475
238.6699465280638
233.64185151757127
233.35362809685014
233.29220115016687
233.3841941254987
233.67605776604313
233.75289187091073
236.1247566170954
241.58515647552022
247.0872933452611
243.86305341938345
251.50322277905232
254.2390533657658
261.9583086912905
255.87783850461395
255.791840797285
249.46492867272286
247.4913716855533
254.88306158916683
260.0889704869891
257.25203930196136
255.65594168532786
252.2938354876062
249.14328654862433
249.4515819635962
248.61720003470936
246.17285933214757
240.02864569888507
232.09230349818637
235.30018963159552
235.81003512039774
236.11258679081587
238.6863077450432
240.86509430631597
236.26021720418154
240.11660386998346
232.52928212293168
239.8334812393084
240.5894665983793
240.65589385813317
242.23260389573215
238.14097205843052
240.54919564520213
235.77348176295757
242.69866116634
239.72510784383334
243.3178642072177
248.37534271220255
244.72430862258804
243.2877783322446
236.74346040136857
232.926940343427
226.6184881224124
218.75872946449593
219.4455697233859
216.77249641947043
223.65083587502178
225.48724129480317
230.7185056158983
231.80176910100712
231.77600826848675
232.73276670783937
233.07603877589813
226.05092244086148
223.70365525065273
228.4714385575687
227.59779472320906
235.25215096281107
241.5145470557481
245.22375887395123
237.4841618446955
237.3837734025342
238.04785072320146
240.92935464690498
237.03005891078465
241.84864524663948
241.40978081288122
233.89535017538114
233.27212127330807
226.6500416873227
227.65761685473643
220.8439009369023
220.41111101889777
216.2313140664455
218.1104878689355
225.25714417178796
217.59634642446207
217.95923398942594
212.9346854863387
219.66496329440545
219.69050674943887
222.3103029922463
226.4977261361855
226.57990195213682
227.45487232875456
227.52090779084222
229.91897546979013
222.84358808622906
221.31992569781306
224.73922092797937
224.79992934344398
221.3958580499602
225.3232142595895
227.02845486877746
219.74921020794048
224.29120720327782
220.59558267770709
223.44927567605586
218.67822157691288
219.73513777161517
213.77391194568952
215.85651073324095
215.1129182965671
222.32399337615686
221.27720412147053
224.07339852915112
229.05249802877879
229.33455152754718
227.8931293774618
225.84569102351136
219.73595456831652
219.47684606744804
225.36147911529991
225.82071396637338
231.80265109618114
231.64281481515198
230.1108450111676
222.70599404076256
226.5842566055469
225.57780737780686
222.1844794576893
223.55282086303117
217.62294501122184
221.8699063732125
224.0988127679562
229.592473530995
232.62045234488613
235.002177174004
232.90923220425907
224.76033220687907
225.76004988606792
225.50710639453416
225.47184028797932
219.55902733896795
219.83057728321745
221.3005426074528
218.32258343096476
222.20545773759207
222.5717654410644
222.1738424288206
227.6127447414288
225.84621125246133
229.13010513464235
224.91305200779357
226.18177831153858
221.4043248228182
221.57958874128724
229.24858455854834
233.36206272658166
225.74135801297336
228.45216359602165
222.9037784601181
223.06213597378914
229.2202132799189
229.1476148151147
227.86339652081963
225.6669582499313
221.02091808565626
216.8165417693661
219.28098696803033
215.39458614232313
222.62613391412742
216.70748335597438
220.267607198647
226.7607717843569
223.95512592332068
218.07293074263413
222.07249221782683
223.85384796717332
225.12286178034518
224.17054743787173
223.88492633892014
220.55284974964667
218.91937918708052
216.4085158847493
216.468143836925
222.7076714311951
223.43617228230258
224.87284182882888
224.93651701499726
229.52913601528923
229.48153743610328
226.1405566310857
225.43859228458592
222.54863172123203
222.38886457090246
215.1431115187316
217.30660646657222
210.79120678236765
211.2740581377768
214.1389609482313
214.2950710087928
217.3321917325034
217.9248419694643
225.37823261368538
230.90719690802888
237.71463434310382
237.46079965473473
229.68326434582463
226.1248704271605
225.19204900508313
228.44753323731925
223.62703491031886
230.2655170975606
228.24344989239165
234.8664683947148
227.19515863713664
226.52672442470327
225.10133047203954
225.98720552217983
228.34995080150543
227.8567126106025
225.1177543912714
224.55453262472173
219.956746095237
215.85399831041022
216.16090274220076
222.87848328750385
219.45400808782384
224.24786813450558
218.41989630678384
214.52219465084713
216.75399876562315
222.58206184804888
222.6397719137629
226.5137123517346
226.54497949328757
222.56045308813526
225.52184840756647
224.64108080777055
224.11594455859523
223.71925539685432
219.67247653658436
226.99656255805556
227.0380916658304
234.53104051169015
241.150897856288
238.81570856089365
245.49195602748983
241.05038567029302
241.07952200429247
247.05721348866874
248.70238166713688
244.599875195492
243.23355563180337
242.93563143666012
237.14867869332156
233.118082751746
226.00788880853116
225.84359264766698
228.42387392516414
228.27596415984988
227.58716573681428
227.89691734173306
221.19939607553994
228.2141248901347
228.42787169262064
235.26644297590758
235.36040850083916
235.98537436113622
234.53944643119138
234.57438887788845
235.4529170569879
233.9144556813406
225.90126117082826
227.76078867762791
229.1013075087295
237.10002617806825
231.51598757969356
231.53916712962425
231.75643833620654
238.63348597102905
244.4594232919424
242.70851358852266
242.77627744664346
240.40125324922545
235.99306204199917
234.1639040490402
234.12225972796153
231.00826416804054
230.75727952359716
230.9579130304
227.03627286834535
228.59899723162673
223.98080690445823
231.01718128889493
232.5844145843184
232.70894043569692
236.2580339563714
236.60962891590174
238.01985193956642
242.77173598990794
242.8135597800994
243.20605269338435
250.36716145428727
242.35239947747772
244.8067032277559
249.00088592715227
244.22537089296367
237.05628112206054
236.32902128893892
234.5523844355903
226.3591344086917
226.1144415618493
228.899862466313
223.23761716556447
224.56787612620337
221.6540997055851
221.83223294348866
228.04291347818494
223.87158303356097
228.15206857802914
234.23277187354196
236.26642000515713
236.22652623408948
229.79885957485746
229.93957432665508
237.19887779588018
241.80579453670558
235.1337065569938
236.70227119751607
228.42720904969178
227.5958850586935
231.2490989874684
224.87207478629736
229.3300081142974
230.7452973031312
227.3361540390809
232.91209715383505
224.8996740725811
225.1243525730019
228.31489998206527
231.36970629820237
232.32695459062356
229.0981534634604
227.50020237102797
227.3583941335941
224.52872179304663
222.65976773891958
219.2059982142167
211.84913120068543
206.7067395087901
205.35195067588023
210.03952741366624
216.0307998647481
221.9587401494061
223.5942510067489
220.15486565161885
213.27345076056457
215.28557277015608
215.9967726807379
216.26175663422492
218.40963921396133
218.98504203090937
222.86731614255922
227.36224606878426
226.3280526751344
221.91700093270055
225.93061448471627
232.88265005097443
233.05463390444967
228.97825100642433
221.3381798095108
221.60971002065077
221.6949534895443
222.21825273157975
217.8756660088874
225.32899366268933
232.21249993969386
234.3982870249616
241.99506607220314
237.8310812121364
238.36524013886878
230.2302809834147
235.27944388367976
240.3283484824622
245.4663134983043
237.81355561744016
240.26323337160255
242.5680560440396
244.3111587652906
242.26258033291012
241.00433609636332
239.43824329919988
239.3473498915812
247.36367439102034
239.18084598637685
247.47183487659805
244.7586465692161
244.6971640208065
238.26395955959433
237.25706255569304
236.1737771520306
235.58370832686177
237.55765747140325
230.97368569646906
227.52181350621274
227.72499069261394
228.09746013274275
230.45676131798868
232.10113720183767
232.79493826719184
233.86799075334582
235.60902472561398
241.126645384274
246.20774413332103
238.04242907362786
239.39771315668818
234.02084452344153
237.77863182567063
234.56525459525454
233.9554508796156
227.8785035407504
230.33451251876326
234.79110462799665
234.1436705914603
233.165941467755
233.86628333010322
231.79563796304797
237.60728115077424
234.48302370897335
236.8408915791187
232.71057935772384
232.4124230811342
240.37520617173485
235.3282885450318
243.0681802671172
238.253758744602
231.82006211241844
224.4060807140664
227.19961096752243
224.6655901503414
225.30841325837372
224.30455637334288
231.5295821272528
231.082032761864
234.30147294644433
228.1892208468688
227.52911509682443
222.33792812088868
218.38706767225995
218.32611472152104
215.94874798231598
214.72228083147806
220.29369708229274
221.08364056366585
222.78369382899706
223.57297462148458
227.35768428038253
224.47929809427055
223.941034758581
228.01470218156237
229.59881266965436
235.48751748426784
235.00011168154506
233.91121253010013
240.5260116223943
239.7043757668325
239.06471719590022
240.38256485065583
244.9653646465685
250.83094473154043
242.15959852253968
238.7652717227128
238.499685410479
238.1338321183259
236.06112174511276
229.8399015030549
234.05643507041933
235.4224518383359
235.8579707973315
237.27529400460037
229.69775094674793
232.93290070093096
239.75118673343673
245.52275628483025
254.07194809770306
252.72585968673465
253.88808359467276
257.07885647020055
252.44535170799378
244.80720847796368
240.50917948571575
239.45797929037116
239.05941920807956
237.51427416195156
236.70483909548204
230.62014885116065
231.72798135912706
234.48187501464756
230.2971904139869
225.27555786701606
232.6158757587041
225.1666809749325
225.25183694499592
220.281978316989
222.10236376299525
224.64359375032805
225.09591771584493
225.38351440851866
232.5496054838428
233.86672841591843
237.9640354783302
246.0501769330528
252.90029931637983
258.9027649933703
258.7634233249373
255.7328909459502
263.5969710509312
258.5961549713434
257.8831609628482
262.11685495091893
269.4800064640651
267.20363249356456
263.78224140774773
262.1100606159136
256.1878081034455
255.34903789006876
253.27170569403913
248.95131738083293
245.5296961875315
244.00295602630888
248.8941510881469
242.83328697194452
245.75259262115497
240.97783557463947
233.04188828001926
240.82576678864964
236.975045330725
240.68051989325113
247.0111426100859
254.36730100321554
257.124403416567
260.4713601627137
260.6776802570185
254.06275768255546
254.870635164839
247.07964084823024
254.09099705067464
247.9771504867656
249.41190974415673
256.76502503013137
263.81935072818675
265.64172691386574
274.9223330043509
273.28838524552225
272.5788206501386
268.56915445860824
264.66131974724146
264.02234114247943
255.53597099935266
262.76139317779194
259.59392418122866
258.449255284396
252.64432648520673
246.47637643503808
241.82457647808297
233.683892289565
235.02779418850523
237.28985178379173
238.79268161598057
241.0572966889001
233.994701238919
233.89261406462472
227.51754484277055
227.5409007292977
227.76872457559853
223.08738119224236
227.03124311307775
227.4044340174328
229.3475929024802
232.44073868216972
232.39484342613437
234.62769244377353
235.00965449631198
234.97307810478307
239.5494114457538
242.22607758303286
247.26583707117464
245.25509191329147
246.05780082655536
243.79456048481526
245.29347815911663
237.90779398370427
233.53140551366883
229.98664838358889
228.32967012631437
227.71333337615988
221.52317711737828
217.2912883884971
216.57138930569715
220.76301749416405
213.33281547540895
212.88694684921495
213.76875376347704
214.34548360165877
217.21854872655305
215.59904762346702
222.8401670410803
227.30723283665867
233.80423860734592
235.06994907708838
230.50236457994194
228.21058561719633
229.2310111121679
221.46447398091294
220.27344105777917
219.02674095739653
217.81412322362235
217.79108679359803
216.80022162097728
210.75853366740552
215.94398704453755
213.29890482957418
209.1102045011233
208.29087567685883
211.5915292138984
218.2244837352243
213.60735110852733
210.92331896745853
214.5547350832142
221.2513989444194
224.68271556893484
228.60186311872258
232.9752889681092
231.35688521753863
228.92149123284548
236.2003355127078
236.30363641015455
233.80325686872044
232.55370953859236
235.7120773993104
234.0294253180912
230.59071924555377
230.5510492386915
235.83361390008582
229.6828096766574
223.65648343154075
226.65297157484957
221.38247129393068
220.2992496236579
220.52240061633125
221.02510776117742
222.6199218456292
222.66362948574618
226.1766907797576
220.30918935795177
227.24245422602905
227.12216723909455
227.02215883635097
226.99845320056045
226.43226806373193
226.56501960202652
220.01580411420917
220.34051673206056
222.03302789366245
222.9094962717867
219.99894238976486
225.72813793358793
225.9607412430996
225.31958480239066
227.20731075199384
229.48169411653302
229.6468182168984
236.75502434242924
239.3373627471294
242.0078092359694
241.04044876420625
238.86173661113344
240.05232717443627
237.83337313127066
230.8414980843508
227.8193982368297
225.41849546754662
226.29797788854827
223.58619679378097
217.86729027726955
213.87895922613018
213.35272094409657
207.1774338360775
207.67742877977946
206.6493265316282
206.81995236029906
203.46469700164792
201.99372782502545
198.46801305595292
199.79207720684394
205.93267220867446
206.59325066141227
208.6913269673154
208.83918102418383
210.5385866517231
210.8801926357032
213.24282065347944
214.69648106119217
214.3398709354335
209.84508279436093
203.11536706520886
200.84380534122147
194.14794631235827
195.70933851536387
197.96573221333736
195.34534825023132
195.40675072059096
202.2476292240201
202.37689464477282
206.54980007926002
209.6079663469451
212.81109081609586
216.40802720004558
219.35833902898432
220.44416791023258
225.35385410722623
226.71937837288203
233.89418824233502
226.02805811643756
226.4092723508702
221.98254610821647
214.97562239166155
216.85896480301952
211.33622577112544
213.00957645709636
217.90408898871246
219.47880010961586
223.42527145148875
222.23431569164111
224.4201636774964
223.66693019380835
217.89202842426317
220.01453760600876
219.96249492029298
216.96759584714704
219.35785807982677
218.94194534650052
219.51639383081402
220.82577333881852
218.38764875466478
223.7512512953899
224.6092393149276
224.17700475886306
225.38368308721837
225.56221937143584
217.95916080355312
218.12454314751577
223.389516033704
225.21396655856344
221.00141849013698
218.3617998301208
225.23713461688286
219.9230683135273
222.72807417692331
226.3415280766212
232.56348756331127
234.49270085254525
234.44437780576942
232.23797952333803
233.5229849817808
233.6678537737386
228.16040320423042
224.81211116747974
220.97851700341033
219.6451105336246
217.65880533620464
224.3629036820324
223.3808573908558
219.5293445340026
222.64011914185963
222.8227746135523
222.38759307037893
222.46750044825689
222.65179453949483
220.53922592341976
220.78296228971558
215.06593541796073
222.25367101088165
215.18623345582498
215.16153174098832
212.30568260954232
219.65532891848477
219.06343552361642
214.90607640641835
213.82965638377192
210.43002052387243
205.75705517918684
208.0935411141155
211.59783435464607
210.75345722390648
211.0480258081629
214.26374271969556
217.12975727857088
223.5133926405227
226.6833815957635
225.7619792393615
224.84679602766457
219.7024544289763
215.65076674034447
219.29517163958494
219.33892759763097
219.9612878290116
215.4790901875911
217.79513389316173
225.375673255054
219.90333994145874
224.8262598869206
224.3730959595466
222.0374614080207
221.6500289559095
221.0267546856145
216.61737983986922
219.3974013168059
214.25884499640674
215.29435855494592
216.74763057668517
219.96679022229003
214.00327143890004
206.668005310811
209.80358313693165
212.0626374721466
213.6037557095934
215.53900799898454
218.19654009308542
212.33979098665438
212.37867170580907
214.91546866709285
213.85952650735365
208.4225276136474
208.50883020140702
211.68973234619094
208.6849695867684
208.40051472574697
208.43225823608674
212.8669506616519
212.4953083894662
209.65506699412413
209.7201603488707
204.4956578147737
208.7833051373898
210.50168953998227
206.50586152877682
210.13707275993772
213.81753839229032
217.05034353289486
218.04334222890097
218.88034843559757
219.02500902275668
221.02336036470717
215.28263036796903
219.19762725303528
211.53081231665072
211.116529452974
209.71723892621833
208.36611481629103
209.46591850003765
210.80050820784817
213.50177601089885
208.3642969829794
203.2233643060883
209.00473375186658
215.04754382237493
211.5274251165782
211.79787973434853
215.0300417795378
214.85618608509824
218.83320426552152
217.13892783779423
221.4886098366593
216.209226818191
212.2136107177293
213.76819565740962
212.1977980397778
215.53772963294344
211.74408508023618
211.59979094488355
215.46673252972133
207.97285935706148
208.59877064215593
211.93994363199067
207.07192303448184
209.44426393152733
215.55968882227486
218.68732767183604
222.76772166335542
222.6194412069305
222.55181555026942
222.37709912635052
223.7706451174271
217.0278225792274
214.7172596021287
221.25704682208243
223.39345957041746
218.15094130923205
224.71712214437008
220.77149244751797
216.85547796261145
216.17362193013815
221.06679676741308
220.76064320775632
218.39894715863161
218.08316725186089
225.4395254640243
219.0338905517966
217.6689670842711
217.58222313293845
217.4025258847973
213.49841208557268
211.54726498150845
212.12566948680828
213.47681819059966
220.31594058743104
225.71722242866704
225.1789749443544
230.473624395224
238.44572555977885
246.60129729924944
242.78950587950305
240.28705448254414
239.06221721534175
236.19051328390069
232.3417305342808
225.30575210260483
228.12963948629778
227.5971145579397
228.3811268273734
234.56603029643549
234.69714974236848
227.04585384289385
231.98405781209635
231.90748169368374
226.59054398315644
231.67533786409953
233.08061208008
234.79902331388922
236.92983741785787
230.68776616199298
230.90266864030272
230.9883806657139
229.6275281008755
233.83337998046562
226.4270311188926
232.29314829324855
235.83958758511207
243.82878186332837
240.11560895044983
234.5362757025752
228.96834432087553
220.94214723268473
220.03946139548196
227.58643342608133
227.98761324849093
231.48286007452623
232.84546972717055
226.27465653250047
222.34255532609146
222.3852923725154
222.242487948562
220.1263663403739
216.5735239003373
216.71534558625214
216.88325999747585
215.44862472937032
221.8634421662448
226.6907852764846
228.67964317622068
233.49626114981314
228.13924263582092
229.9101075875937
224.78510006283523
219.97463340576004
217.2519055677515
219.9417902362895
220.06604144596835
220.09237819421847
219.56535440061964
221.1987594100125
220.01214933235565
223.89886618961143
224.29450904587986
229.54617791435768
228.9475297081114
225.85967407275285
220.73172537514483
214.92164379558577
214.95119805946533
211.13815522784404
204.79525005899487
207.8237395072463
207.58086998956355
204.34618011725348
204.88765787718617
206.26334931018502
209.8730227922872
216.89276697262667
224.14478017451052
231.71573374994136
227.22133405386705
231.28678576261808
231.15150112244902
