3 0 0.0 1.52119027275418 5556.576017978392 2.55
198.37986967530907 198.1918496231507
195.53749596590126
201.62705509669405
208.41523117015058
202.00236925326442
205.05045573862694
208.50016460325958
213.99745195460497
215.09844161919347
212.5022847142052
205.13809474701034
212.1428842350122
208.0156655404618
201.20720279215163
200.68959433154228
199.94349038174195
193.19972901855382
195.3980963978641
198.99039307691564
201.44443373166612
200.01351154479752
200.03859267599475
203.67264893973044
200.672042193129
203.89081540049912
205.5524239072187
211.11612752599905
209.81399309163507
211.54360161623146
211.83657798904744
208.04866089197353
211.530625901514
211.89074929732485
210.80303237516793
209.78751479511212
209.95057647661693
202.69660953970765
204.89167362364682
207.31513563945293
207.46320685351256
207.28155158189992
208.44319183849092
209.27711588306497
212.59455009616653
213.59415934762643
213.7308482463996
207.9164441102639
208.6159118969409
214.33873922055992
219.00788125084304
225.90973901725036
220.65662226212984
215.94965049492802
217.83893275126275
220.23645430369572
226.95189404579935
227.29023440569011
233.9447608222798
241.14479029422844
243.24145119421394
242.2212328463269
248.58950572058922
249.91575589838558
253.97424771155124
248.56749016794106
248.97860395411337
248.26204921743974
242.25463200295735
244.46526979118426
239.0125948632857
245.37277999247388
245.53748897658943
252.89749708001912
250.21156205987648
245.87662935395096
243.41221092946407
238.86175320935337
236.38535141210133
242.3315386516242
241.85793217917674
242.86293852247627
236.94900673369858
238.1866740459482
240.39947296170646
234.87334017959353
235.45330764808332
233.0794122101085
233.5084236366548
236.99245217983076
238.2913368797952
236.8343654567011
237.11570394303467
245.34184371081017
248.48386877896283
248.51358964535044
248.47240810153696
244.7228500242284
244.98478595155063
253.37932805657672
252.30338118099203
253.3362978361228
246.02118031540408
247.65120114358697
253.87894569270418
255.1730119111193
253.7643146183847
254.2593397340213
255.11419081200123
256.169434544963
253.09594878554805
252.27122036304425
246.82199498521993
246.74308567610558
246.45664181353797
243.9766117727303
241.74975962424367
241.95685312091027
246.14454769293133
242.88468729645132
243.345956163605
241.30975340183784
241.15438916594795
241.1928818206757
233.26871801873477
232.8833091418738
233.96573513652325
232.91237842263303
233.1781451836577
233.48363848000795
234.87346271064115
238.15376465012332
238.7835939266026
230.77222606748015
236.5547342048784
236.6286076509268
229.88902499000437
237.62118788707224
236.1970859598342
243.2818907999168
243.05894552571698
250.03552132084505
250.48884228744515
250.02267930912464
248.08849679114957
240.02575849932902
239.78078260806905
239.74433086000445
239.5218468629737
238.4050398788058
234.71010491409876
226.62327540368898
225.4207234184161
227.95955123666803
227.77516225308852
235.30909787367733
234.59641417664662
231.30017922572415
230.96751846995124
235.7858247859684
235.74920359675113
233.89223601773423
226.28766173939445
223.30287865113866
221.90007849758976
222.27055213121602
219.39071747257168
218.46629487601862
213.70610635201484
214.412545522118
214.30004368856817
213.56224122413522
210.94529503722998
213.11893881608216
214.45609717810206
208.84030807706063
211.2294273672063
212.15074452005626
214.8353976978472
214.74976458599272
215.926739343676
214.81575704592868
215.22109947750016
215.3112265014707
219.87738886601105
214.40737110914066
214.91360902453715
216.64811794571028
215.3421335201832
217.33232268288677
211.87104636203887
214.9011919867058
222.34663230952532
219.67655424209582
220.14692630847773
221.59995621813366
220.09154152408038
225.50084117076278
226.4155145332275
227.13345224575735
227.31004739579623
221.0459124433957
220.23567471630915
220.06138183219394
217.6273304256229
214.79704170086944
214.97344295324615
212.67174360546974
206.9154382840834
207.05045099689542
206.12653294857049
199.46040607801962
199.9077744554435
206.50542774366102
205.69279713017116
207.63735191025413
213.5585721146062
218.92817171630276
219.0348095518197
221.20365563467064
220.87494723680223
218.8450676157586
219.97953155035296
212.89156084163739
212.58667868902089
205.61879659323765
211.14293623169866
204.22835576279473
206.42784705292405
206.63529006100248
208.8415088156743
210.95968497369788
215.18663621603983
215.81984840180687
211.9800706629197
212.27120145263734
216.73725557411552
217.3027836234685
221.51807003820693
220.78773759052524
225.7902356931151
221.03434624376058
221.00879142880908
221.4259276942417
226.6509073608926
219.39390717777607
217.0797237941921
209.95462023921158
203.9102436502208
204.24686364532144
205.10478945995337
210.21118101356313
209.80937763766218
212.88902680338435
207.99368408274952
204.94551806213852
204.98128941070777
206.02882182487764
207.25706127341746
211.58031488626767
213.8533051365564
219.05136296778085
222.5873962308028
216.71440736996163
219.0902454715757
222.85786787839746
221.62278834575383
221.5943123805669
220.20408094472774
227.15188305467618
224.30330331897312
228.6165727792676
226.97803901933102
219.61287226217323
220.32379168434787
219.59879271248346
216.78979310812403
211.41453637152674
208.08703588214618
214.51836791713063
215.3815894459262
215.18474893520175
218.6248236179301
213.31817890258012
217.53640412154292
218.304943850758
220.17344896356465
221.22786403094824
227.26624872059924
232.8099744431345
238.9897603177279
244.96735959860385
247.5975841216775
239.57506563443638
243.88475218835273
241.5088610402278
248.9664552377652
248.64054122947283
250.20824002712746
247.7812567435074
246.01330555775198
253.93300769832578
253.97918728582673
257.4513723158717
262.073188369462
262.4531183698258
262.0717785295324
267.82896461187875
271.3046000830828
267.477929237875
264.6506101473154
258.8708750623066
256.87453711417334
258.89142673457985
253.98854684554755
251.209070051272
251.11640154843008
256.70258078294194
252.05189060569074
245.01589806636258
242.595750023213
245.2237398161612
245.16241723690635
239.96233719294574
240.0640355688336
242.8512037644299
243.8841947357238
243.93928015022158
249.4539604885487
248.02099207419568
247.71610383475956
249.97860352825927
256.4300923186674
257.51869243041676
258.51466867175725
265.35679885639865
260.68927828188953
259.8698043675286
251.07758138802149
255.10018913358667
251.48770523165112
250.09272748692348
247.41832606784067
246.38854611070602
244.55631219420155
249.64249129253673
244.04576637049664
243.22914209245968
241.0628498739372
239.82051989510546
238.83679143001186
244.81365708685726
239.42560179131476
239.54487381928374
239.11587723286397
241.56616948117457
241.02981246353954
240.97692951893882
233.72328115753203
232.1768212887894
231.90491650681466
236.72570965934358
237.36166721459338
236.4952569157702
240.71128820799916
242.36596781802118
246.22950946904717
246.88289478505774
248.10940203786856
241.5286839807191
242.18830468016682
242.5099128886176
242.68334528499923
241.0993021323108
243.35625805608802
242.0549272031843
246.60613622173707
250.32984295451334
244.0599613048974
243.3506924401964
243.53024887478554
245.03617737867015
250.22164763597195
251.852871527347
251.07579713739943
249.61455932393616
251.09680931479045
255.8071630437094
253.4760053123569
255.48213174893516
258.6375925618171
258.53660964380964
252.95042399763165
251.63605886533426
249.11957016161713
244.91228874336207
244.5741293903031
248.80843139542066
248.11775066375637
254.75494894063124
258.12012229677805
258.0288283119826
249.34325865967133
246.84795410082728
240.608225315563
242.19336009534237
242.70387123398942
250.80491008135658
250.8709380510115
258.6593532404229
267.30783844660186
264.97186892521535
264.54723044717497
263.4962534079424
258.0131194498926
256.1412180749391
261.56374713407575
259.6995979048468
256.53582646141814
253.0136443394756
253.2774640669227
249.50618557630662
249.8094973305989
252.4795823360719
246.05534776975057
245.24240162909683
245.21499941060463
239.5983202176983
240.21063851544454
241.91625717104816
242.9948754572538
239.2866810131106
239.64124879188833
240.41278718497114
244.7868339367412
236.7531911474805
239.00794988734108
239.23486276687422
240.49370304557118
240.73920675275667
239.62367305076089
247.9765471111578
239.28393390444472
243.46008010827987
240.0104551820543
244.47234428705573
239.28252917649704
234.63995801036384
236.30639836090373
235.0503150170734
238.16571514852632
233.24880134669513
230.02839756732178
228.0793038028369
220.6055461761724
227.9036787238914
233.90461028112543
233.72817996037654
232.01146334605727
230.49946222143356
229.58696963367598
231.75817695695923
230.35579447499848
232.66981523415458
229.60786021657609
225.51871673413316
229.02851663818356
223.10457871865214
228.4675687491083
227.75515046717885
221.24708342234504
224.13354110303246
225.958206176812
225.7797008134358
224.76156971881917
217.92229448781455
224.15010715402278
230.7938771938611
235.35538413858316
235.0148720850003
239.221498540437
232.84211401931273
227.13254489681293
222.32339224219606
220.46509293079703
222.5112765498658
218.17012186440556
218.48977622807672
218.4644316215027
218.89298558594737
220.69759977361525
218.12462761536958
224.66858690935274
220.6734977582434
222.24141704406566
223.82231497222696
227.63636597913526
228.65566153039418
223.0706425107408
226.3825075112294
226.742770866014
228.99251991850022
229.54136777437628
232.45970366600622
234.79443234468405
232.2174359631008
237.5875931741705
230.47677925321284
230.41824488509903
230.32048309170125
222.32003963275383
230.03362436726448
224.7702497169341
223.7054352692947
223.783767974997
228.43492709074087
228.51588211126844
233.27495525624764
233.25057470816665
229.6381736830605
235.13661593004608
234.28402461096866
232.07315556354618
225.6300860773999
225.85943374173476
231.65138043810282
226.95346355695503
224.35527692811158
227.2325818117931
227.2973283060927
235.2173296975446
242.7717651105553
242.61102489765113
234.15065482233075
235.57099244534032
242.84758750201144
236.87327100911355
236.06102349449773
239.28587908343002
232.8972768790489
240.9580398625559
242.44095761095895
241.34722086100683
242.94854293543085
243.29222620892963
245.56206304180472
252.34977624879022
248.43560141220217
240.0657929451716
246.6516462451701
247.77543273945142
252.84401442858066
260.69244276808587
258.1923070823106
259.2383621862527
257.1428042380681
256.12360722547294
257.6323001109703
257.6716567171556
253.03342313571397
253.3535728419197
256.2162218836135
260.42868888939637
257.1896048681542
254.9919408978284
253.41504723233743
253.7754710655192
257.191764791409
256.882121786288
256.2735512645095
255.14681909669315
256.93399985309577
259.8829264259579
251.22071184414267
256.41344073301866
251.3805621388191
251.34016184837483
243.44988970198386
244.19754374902132
245.88226064418112
248.18842796441498
242.62395984689863
247.99643476820168
253.3425760845515
257.44339462708945
261.58146030680393
260.6186801646929
258.27526206650776
252.13862345118136
248.56358132798167
241.34551764007193
239.90259335317478
245.76404216092936
237.54293348957046
237.78299023243605
231.38309573428876
227.02268139745195
226.67076381776968
230.7956841346104
232.1216063565528
237.43283273381252
243.52233809774526
243.93050852583264
250.49455380083972
253.6327719139375
252.25300675105518
252.68068553603283
250.32617178913583
246.8660277116692
249.44962571719643
253.971297418959
262.7065845301125
255.21031454054904
249.56137577734305
244.75014834814849
244.72294078557312
244.14511248490106
239.11433243569923
240.51284291409002
238.59876683329813
234.58972092126342
228.35717453325373
231.9665217339429
236.99873081937986
243.91225443650004
235.55728020177014
235.70673292512998
236.86983606316292
241.33039873908135
245.85356122096817
246.31302346927023
242.66770504912762
250.77665875347182
252.7584229888418
244.1867409002797
249.3972119392339
257.35059391513533
253.4441232929109
250.37073806765196
244.9733518944579
240.45042729561015
238.2761441010611
233.78020806460515
231.3009849921246
226.35063963213742
228.7516287642273
228.82436937620525
232.0598089789088
238.34250000185048
232.56052163324586
233.0717069210344
239.43118964989685
239.9366793210606
240.203490309577
243.10428914831647
239.37475273142
238.35274862753508
237.45674761795817
229.67564111689265
228.5598611555883
232.20452439513335
233.32649922275615
229.94244620709404
229.49407393464952
230.64587962443136
236.11251624004174
231.83301488093656
232.9849610287039
239.2426038974827
245.78292441961776
244.5757515118672
243.80172747201846
246.41044066296044
248.7840878370757
244.72691271168614
246.71506215270315
246.686973397446
246.72360605318258
246.3685779432376
240.67144029581814
240.47085812733724
232.8361107353663
233.18994677201889
232.68418589760958
232.8714988246705
233.4701694800077
230.71131356074412
237.122634901637
233.20433932557305
239.5265948976959
237.33024931872282
239.53213070181855
238.5448169601414
240.22440174638535
237.4591319073476
241.54499458049813
249.26609160036665
244.03036547725614
239.55320919316662
237.68027351925699
237.470789795815
234.47697178553264
235.15533417011412
227.13169572904036
223.32628046187548
221.76519625083048
216.30135391174707
212.39701392357358
212.94338004439794
219.1051047233981
224.56829241108085
226.18568794759335
234.08869014707147
228.10917546468383
230.2582031443463
228.0401264772742
223.39658436080606
229.50260257286737
228.98655364735168
228.41817411322282
228.3915201978071
228.83736783461384
229.72913181832925
236.76354121054453
241.9668847793947
240.111297145551
235.1302121196916
236.86184573171104
238.76308219685603
233.3278998342716
233.4801454980071
238.17579478688052
235.15677686752576
234.7355114985841
241.59152228576917
238.7006830497457
238.9280083963128
239.17263369464874
239.9750604726679
234.71723084236518
242.7475892190626
241.92670722060438
246.18503124314148
249.55005158713502
248.40794859047517
249.21566878179388
249.59932177469364
249.08913420844814
248.10167499553341
249.6217436867177
249.74348537189294
247.96307891066328
256.3929528933495
250.29588363289633
241.73957150470517
247.831444755548
249.4957999267336
252.13851355026344
252.51344927250875
247.446597746005
253.85401594819348
256.85231969444794
260.7118792766629
268.9890010326015
271.1730466575337
264.4904450270848
272.09822147851287
264.2948996444845
256.7894368392365
265.05254328296684
267.39993285571205
267.8362760270383
269.5395381437507
262.28434030710997
266.72184148428806
263.815603556572
262.7146417121637
263.15378244083564
264.67930450952815
264.47138359061574
261.26354346487403
266.8470235115898
263.387951936334
266.17720439087947
266.20386038503
265.00221151423597
264.7238403704973
269.9635512544431
278.1150768453358
287.78706741019886
289.6380410206913
298.33008212517325
306.7237333617289
312.41511237513294
312.31203728036587
308.9228120675477
305.73644283879577
300.53273653551605
296.86333877290036
305.27814239971366
305.8058288081758
299.3471508082369
290.29927021964915
288.5731233275325
286.8862659620065
290.3881397419957
282.8246921981743
276.3140755017159
272.9252966795377
281.1957718718011
280.9932575551532
273.8121861298359
277.2607928192914
285.0315969380718
292.4558529530687
292.4085853828752
295.7388900093251
305.2962630239211
295.2088577337631
294.6876002177318
293.54006740812616
287.65633658674807
291.55932997114667
289.4879652286375
288.76920242156393
291.2794314877981
281.9384655212299
281.8445840785664
280.4499806624951
280.1211666362936
279.4026569767425
277.2827989802702
275.14008665094394
272.64051662472804
279.72048009081084
272.03586923443396
270.7721343535274
270.8945165543113
266.7559093136642
263.94626233490084
267.1021215082476
274.24981316739843
279.7792551331208
274.7556134907811
279.4082453234988
269.6186538046844
274.6514409844261
268.254839666714
268.5628155705396
266.4234679285386
266.87565853290977
270.56891638160596
269.6740165378286
277.61183838795046
278.2573354156762
275.36607584770854
273.6020315555425
270.96262845722816
267.92121951606856
261.2392067141157
262.2496975861777
264.2466700198517
267.5785591240565
272.74298057675554
264.62410702514654
259.4110933588019
259.8246017623128
259.9563167679385
253.13793636154892
258.41215202080576
252.59685783332185
252.62710329594083
259.1927730721799
251.03788249166675
246.3844389085259
246.64194073747743
249.65357597781963
241.24354030813384
241.3863649513692
245.44386955893359
250.15302873011206
250.41316281145163
255.45001944839768
261.86749014684614
255.43850480855224
255.11284152724846
249.31692226850157
244.314240943915
247.35873847412668
245.29752280080277
249.01831940978383
251.7758464418885
256.61130728642866
258.0603153350789
265.4554968716894
265.2035796687309
263.6516970725309
257.58684316285945
257.6162450184401
251.0235710945263
250.35945588621433
248.72590257036802
247.20469920528836
243.36617742558846
246.1633952704313
245.9677251872115
252.47647699432144
256.973381067534
252.41813899436593
251.12684726832845
256.139337590504
256.396381572523
254.6010393277775
261.02164026938283
267.19023825798666
265.7009405110734
260.411502450089
252.47653539785912
256.22507574726234
259.5470066307849
256.1505698513538
256.3197526128938
258.6549526097849
266.23104052989373
259.62150219525745
254.28115214201028
260.0782882490587
262.27530408746446
259.0094415871341
260.3034279996632
266.478758206423
275.1981858483582
273.92371388323687
280.64598600367844
279.7738364216502
275.10101738982786
282.1419021255417
280.07370896621404
277.32660912635635
276.1479954400065
270.3080102347322
266.2666746734509
263.4974100994844
255.66736771017622
253.16430830279697
244.8857383661764
245.06267260205553
238.34913072644503
238.72319672446852
238.91993640225274
242.3277148937382
244.50275141473986
249.05792073945102
255.53069317749177
246.90074939491595
249.69835462994317
255.0085005880839
255.5538754947965
259.658338510016
265.11640450882106
262.22027860025594
258.3364037282568
258.0091305137711
252.6921712125854
252.2335322907555
251.50922873630685
249.523917027146
246.47919072766527
244.96345798018478
238.50788263526823
236.9836848851468
237.13500801063003
239.76411315171256
231.90589785541636
235.7879779893541
235.47068319919705
237.58758918951187
243.57989542826667
249.08380530108352
255.65276794561606
255.86192291010033
255.90253770815843
263.93756637283786
259.4347105889665
252.77073352979536
260.0762099974972
260.18430172394187
262.19370430031455
261.1106410952389
261.28531079265963
258.5769987316987
258.95774391134
254.8982676456128
260.6462121282023
266.1245298218206
259.02212746341496
257.7845007172962
260.44123086474195
259.9935596984203
263.51376169015884
264.7823859143474
263.2971616865418
271.68788762640696
264.5897457866461
261.45295516784665
268.1436903305822
268.49711144133687
271.8842355238427
276.93577907360196
270.2145281971518
269.66634750282964
268.1088928263097
263.3664592718658
260.26398958594115
260.0710061251183
259.1264331507634
256.36003281119673
263.3507226006556
265.19682333715315
266.65105926687846
259.96611866144156
258.4239253693142
249.43230645526188
244.42358114713633
236.34074378489663
237.67599441408018
238.53047792878561
243.92607536789262
244.26006385617868
247.5328396205039
253.44151363871572
254.10019033864828
254.847543111717
261.3561096276802
258.39335613379643
261.9003542424225
264.46437689135513
260.7542568903963
263.440023407012
261.29860665218615
263.19565542631335
261.0345444767065
269.6570701220968
272.430123268869
281.4612575840605
276.58216269031
275.3929607029204
268.18760364898645
259.08680961944214
258.98573983790794
259.09803587256755
258.9064240232642
258.7681097752618
259.19567964006046
261.64331915734
259.7162230961061
268.7926776352904
272.9628612762346
267.2208293759285
268.9362054228608
272.00598232522384
272.22010931904543
274.01695243361274
275.83477432054406
275.7383713557637
284.35735735049656
284.4638504531121
292.71363794187613
293.62153861206065
299.0491261725617
291.75123126475074
287.86635935470207
288.19887313379274
286.3557625525937
285.8090888418997
292.2635396951736
293.0512461689837
294.1647988794046
290.86817261993326
287.46581881374186
282.1926451833783
282.49866037635667
281.2507436192989
281.1960226968929
274.3835876708571
278.44821088649053
286.55252762907753
286.1044968872319
285.6694452634844
280.2837700704706
278.58150133203594
271.8075814694919
270.5316723421337
264.6672148458934
257.6671498822676
258.0521741967707
259.7605781985205
265.36627132457176
270.9178696329369
276.7909429432192
280.75182380615587
274.66288016708984
270.6243744819628
277.9160089358584
272.68122526319416
274.13426989886113
271.3462963642804
276.27215449938774
276.49602617203504
277.83958069859926
278.4368429334503
281.5717438275251
280.5054583389452
278.4730551344448
277.6510943944944
269.85092394677343
267.8169858006289
267.08696447676647
264.1303678272863
263.8198065604588
271.2821766586128
270.8314914756116
267.41483321012976
267.11221816866504
276.1356266877928
268.6716635710105
266.1365271930904
269.9705486199679
269.87648193898235
263.06192020621506
268.0903782360651
264.26408949204233
259.17446275961635
267.0955190641108
265.0630619516891
256.5795983622987
259.8187928585793
252.23277964427112
255.79661425323872
255.73274530438397
252.0105637329685
244.6527675343078
244.78165490745798
245.00116213239082
244.9031296110337
248.44640134724446
249.05618014940327
253.21298221328678
256.4908646959531
258.2887428078626
266.71238612608516
275.3379427803248
268.6065310659017
270.1020132988623
266.89590961137463
271.60025263449904
268.3787270473627
260.7028333928949
259.65634671289683
253.08411220734328
254.1056039193512
259.436621060686
257.2935836516823
265.56658155614105
265.0823220101172
264.183714233842
265.7519680858215
262.7758160964814
265.5659131751506
266.3923209829635
259.9214405749938
251.52211013410692
260.05771621823516
258.33802238128146
266.3589655271213
267.64689430383373
263.61184504842464
264.99994185053225
265.73595595401787
257.46322969457077
252.39358630164244
246.8127829779296
246.6640981017789
246.8369736873537
246.89353017495216
248.4747812972477
249.2341059850084
247.95013873912666
240.79045947832992
240.38428192901696
240.46518638465656
239.22984018648907
243.97440074155855
247.4642975521999
252.03672140550503
245.54002113110332
252.8212171477765
251.2852695346181
255.695187132047
258.816741798678
258.90025256054355
254.23106476099778
258.3388263770244
256.58750395985504
257.5828247179581
262.4566412453287
259.938160504322
263.5145420839099
271.3202813840052
277.28360855553626
280.6317644347541
278.8392144042775
274.16945025580213
277.0743219850297
274.36623817238535
272.8551955793417
268.2028762620923
274.09740960176316
271.0658414489943
265.2384672239239
265.93673917896774
264.44015451759174
267.09173790352986
265.0558433400787
264.5613865237791
264.6993358256416
257.6244703984154
257.66559341320686
261.56245966793
262.1728035908031
269.7786780479504
267.50869892651247
267.58901410135627
266.32165815873043
269.86541646013416
269.9891564136167
263.5963062698621
264.3859809194357
256.5129491785558
253.8001062433601
254.7655538196888
255.62444529749817
260.7676562396071
261.3194522530168
266.6252499898653
268.73171993760667
269.79422137355937
271.1402902637725
268.3851621059815
261.360276812439
268.1616410847194
269.4891301391224
271.36918680006187
272.2385722151553
271.0365357526458
261.941980593134
259.0424662654705
254.48947687018057
247.26719622761485
249.52007777092754
241.7613292527684
241.9544718559347
242.72354297675892
250.57006132560832
256.5706806673413
258.74465546378286
250.66072006228865
247.01119194655004
248.35293116474463
253.48270386202088
253.09966599416092
255.76760456096432
259.8254934918072
259.87719093150093
253.76320439527734
253.09311520085836
255.22013785175437
255.39835926523594
256.4989263482889
263.6814787783429
267.8095996579646
266.73383214165517
273.0260071798835
273.0558716081532
273.4062646079549
268.24755162825846
269.54326122552874
270.7828497425899
270.0770500533433
262.3452830238091
255.6063641013035
249.2685260519427
256.59055339428556
253.9444280397968
249.4255351008648
247.63893340445853
239.88657116959638
240.02952182249396
241.0486178546162
247.0754753835237
248.82226536683126
248.76573292271706
244.18026779799985
242.3511990974664
242.23116410293258
234.4432260751409
232.86068782505072
235.2053147544269
232.15027138260353
237.55669663006455
232.6203444638805
231.1798573904781
226.20134741701787
220.30745192046393
225.79820652955624
231.22318576135908
231.15847293441752
234.0798678598938
237.2922819105389
237.61840046558967
232.57069358426475
231.49734487576495
231.5560808734088
227.57232436085866
228.68212013698516
230.64715956629175
230.67213774147808
233.25083020555303
227.83231046047587
227.802388382051
226.86628037262764
227.20172422331342
231.70267686765789
231.88610759093254
226.23834334048928
225.96367318404168
220.83556829681046
213.18548759477375
217.89094428031572
219.81152256730527
216.2096881649053
215.90903265570643
210.2804904450084
216.22209944106964
221.67628662608615
215.79322580020585
215.85390155934553
212.07255151686954
213.70671180871554
214.01796693740002
216.29742535859717
218.98032111328467
218.58148792872095
215.16973142945503
215.82168972019545
217.0049229306879
217.11794203061007
213.99304338705102
211.6617129735017
215.91609856013352
219.33585420757032
226.29889015894997
224.88893650252626
221.34216964459242
216.80940531124918
213.44761632291065
210.76049325413138
206.60968233705387
202.57447258295244
197.96737959032424
198.3764688019688
200.3370101852272
195.84536943229222
198.9530608757993
198.70036414730427
203.03599394858426
208.88797713426513
213.52954534227283
213.73731365711103
210.19204106771056
208.58946502214226
210.63142478616587
215.84287493617222
219.56007146386108
224.70141852172932
230.7206021257572
230.7538642007676
229.0140742628609
225.37428712842492
225.99311227818927
227.31119853134058
227.24850030181426
227.22576571411412
224.8238957446885
220.063493823074
216.58794921475092
212.01283393035513
217.02607986517953
216.90261290550592
220.67455002094005
227.0698422518919
234.7492901606142
239.1557431554709
