4 0 0.0 2.8612266951202074 5150.626296342458 2.2492549980409344
238.9465223132454 238.7081531318025
237.3178993679781
232.6413277642387
229.1666558778731
229.31825517144566
226.47860761641638
220.48662620022935
225.20375939326576
220.04840807093763
219.9541022490308
214.4677462525253
218.50061081185694
214.92330860815184
214.89444313195798
218.71115891983095
222.38677295542234
222.5839450562484
223.62705166879826
230.32336025048502
223.76227572575448
225.28121851848502
225.1087301235477
232.01249247750084
227.43389926487458
224.15844680663855
223.31184991175138
218.02943747453114
211.63261328348923
206.16167069270793
200.06508623622767
205.4863326568647
198.43438524203907
199.42640118316183
205.127506257059
201.36635317843724
200.21904615785064
200.45940293092576
201.80465245755974
202.44251323530023
208.83268292900615
206.44149429044435
207.86060499303
207.9723809398761
212.43075371445477
216.93007007015373
211.85258652335045
209.47197142394876
209.9446172490383
214.58141420383043
214.99577490795426
219.13955403216892
219.03494401232453
220.92353003102588
213.83041496452233
216.85041739463173
219.1159235583308
214.7101406013229
212.47202816708665
210.70776963567175
216.93914426159748
216.143596387497
213.91234957944673
210.05639787278744
211.38999522478116
212.91071028530482
216.41075805874482
215.10601188968846
211.64553909528343
204.5066543827793
201.44442025341533
202.78182291120964
204.83157810861218
203.38609200217672
201.36365568853677
200.33234493680158
202.2614662966461
202.2939491561427
209.3137053590599
210.97286974161588
210.9218662740604
216.02936191925875
210.39483584407083
211.12777906717886
213.8689369325993
220.35898836711857
217.14027835621096
218.85395740047625
223.0476800932649
228.99837354633098
231.35194002329814
230.84479166382258
237.96445101991483
243.6439485990196
242.596466547102
242.85825841799618
250.5233896100505
253.32520121991917
261.9580698732931
253.34937731903293
249.76288147762173
243.00275117646686
242.77048285877584
237.8181559676133
237.2652400920915
236.24205308462263
231.8724691104412
224.2128101697451
225.68914988011196
228.391292806868
227.63518702143227
227.68429043641518
229.18014151983394
230.6353774210546
235.2479983986344
237.96685715507985
235.07589392690016
232.7396863707578
231.62011335653466
233.84053395064052
238.64096706810875
233.05402484474862
228.27156863555592
228.32965538252276
230.13238525475208
226.62203699699396
230.62536676419876
223.58553469174305
223.15170963535886
222.34014228841178
219.5100523987579
223.34488722637525
225.397632018184
221.7173960980324
220.4312841552913
219.47828292125325
219.38349957483646
219.11281478609138
217.26464716690356
220.88258557819535
223.15792041529363
225.30265849216934
232.1805946500337
227.9552985519724
226.13178394878182
227.92554134738887
222.3859708725125
218.56242611298867
224.3961333025467
230.24979940916887
230.22029401349815
229.94483562238256
230.19812888178706
232.4627232785704
229.34207491717245
228.19056991787696
231.83346583015626
231.91168525606005
233.2056157740417
229.94094575695908
226.35004089708917
228.28951374284344
235.0771669333631
231.81959401541152
231.6375190097995
229.56836505779916
232.7780867210927
232.85097226925672
234.924033097767
237.67126412573853
230.06883769070723
237.99012050647647
236.30331671258105
238.40723449246565
232.79215583404175
231.29287112284123
234.89292999068215
236.69497250307194
236.06675015698536
237.5631945779447
237.51170924757508
243.06277619848856
246.23289305474887
243.54084746755876
239.2681442610864
236.9451003545174
236.9124724385686
242.38101720763188
234.24486454822693
234.56947584870764
234.93293443698363
235.94403004660137
237.8823115381694
240.27741686091093
247.54183777377392
244.93851588021647
239.9029937357131
244.40094293175522
245.2099507660527
243.78624187837326
236.42069178790703
236.07514774145955
233.15421151355233
234.34804007815504
238.44388951966437
238.69675866918033
239.33319366917226
245.67614617467666
244.29599845876956
248.94813466069087
256.73830567294556
261.2279033526825
255.83563475571427
254.03780126546476
261.05313783200853
258.0994070395244
257.16590657458903
253.7566350686944
252.29339356546336
248.5919623521475
254.31455025117972
250.29998089428975
249.0180608854817
249.04405600545127
245.72006923934194
245.36927692303735
246.64369376788116
246.68838346478182
245.88805864546038
245.91937357197764
243.3816422051971
251.74032760265263
249.31042801851302
245.19386911133572
244.3905407430626
240.22154917406044
239.57432963200165
247.67643465258004
248.20751999399195
241.83407285699693
247.66374697745596
250.66329054998954
256.16605420094913
249.89390590017425
249.43105957932667
253.6479558061461
254.51425391305307
250.99144429486614
251.45015406313175
258.0680509079105
256.84606388842343
256.95829997259256
256.77018248288755
259.85377922005256
259.2718883309274
259.24494069929546
254.6183452588076
261.38390487760194
256.64172239160405
255.57147264512872
248.5917869749915
253.39318168278982
258.693205936447
256.0242120614366
262.8998559285043
262.67774005142155
262.2062206369577
258.2190178463868
251.19270280345955
246.43362511176457
247.75665316620857
254.10793230841725
246.7725472492145
253.3640081094085
254.55826311820908
250.84533991351157
250.55825844216665
257.7614492476297
259.3281712798853
259.36229440821774
259.0333461314711
251.0220078517258
252.4570792752952
251.20276104803187
252.49868872473093
254.86491055154465
258.14768360891793
259.2019590505912
253.60167936200153
252.9931144904087
253.03433456959317
245.48144290648622
248.95480760829005
241.37666769319432
236.54125899673863
242.53308295284384
239.36684617304107
239.46382829051774
241.08229527367862
247.00549972068916
254.0677161961413
256.23283467731056
254.69707437121644
252.50419013380997
243.7345184912782
248.48947025253594
249.0954609211109
253.41010931614255
259.54845662115554
260.1178236157621
260.58831837663996
252.20126033249858
246.50320848016713
251.08343508881998
253.80578837072335
247.37637464716892
252.32868195351065
252.86757192833787
249.96124363351348
246.74694867033315
248.91492718422472
249.39561296558452
252.95452486241936
245.66526268262464
249.3129939182463
253.5685999582533
254.44705099758542
257.04438470318354
250.23444652769186
250.71998167858683
250.88921101647202
243.82586743266057
249.9143973776117
242.59542481055783
238.54060218978609
239.0848599112814
243.8112734694779
245.73658283240505
249.59121766535796
251.53009943873312
252.26758563635104
249.32583782664415
257.8209253183134
249.7113449394502
256.7005030555524
256.6578401893876
256.6306265022329
249.1688063258884
253.82947808330252
254.14664078125116
260.4009848344284
258.37401357213935
257.9870381414773
261.94448182080043
261.7721379109257
266.20115256010456
260.75171563375903
259.7578949114171
256.3547165705109
256.319516996468
254.53145148381608
255.44343067396034
249.58089729545992
250.24602770123667
249.9378639883926
252.0148863445107
253.70196117032302
261.18168415418575
265.65302766569346
266.9146632282631
262.60163183467006
268.8671901586118
265.5444707922427
266.21775410115595
266.47199538750885
266.8048825779583
266.69362375034547
268.72984293250255
277.1749133495584
286.0112230492782
276.3348993723622
276.16722762629024
283.5084819104959
277.9606752850893
271.0550924223428
269.9777601097267
267.4460919178343
263.0399143593119
270.3170091296498
264.32640336732356
266.9879330115751
273.0870188859118
273.11682396673865
273.56544195642914
271.46158817392114
271.8232947545056
270.66301133755644
272.66297679235896
276.1159957297462
272.6210352179029
272.3184040515562
270.41650404152904
270.3185340842613
276.2909482416464
268.6004208792074
259.9799196763856
263.926625264643
263.2068069087492
262.4371408388634
262.6876792520516
263.5772386815498
268.00918886065847
272.88656080416456
279.07671989801497
288.73571207033814
288.1951497274545
284.96528808065034
284.58921798318795
276.14207855884587
271.13132702186573
269.89085139505215
262.3624684810372
262.39870552004726
261.205080604239
261.29964224927585
252.99951138534954
250.12417225951936
250.18403879147414
253.72745227660687
253.61222410905987
258.7999992460214
256.68272443930516
264.06037821166746
265.8540454102004
265.0086664984276
262.05793639407227
262.52774766224525
262.15960366989617
269.41199181873503
263.0648370060629
261.3823568842249
258.8390629467979
267.13555720255874
267.08024998885594
266.9836653277709
261.0002163381568
255.5016546756855
253.87457425062877
256.6776824558074
254.43148963656182
251.92784912782173
249.4980417280182
249.46090346283313
253.03587815990704
244.82861538211017
248.8325237639992
242.37179824889492
249.45778697807785
245.32940395963644
239.77183937297858
241.88103034058216
236.52747907209405
231.86509157590115
231.24256680818038
226.17704537084484
231.18692228161345
230.99393115269083
229.31840036487932
228.0335373604007
232.46730453829696
231.41107573808674
227.75115866247825
226.8097439009689
221.87730051087829
214.81572915122237
216.83744524457444
215.67186251160973
215.2670833666778
215.29226616169336
219.73432525827627
221.7643330138195
226.7199930238673
220.72003554014722
214.70031302360047
215.04420125582428
218.17845980143395
221.9741726159444
226.74958918103874
223.722967356466
228.8704353262286
231.097198643557
223.81504868846264
222.1373560845141
222.36233382245436
217.74632870764304
217.30121047475285
218.19985228021366
219.05766643104593
220.27951748921865
225.72987706154373
222.50710417157865
223.8634837422837
221.45897770855186
220.93999382722413
217.74648201060657
225.12597709779388
221.53889424057263
222.99879792763662
222.56062389472353
218.9489518104343
216.58415106473558
217.07675719627005
210.9205997565342
210.88121048478712
216.00704969436418
213.32549379751225
213.59092472674217
214.50862156505139
221.17060894332116
223.14859810338103
226.89803864974482
219.38318584798864
218.7582943036
214.74798595797952
211.61027916480518
204.44751460718572
200.0077714915828
200.1951964974734
201.02055125775468
200.48247990822955
204.59460470792158
201.52526198731817
201.30751536086802
202.49795611536595
208.05931183286938
208.83562985609197
211.94345880873053
208.97518233856076
209.3719633019641
209.34944667425833
209.72379105334892
210.2270144409029
216.61063070781725
213.38190276200723
208.23125709388484
210.3552190637296
204.30343702454945
204.0071637819387
210.81553051935106
213.69591947427926
215.06950982161115
212.8981447789158
213.6482243001985
220.58064903442994
227.66327638342267
227.36448488839764
235.24952354781098
237.03470392831204
237.85471784744746
234.54085088297848
231.3708394730339
229.5085964270482
225.38756231933408
224.2180138456344
218.80224285022058
215.87055256879884
211.52046791144684
207.72984782356642
210.09223935911456
213.20989478362566
219.63682671122382
219.39040094187197
219.34633384330874
221.40575463457617
223.94088466987628
229.67049882134972
226.07739178547533
224.27497859112776
221.45702401263227
229.13450355166052
225.40132752042288
224.80102860231125
223.65543269447832
222.26083926310034
223.44846722507347
226.27498850779162
226.19882269980212
228.7786107846917
228.64640652628037
221.14627496234354
221.1174596860506
214.85123952204546
216.2427085530001
222.98475753620576
217.0403993873786
217.54131778939836
218.71637019938652
218.1706562292485
220.59899978365715
220.2232448943563
217.90039730007487
218.39943075569428
218.83580984971385
219.27508496114447
223.80345187467395
226.16763956871063
227.53542261705633
221.66376222056263
222.08866610021815
222.6952202295315
226.89856096993734
228.44699336094797
220.7775258300245
220.84514642979235
217.3435717795661
217.78537588120702
222.80155601311645
224.51786782001048
227.03103310162308
232.85431971848192
232.34494774104377
235.58091842034463
231.74337120900464
230.16993751889024
237.25452508921913
235.56096988196123
235.58490747132387
227.37904953178617
226.23632802051472
230.39838664890078
236.0539069576838
233.88604867192552
233.75620420146527
235.99586667297342
236.0931825499201
228.86750195983137
226.8898627280099
227.3646321337006
232.79471233028096
233.21113062887028
233.7741726311947
226.4592325011657
230.76412979202235
222.84693497310414
222.07057858529785
226.69084240416623
234.5468499670981
234.9421085317969
233.74935068923133
236.59528490726524
239.12088782362798
239.86816639509738
237.82075999975876
239.526662144848
244.3043853954971
243.0374237434656
251.4662214356213
259.60810282197997
259.57558375114616
262.1759092439177
270.55245210849074
269.61446804584295
266.4724609468176
267.3988047861004
270.26777987590384
267.84554363115706
258.7445073151864
255.90659829744453
254.98296487242567
253.6479932920891
253.43051792253232
256.5427905831047
251.31309801520553
251.81192053801888
257.4363495427565
254.57594437594398
246.9254329260533
245.74449124172222
237.90182441405787
238.705613484477
239.2807638746707
246.3499214554184
240.6416194527281
248.3982427876919
249.63979205344674
249.87699617306788
241.48256287030878
242.32485556862832
243.67356048928337
244.3599557661014
251.65554145701955
255.30649642317454
259.0543695340776
264.7101811033392
267.50339454785257
262.6895886897582
262.2645497061732
257.4436544470856
257.3290796728146
254.08872570935932
254.11995592788745
245.77538076539673
251.03488143350464
243.94682885989914
235.69075590800756
238.36989997785713
234.0737053061717
227.38008556301062
227.52638784383947
226.51827552349147
223.73744471955317
222.15433222730405
216.50610374549478
216.56916998324493
218.20682600381525
211.485900978788
215.95786731294785
220.8051766039806
221.2905678145739
227.9220735110471
219.95948012399305
222.34311833390734
223.54224054634625
220.18922753664404
224.55512814220853
224.1027788312101
227.15214356720452
229.54297243205613
230.2521244960544
236.28028200116609
236.45962930831584
236.07966553913653
232.1570969507484
237.51735745910725
237.8854227483978
240.26583800449788
241.46860181753408
240.3614872497696
240.31571836157772
232.54978203810154
234.0146091354694
238.9320527787921
235.72465924086134
228.6785487358909
227.80870340752728
222.25717119864316
214.79942528704623
214.8415883639516
208.59487024572562
210.803247215429
207.72880798788265
204.9010210034129
204.78514365043029
211.58831852905337
216.5432835493665
210.8431046754586
203.4518914759804
202.7716185299512
202.42157423212976
198.18011940876582
199.55640010485118
193.79104267534294
190.8985250698889
186.09972128700204
188.36661300535434
186.50065642884965
186.25121749774232
187.5190637041043
188.96776051915873
188.996408717603
184.11137814266235
179.39796760449195
179.4498200512678
182.66153880338655
178.63142185543106
181.49461192651404
182.64220561346585
182.70280188348386
185.63690932142578
180.50977413968513
182.04697702919532
176.74403738900872
179.1100340068137
173.9266816595719
177.52588505582435
180.48042674660752
182.9011660140643
183.3279787750222
188.4232784429908
193.1184422095258
199.57164099481264
198.5405331353043
196.89093468826852
198.15499221754817
196.8300760433142
196.7865835937413
192.80740227006433
192.3285969437859
188.79401750979713
188.61053354728207
192.54688449133252
198.90204102728754
201.4356081207468
202.50261387933583
202.86314376692658
204.73966819052814
203.97946757223573
198.78392180852444
198.68771271361123
202.10193856896947
201.2039390455579
202.57001465447271
204.49205005088638
200.97542113053137
197.8280605970749
199.27168165730978
204.2844870154638
207.1581204446661
206.60951600204257
204.93360664703937
210.27964807149903
212.53033884841145
210.320573107552
205.2211155365409
203.96254832811533
203.7816086493703
203.72026422549305
203.6866092015903
210.81099733812914
209.74059916062478
207.89340496095207
203.68594157079062
202.6750693442987
201.02536147837614
199.4315897011534
197.1674598735305
195.32582173550165
198.58937268884327
191.6945812667839
192.23459152679996
193.30133795094648
192.709575652462
195.88945367479596
200.19982252649922
200.25136534660334
201.59384310693102
198.91973526260134
199.609752118699
199.7713386675808
201.11090937459306
197.0716707098823
197.27699892471145
194.77405476659146
190.54563199067337
189.09256785244114
188.06623748429547
187.74495631629225
188.61059724547962
189.5364477521821
189.7626581527925
193.53089648649524
197.74298347652166
195.15964901262896
190.4822801337348
189.1004014268642
189.35200107613684
191.07385170543662
191.29726781522427
192.28618345285653
187.59551606549556
190.91913404853864
194.67675241598428
200.60047753056062
199.68840280613705
202.97939225451796
204.96806251509747
206.69521400345272
201.9442705393578
202.1081320632107
197.95669362861233
201.01826298236742
205.95434595935595
203.90025390968188
200.2388696360272
203.25086831900097
205.6148776183624
205.5880212507871
208.84867115558802
208.91708369323024
204.34416737155232
210.3109843773127
209.53076036328662
211.9997789922529
218.76253135278995
217.720810090064
217.9526978553607
213.02348432264327
209.5648434098331
206.91569448251775
206.62124346889146
212.47254925774172
208.26658448943004
207.1739747928357
207.2093915979453
207.55417232488873
207.25183124464357
208.7758576491701
209.86350519258926
207.2380579609021
208.82107641580532
205.86103728381573
206.13228213637345
200.3473242669027
196.87364056776835
199.9103292643034
202.85449407876825
202.89588127440757
203.30266184015477
200.290256797402
199.91545529784977
202.03794733692644
199.2287232922511
201.41163273502798
201.48826845014227
207.82788233724867
209.56220525810244
215.9323481738525
215.41625555778216
208.0459329616762
209.7718233917121
210.54409852055957
210.7455815440407
205.25399159908093
207.37765446415892
210.8937684140722
209.46995655210975
207.80853780453734
208.08333359996564
203.15809085630605
207.09315195481113
209.7602463880924
210.308567425931
210.63414622321048
210.7875699543934
211.77743982006635
215.9695172321166
214.39016718048546
207.05033669620536
210.27673141008967
217.3246517306028
216.10437460919624
213.32408690361143
215.93513453669613
215.7350952985798
214.78526537536672
214.38465498098964
220.72259251411998
216.60203491974636
215.1272832468262
216.71114222870094
209.3148730526472
209.08942640010997
204.695324526559
209.57754444038642
211.28123027014365
211.86081447429933
211.88820198065574
215.4034394308775
213.47341741204403
209.4019902509681
211.71766110636545
211.6306517361544
214.63779217849176
207.42532134818913
207.48761516012485
204.4944754136024
204.93413321616094
211.53215054085322
206.22952003318468
208.61262778731282
212.18990109423703
212.23026835172806
208.53581847541724
204.03368506011287
203.7310170459251
204.21167366151295
205.330766584043
205.2849308654039
210.71689320346314
210.89517201368236
210.455307562929
217.56488392084734
212.71102231087124
216.83229998867998
215.438152263055
212.7198603803674
213.02648446797429
215.74662914551482
222.8526708536172
215.83730891163495
220.2815818456027
215.89791676663717
212.7246098408226
211.83036246673487
213.35965603529456
209.6068850295391
211.24408857008467
210.57483259954148
210.97175012555658
211.08099857991076
212.48671922426576
213.02041303557866
218.6239248837162
220.91205925764288
221.09794910216687
227.15597546843756
232.0586417123124
237.84527543948172
243.6871101893766
243.6615040802803
235.44390364068366
228.68003749366395
227.63775066577875
233.40610044832408
230.86757926262493
229.04770147456406
226.95314676534494
220.81426488351755
214.6503216981494
211.35435615769504
214.3163644630479
217.73989785354817
219.58999214238332
224.10779431052413
227.850026368363
226.09240461736016
225.01962705988092
224.33244931737033
216.52912916388257
217.76086675561814
217.19339178357527
211.03062170542967
217.09214108182732
217.06956498690346
214.2814851451359
212.50498436368153
213.59021567386696
210.08639091392018
213.6853000353387
220.29713087000152
213.58226374833384
207.15037475108713
207.55893632952254
207.46666778089346
207.50208375841493
201.86491692412835
198.46345161753234
193.02941096809238
189.09808059145544
183.98120665882507
185.72446734522498
191.95686642426546
191.19451265592917
189.70889987965182
190.9897088344348
192.63294033833938
190.76128847031887
191.8867844843306
191.7539164337903
195.8223025978421
199.95652545769843
199.64240006145047
194.3571624320915
193.40522171382906
189.78555709170172
189.22734939999984
183.00154835513194
176.86817859181
180.63123234851597
181.76343260560037
186.35127821947316
190.74216808302475
194.4312849208515
189.2614398745569
184.52262178351975
181.58502886024422
187.51382996259613
188.42867850409078
190.86471653359445
197.04597589810155
191.25758282616428
196.0858909925332
199.04126884226932
198.96101192828607
196.30329555892692
196.92105102593538
192.58268846334425
198.7892431684329
198.3041998556655
203.54814300273503
203.85331649902994
197.98002854958668
203.9330966872784
197.22812562014715
198.0011291390462
197.72548570007834
201.96591623046913
203.15466977670968
196.4602399006325
196.1732244236559
193.61710117113762
197.5185697543913
200.15525015891768
201.3912847564241
199.70126534576744
196.93720625905573
194.99892311225267
197.76036680196793
204.24206437416643
208.08890088285213
201.79054057965737
206.49829064950129
200.27580337761094
203.40839937108979
206.63506324468
205.30247459504855
205.67280311488503
205.06454574696966
199.25866859554623
196.3210456348266
196.80897444421126
198.62577141381172
200.67585735954398
203.9192029296189
203.15788319253562
201.62662559655416
199.96233147812737
201.79463101755638
201.91128161205788
202.0542152306465
198.25160615223396
194.922786855983
195.00902146098477
194.9887066792828
196.51419854002634
195.7389592217577
195.8382287104858
195.85975326396354
194.53268620863972
195.64821592546625
195.43073129229077
192.89188318628257
187.1550071014144
185.8767506572475
186.88805648489867
185.98331707241957
185.43705579930986
184.74855405130813
184.77439734707414
185.26168580092545
187.0784785742824
187.3306456149675
187.6292197858858
190.91130129423618
190.74984563640595
189.737581490903
194.27512185650835
192.93943668864202
192.9031717879483
189.19225666511
187.93739652576195
182.8324082721767
179.0946701632466
175.80278317497135
177.85063604610198
177.50960890208646
177.52762614861112
183.1151935166727
184.18494240101842
186.14224624688848
181.73127812840855
186.1711486918365
191.364159973287
185.0267016567571
184.96215662031932
187.51211725826653
188.6922906192526
191.14901168401664
191.35431185353744
187.48070463320272
191.70496691970723
189.97515177057136
190.0380616169516
193.99697640360657
193.97684665602196
193.4252338713472
192.58729141181334
192.5347927969082
190.67838354631897
193.12178359038165
188.73363546239986
186.47164978398234
184.25354467186443
184.51832395314787
185.37717458124524
189.45580295805425
190.42296636189874
190.9304900741083
189.88175729942662
190.2124147585479
187.62069231905247
192.858990689755
193.8762317208574
200.02856251073447
200.06221086270438
204.65984202566247
200.14440508756527
203.58878741965813
203.19218649214096
204.05462017182808
198.6606160540372
200.39476505680372
200.4515895955311
194.4640842875815
194.20257263187327
192.48087793621144
191.81423486685847
194.39067061377267
194.46347603037916
192.72513551398015
195.0114324343573
195.86502547167856
195.75343370319925
196.5485659695659
200.51893118561833
202.60325466982295
197.63487408282964
198.2832106312688
201.1911219127238
204.07831396913556
201.44604975705957
197.4845940270613
196.18376196335373
192.84047555693684
188.6806409609616
182.1142192085168
176.38231100108203
178.95266157311468
182.60661378039808
182.6945428984049
186.56365483054878
186.59315501923857
187.4896392848223
192.36869191039182
193.4190692772436
198.46295234933865
197.9910878623408
197.834975741646
193.2481507368131
192.4780000594211
188.60772657358726
186.43032000328316
190.30665941771696
183.72284562905145
184.69413148734958
184.83605872121151
184.03725775349267
185.77144393904365
187.84409001969976
187.78946034823403
186.56524435909367
181.32651157401094
178.91750644751335
182.22500809586927
181.94795403639816
177.4698309699205
177.88691441964642
178.16001403790574
180.72756225353368
182.7228941346147
177.8069418781877
183.26396116933424
178.29376270067414
181.37083949743248
179.64021782381585
183.32707670237048
181.16350668915575
184.68194587994074
186.53524032876746
186.7348573282317
187.99075533650463
192.8276481413818
190.63393250896362
191.03697991014133
192.58467925840787
193.28269234196716
190.49449273647107
196.66560663938992
190.23121622520878
190.46357746733165
192.07402519940885
192.403471188912
187.79676685341448
186.27021552840586
186.1250810564191
190.3377080478196
189.48862944720514
186.3105873800486
189.42330795182392
194.86237428895978
190.008451812155
186.45582595582684
186.76642176883837
189.95058870486113
184.53225428542316
181.1435615575572
186.33518480317292
189.30897658050765
189.08821351831622
191.0595648873462
195.42240358600176
197.25976168886638
200.03637860261063
201.40475340741358
200.56551199081596
204.97227100948643
205.05946208238663
197.98611283332153
193.38308166090604
193.47546515882578
192.80090463339383
190.31499736663463
188.05289406836178
188.33885906003616
187.60579527342844
187.92352395598311
189.0825143290741
189.38514800036066
188.80010992963975
190.5451997968715
186.73158938938587
191.7894393500658
189.41572276059054
186.77547498030074
186.81742559601778
187.70050386903938
184.9576140720471
191.2696508261904
193.27743232502928
197.33115558413684
197.8026078920484
195.63748884459108
201.69254647547092
203.652428258241
204.2225002684261
201.03463505561476
199.3028584479126
199.2501068255036
199.09585256765146
194.7314498903019
193.31203000095326
193.9876180252832
199.3081863390076
195.7541930750093
195.94762690578406
193.39759408585476
194.88377994844004
198.1064919034699
197.02156317202122
198.67926699198665
199.2233673752367
206.11915396830452
213.0734003683634
214.2619270537822
206.97957779732
200.55045159589383
204.46534379476418
204.77689822441405
208.4122920743687
209.2033889359889
214.1128947069251
219.17059246778527
214.6039953210544
213.0909780946899
214.05807472524629
214.22001957551694
216.14224432807626
222.32236547516777
217.6993249285541
215.2479066014642
207.93705922136147
202.29934540115534
200.6025066643466
196.1686523913112
198.12023344869644
199.46426457231732
198.08290901202417
196.89565920787123
190.59063434556901
190.77219442492677
193.96906064142578
194.16191910008786
