0 0.0
222.39317380101141 224.01274979776852
224.6052312819353
224.21214922851635
216.51291105747677
216.86116289897708
215.4939554327232
219.5467379689464
223.71294939386968
223.2322899969032
222.1916416370988
218.62248418893512
218.5583783222773
217.7148667717862
217.84625116332597
217.97290985433747
213.84974930723382
213.81916065457034
218.47894541145905
214.51656740999758
209.50678163400806
210.10251458829495
208.2985060877674
209.97378481549205
205.24851993093426
204.7653832435035
205.53917421320108
201.67715840089372
201.5701231751482
201.54531045825354
206.79206739754846
201.9615412229477
199.9455067427236
198.73736434812625
200.461758577562
200.9522192751694
202.21108987885754
202.59004222577792
208.31861341070814
208.37689948716022
208.65259121703207
205.4938118615914
212.5625885183609
212.46412997832206
206.00277574644645
203.04879474072908
202.93921955103235
205.40598963996652
205.38462803360795
204.99999484341572
205.02849427177384
199.30027171552976
195.04073163287063
199.8880837999967
202.57997779072656
204.47948331926943
206.87913041846244
200.08858959570065
201.3426745010101
199.98089675193205
204.1596244062289
204.65609183211035
197.76744419478302
197.34570104162879
203.4339316502417
203.61629448200165
203.39367517224846
209.29662781567612
211.02539180724156
210.89622868771534
208.711959744026
211.53412929189244
214.6597267822115
218.2389166520924
218.90218081278928
218.95002368871678
214.44887215829942
211.54500678800613
209.2711655506707
202.85426152507782
202.80998561129752
202.13636461119177
202.56197392389274
197.27452375914288
199.83736103222049
203.8859359919981
209.66759202138604
209.7177905760731
215.36959631749755
212.88793975773297
213.26694600739154
212.2113885185844
217.14099773186146
219.47482334205407
216.5852815104476
223.20307671807458
221.8394344599369
222.90387565895364
226.27776840224854
228.30682693952448
230.67619560450936
232.70073434584674
234.2377628284718
241.68547915963828
241.08284802179136
241.87746627511
249.73453713244544
243.3760850659621
249.79363947242769
249.0791911483411
246.03841886094912
240.78405365237424
241.82105201257434
236.5551103359348
236.86307996429483
236.54184769882522
242.2683836470543
239.70297014417054
245.77975263673395
243.64161752817253
242.49197741706078
244.02325314151054
243.85100378188199
236.79896090238182
244.9722290996129
240.15392513421796
238.02967116174239
234.91317346007222
236.41030950410604
238.46079458444098
236.2703289986964
235.2383613220731
235.82143575962326
236.85988693475554
241.40292626901729
239.19554011044326
239.6085730327139
239.8315069003266
235.60566487639957
241.1207994161457
240.0621207753197
241.90365124807556
244.61631890600094
245.63855904071048
240.79548162924414
244.1485920406559
237.6933696905951
232.37912673409133
232.44542217304686
235.2176732150618
237.3600275065361
245.02355808942585
246.6739799591295
246.5169954207787
245.78411212633668
249.08322662295194
252.2221144418284
252.98639787628545
250.5529315007489
250.04285919273252
249.29805220274324
245.81978250045108
243.3706905859531
240.6136950673993
238.4741828157494
244.6904674941475
245.63217695909148
245.97518851290323
251.69944040709123
258.14755109689395
262.4191160060597
265.7219974499328
257.75254909478946
249.23102005318566
248.09702280958763
244.31571379935536
243.96352984382114
248.3963634749391
247.5425744477425
247.7270595877696
247.62582472313278
247.12237143650881
242.15230708722947
243.71332010447009
236.60691443316068
236.79672801818785
241.75022408945472
242.0056760218831
247.59626842134446
246.96994593160872
243.95359201205162
250.56381052865407
252.70895065265364
250.77052922471293
255.5452539093553
252.99710445362436
253.53839980150138
253.2163025551569
255.75008094546152
254.93808228036517
254.9806454113218
257.06516554894483
253.1449110548782
258.31899501667925
258.0780652192816
257.05087895463873
255.98553179924465
258.3142383539795
257.62369295699074
254.2390069884641
253.11362097019529
250.86067936622385
247.36183072661413
246.98726181241918
244.6515402213056
237.041923362145
245.02892613443447
244.9136307901535
240.80926106541887
240.76351893244973
245.81104215313863
247.05885419689673
249.5344565208388
249.65120916493424
249.29976666847722
249.2714407916829
254.51767833580266
256.6783867827856
256.2526884617884
255.2106692267502
255.89815446080033
253.5679204790368
253.52190509180733
247.35955301876007
252.70371161617027
246.5630769431046
238.50725033103353
238.86290862722726
239.48604675187696
238.09162439512414
235.66277812736013
240.1064952515996
245.80537994505255
251.61161112877835
257.9262882846928
252.37086513740002
252.81381697207323
250.41058761784998
249.85303019446997
245.28573323866144
243.94086966295447
236.86573058172652
238.64576822914458
236.7443957182816
236.78067078973152
231.18961684254438
231.4710594658609
232.24654892190583
232.51248766370074
235.44310991133258
238.01061874056685
231.71347022381718
239.72026782788464
240.80486177308967
241.1964362129305
248.79121449247125
255.53304328676225
257.28506382681553
265.41163366166114
263.1204919332792
260.01345842583373
253.12963039842487
253.70450980052905
249.43722071798211
247.1691504207299
246.09459681240563
242.96161544258769
245.98600574616094
242.3407811413364
235.56281041978255
238.47262202786683
238.50446643558786
240.3483981009411
235.79131876815416
239.38056464060728
244.03834897552767
240.12581384315214
246.53339294007216
244.02265584813634
247.61458393593549
247.7064703902658
253.83738757873112
253.99489874125896
261.7581858440412
253.33785018096629
257.3581231724295
257.38797396543407
252.28702128770556
252.2117615621055
254.93615608023822
255.3389803339332
263.09932153245427
259.49941075707704
259.7780425558726
259.2791082991053
260.01019843049886
258.0193364550604
262.7518634403649
268.6559348133533
262.7884806343268
263.99216536141313
270.60902277393615
264.6325045054151
265.9830833318309
268.06868219485614
266.3495433991662
257.4492466185132
250.18787338513616
250.93493419611184
257.7882729963161
262.8767221414564
256.9244074332192
257.33944983913767
259.5854212402062
259.64364144076285
259.4586890427582
259.57130511255264
251.4290735607185
251.25187208582173
253.05538583770965
250.07683089195947
254.01223048955106
261.40052333567763
267.37096914556815
265.8536017199003
267.23414352877916
268.5287003855837
269.3919924307217
268.5684578180283
273.38251474475516
273.5212582561229
272.9552591240778
278.2440526603343
286.2490923860737
284.8254456035965
284.20804681994076
277.7177831574658
278.0989042294452
276.95482956673857
271.44811513854205
262.73084901594325
261.1613909671426
267.9613631545062
275.5667358436174
271.917772112548
263.0288668410958
256.93212135283727
257.2399923324351
258.43500342617705
258.39744350742734
259.0504157575727
258.9439264377298
266.28659723985896
263.2055660243106
263.3547778270532
265.7884949122875
265.84103118681026
269.083925875391
268.6179031967977
270.8704081554234
268.4277366749245
267.6348985753613
263.06092030742053
257.517144525105
259.55835932671005
254.8808865482403
258.0347916286794
256.3050389636651
251.51112246433019
252.28981220742475
246.92410176885033
250.6690035724088
243.1520698704043
245.52469533998834
250.46901808034542
250.3464314745555
250.4397808810306
250.6461001790233
251.6035145901053
245.5621482869747
237.1725284721895
238.28148148696994
242.07398520021897
238.44387281986715
242.40584184402888
247.02331983703579
242.30812081585776
250.43997756399799
251.32096685661597
254.87946347713293
253.64448884283416
260.48574480604265
261.3606507460486
265.74977617885776
259.641678370893
263.0727968039949
256.1102015902476
251.75152049322327
257.21042526600843
265.45671578243235
265.85290167037385
265.37178223586784
265.16663224945825
260.3847920058778
264.5712855982935
264.60389574131455
265.90194307607635
257.6427562083474
261.9598051794778
261.63863813034027
267.8420503920236
267.04232311872056
267.56201119749863
270.5262448974709
270.8428880747844
273.1117102625151
273.19331038647397
281.9206619197637
282.7757143288791
292.6423292253473
300.4302577664218
301.16927239762913
305.993142598908
310.33106731216384
300.05406503487615
293.0937630323144
293.804363985144
300.4685834848487
301.2161943927712
294.53975626877866
291.65023783606114
301.5676394738272
311.3013405015881
307.3021525891017
309.2506571880278
302.54873752065794
296.58411225365813
296.5353659467324
294.9985698116831
292.8275820350042
301.6623729117493
291.70750017126477
291.85927751335765
293.37546567566244
283.49519832898807
282.80472555562375
286.54206917628574
278.2230968809345
279.33863480813295
277.3583621770603
278.05638214363853
270.3028015222729
273.90996952322746
274.3507617958725
276.6293278057285
281.8715367483172
288.29250589265234
279.73854979401926
286.5101461632743
293.1288584237606
287.28536950550756
296.10022880372117
294.21398870852806
288.5039894001526
298.3631196377279
301.8095346467595
302.94825605980225
311.6101051148951
312.93362385811577
315.9068915781605
322.73333001050753
321.56781897763165
321.82708159188047
321.7013789653058
328.62818508986817
319.70940966215454
320.25844087130724
323.77086867670215
326.1528686634247
332.17853107823083
322.89321386062915
320.30975853767563
324.5105850585915
319.34254750279183
318.16454493966586
325.25529783861396
321.75145927936984
327.69453050160797
318.87352155640866
312.15203084747264
310.66080358027654
311.799779813225
310.85962482982745
311.2619647930717
315.69729136059277
304.78043710967034
303.7309816253281
307.31544319693154
313.07425735234136
320.8360353767459
324.00766907519085
329.238033427147
337.14024165420864
335.50068852439466
343.541618243792
338.16922772769516
337.56857535393937
330.9539710899788
325.59248084910723
321.0463860154941
313.1085294724779
316.0044070900792
321.03582102220446
317.96931178025403
317.1714027739391
317.01454864053045
325.7824903791118
327.78612658215394
317.2630408798903
318.3961672550926
318.23031954956133
317.9501285151123
317.5359736091324
321.5630470311128
321.0483372744611
324.8378019522142
317.63724397347914
324.0254833279293
323.0758236491313
332.34849572330694
336.8874908857368
327.7201868806071
321.57637835470376
330.1053174160192
335.1997262512662
334.9707895515764
337.3897993185521
346.501742229591
353.6151440347043
350.1188860274558
349.9744456855548
354.1174856213864
345.18861182897825
338.7270244949443
333.7216232028172
337.84474499409623
335.07855270163833
342.06972997719055
341.4041888632798
341.3273678770698
340.74107947712736
339.2920817393583
339.02813195237974
330.2929391156238
327.53200678991465
317.5047817991048
322.4055954430051
322.3001261618021
321.0595650064426
309.9698412643766
309.3059763377365
315.1074468195978
322.2167946043833
331.5994522845103
331.3992179495361
326.23750176356253
323.19448534090105
322.6896650687873
322.0177594375429
316.4356107322448
313.84040026464606
316.380982911012
310.5571357855566
301.2921319118442
308.1581451071738
298.45753262168574
302.6512256088284
305.2885730882492
307.69412759426274
315.97191435277693
306.16663996573817
310.5578250384875
311.1740402670829
313.43651710545487
321.3916863854959
320.2317967739961
319.81063985829667
320.8280847847645
320.7149041341005
321.7161492961643
322.48907863267357
318.7337210777212
324.0969301359177
322.6457315055344
326.9600578843151
320.62635714623525
315.34156958163965
304.78878632867054
298.28072670510886
298.3275233299074
298.9513294861511
309.20861856652635
317.71190228310417
327.35743225931833
336.14980624371833
328.8998541961606
317.85720836936974
317.8917519816268
327.04703986852877
317.2700773310297
323.2661046876447
322.0244096639043
322.6703417320689
325.72104952200556
329.4010018672766
324.7215992880944
321.1556508126143
329.2243641025562
327.80346974884407
326.89335896660856
326.83178168458267
327.9679632921223
321.25873758372853
328.6153840793368
321.91754622693117
320.07139319299046
309.39250071060644
310.9000428497812
314.3764426144993
320.1315222198313
316.3946821415931
322.3763263246131
316.77491021934844
327.3739352565313
333.4410016820054
333.5338609869372
333.2261353016636
333.3763820210622
324.9496224088034
319.7351119817118
317.5145213787637
320.99080686181554
314.61271448861334
312.7722011923342
318.6648832643199
308.5305439203441
306.51130567937275
302.9427330008584
312.0932513788204
308.28925359178993
310.28520864616115
307.8977661580995
310.8337479152875
309.4031574314552
309.567845153134
311.1576081395913
318.72475525503614
315.9723019411975
323.8498333920215
332.07995026165514
332.11839911327615
330.7686593230611
325.26254052487786
332.1065145087926
333.1548916859672
327.6705040054123
326.5435573669551
321.2980202802344
329.37686519074583
318.9234557156508
326.81931588922276
326.9937678958151
318.89054846579444
318.33983330467834
319.0630448749302
327.1563730272368
321.5353854680655
315.27275553019325
315.4892152166487
323.40495081993464
319.5217373099169
321.17481574296164
328.4491979937508
322.19296809126337
332.4144809765866
330.5692154978115
322.26481186619515
332.09580645351895
332.06121386286526
331.766163841417
327.9818408074528
326.27166904053314
316.30586917467446
316.4444791719944
320.67833358097334
331.896302964737
322.6098429238379
323.23170260118343
330.4856661910916
334.8333887517022
337.1087003297704
335.89222435081996
334.9489473614586
337.49419883140445
332.3985824797724
325.4833709175857
332.38027688512403
340.2405224197208
335.4696936898852
335.4294165530213
334.3948960125859
334.61119541024595
337.7087597830658
336.41539138010916
341.23111813446894
338.7479673335955
347.37654989355866
337.2028575047642
326.8893637083373
318.9160335168038
307.8940066690143
303.11472096920664
307.23227978966986
297.6306926108704
296.5749114997095
297.06752954587694
304.39223085735136
304.361712485323
306.63239984146827
306.04331079481
315.48887599250736
310.3361812252943
300.1982929478082
304.93155308563576
299.9949202203646
302.3837502495979
309.69767682372566
308.9295701350779
310.2006590665529
308.69870143879416
309.81266139221765
316.24838228651765
310.52625212436135
318.8996267029453
315.9326716037238
325.0025174984119
325.45854426119155
335.7567001667074
335.67924875490974
339.96652917692955
340.03743394147295
332.6370838191518
337.14654254876626
347.74913436868286
347.67038269691614
345.7549699416687
348.12122204704775
347.9007884863398
359.6043862122634
366.4545857132338
358.71774041407514
359.28232602070455
353.1575103948137
349.1734815473187
338.4303571869616
336.5276156829426
336.18598435197464
334.3866462231309
337.08266332072554
342.01468650359794
346.88215199830165
344.73676984595767
344.38710086397464
334.6973645595537
338.51236088228006
340.3763227693816
329.9174359328083
330.4559054457465
330.11237415754164
331.35509403276683
338.51884781077206
338.7924075109587
342.8215682833306
342.03392547889246
346.5323181623677
353.35926126366553
349.90019675915806
349.0612237336626
339.8865876187606
332.7626868246436
328.9615725089806
329.1430452250581
318.9195506149743
318.81508008344935
321.64219170663125
322.3866460562697
316.4524083614351
314.27112866409215
315.76128331925327
316.97805433793894
316.8155714444194
326.13364809525325
333.28715272393936
329.3631187608271
324.8472965318719
315.9390735964404
306.3802037690265
306.4135072306504
300.4691703792521
304.0195109269823
301.71438596032846
297.4647838501212
306.955592410351
313.1907313226725
306.2471917700106
308.4598013325949
303.367136572003
304.258599591675
310.8756816510552
310.5450368946941
312.5251621375993
320.5024046367602
328.90842790067364
327.8086051246224
319.9573540785712
320.47218074876093
330.8957140849636
323.91376207599865
323.72598824849354
321.7565105229834
332.1965994639329
333.80318717018366
322.77931099043843
327.3205223263175
319.2834297076233
311.26200141435623
317.5086876536376
320.68690160472426
328.50578937415963
329.2233081495324
320.0973894823494
327.73554735343936
325.7355153078295
336.2948275861206
342.5693295380397
334.30408892239154
333.18441359768127
335.53282752812555
337.52596598289887
334.53357244248593
341.2761553870282
347.06373556941463
349.27694218370704
343.7820941209854
348.777552273041
348.38869694821045
347.84353883008896
338.7623838738513
337.74568436316173
334.5635395883597
329.1131560486944
334.2793031139686
340.91337179047724
337.9550473676233
337.0943375008494
326.8246515403934
326.9536807837358
328.70843787062773
328.9155944370425
327.4900845042829
330.28199839373195
329.4762103910108
333.40139497787476
333.15665918394257
321.92093048165606
318.5546567574679
319.78723099716564
316.3939789327894
308.75731545730685
309.2896592318227
299.8769353131677
300.22446856281766
297.1468992913176
300.00718326575645
309.51314071130497
310.26890794014383
301.6830468112157
307.7658123432164
297.3208086767758
305.6430108462341
312.4755620057073
313.33849954365877
322.7638127389292
324.23684491402076
324.3066297881193
324.35342169268563
323.31672368713305
322.2749321889359
314.8387998529691
305.87406266478087
312.3026548333786
312.0783105174549
305.4972782661674
300.9261035129757
303.90575777656943
301.54771222873154
305.18249320582925
311.857234949496
311.54649055698036
310.8263232668141
304.0117853347377
307.90631871300377
303.3696763527695
311.77732862409226
314.31726861672354
324.4458552748793
321.5682008628408
321.51169021088043
314.76643417819304
314.96277339136765
315.2137655938603
318.70274624435035
313.2041714184249
316.0145518625391
306.19882150381613
308.92098076340096
312.3084138745096
313.8387352609747
303.6304617530144
310.263765282317
314.7952460123115
322.3411955550128
320.19306878980916
314.8552852175613
305.8908005063341
304.95080241555286
297.6066494409204
295.5176750137902
289.2108381455208
286.7990423022537
281.4987970400785
286.97507549404196
286.4688743154548
285.2398437027114
288.0408495827224
286.367857525872
285.86072459148374
294.021282068937
293.9912704335607
293.7303927547078
286.6986185471263
292.27397264495954
288.41824397606814
279.38007703380015
276.47225414414436
276.63838314017613
281.74036642216055
282.0627547252159
283.33443307225957
282.7408263488043
289.9460626618628
291.7371240429454
292.008093202527
289.3391059394804
296.2321907970113
294.9733670804187
296.06888126525115
305.36128809489674
300.844850584733
293.8928945661138
301.3952172348245
309.28430092401726
300.8688621867416
299.67121407708777
290.86393068264766
298.91817213184714
289.9442346305566
291.13348132640124
291.0327810137987
292.86591932033724
291.76944823986344
290.8932088455594
298.82102792148004
304.6223199571371
310.91441720284587
301.1943986432021
301.2653589829552
299.9188691364637
295.70240122007334
301.9066315850389
292.603974329963
293.3334864490104
290.60235980325547
290.76793052559634
292.73818137146185
299.984075528599
296.8992234964329
296.7660183134519
302.1026490035701
299.0768632662134
300.15586406357363
300.0197480316762
299.98171550904567
306.9860246699503
311.04587726171576
310.11812973175995
310.0535810981761
304.54776103225606
297.98617939638683
289.29221594092536
293.6806299378835
285.9873545192312
291.355196606502
281.1749751927284
289.1088317563558
286.70857785460066
287.5105616934218
291.1539400806334
290.67841502420725
290.5222019949335
291.48059620594506
291.58561765850635
289.3611486911416
297.13771721650886
295.1516046140584
292.7797491857919
295.61769137848364
294.65451040259535
292.88140958481887
286.0587332857948
284.8639678071451
278.3212391333827
278.60246845136356
274.09518147192955
278.99043170300007
277.45990602456214
283.02104705240845
288.4826333363856
281.14792005573446
285.0622849975789
280.93032096118424
280.97020660760154
283.6085849077201
290.0956431360722
290.4212201089177
290.4810304844921
297.31796893955357
290.27734693633244
290.82448896378065
298.947710392076
299.0278007401594
304.98176491660996
305.0152577903796
310.40824857426173
311.23432791408356
301.5917536537744
303.6278202039143
305.7074174585482
296.0525914892983
289.74675824097386
295.2483476790942
293.7339629490983
296.71404748978824
301.94329626206115
308.2707624013687
307.4737419897082
307.0069372710381
301.5232384036528
305.517815748761
297.9902348974862
297.70199929214886
297.9956611033761
298.7110602825476
301.15989197580814
303.19516238464104
293.9904964691568
294.45759557286254
299.277795007065
305.4518883424552
305.9659901357779
300.9233356570326
298.7609548154889
289.28876949142085
289.48232996322025
281.14213823344727
280.9958240754818
280.61951383056856
279.27302499423706
286.4583141955403
288.0250174362439
284.2331109985767
277.8324549488789
280.5341040470517
289.38014937993586
285.7332540224195
292.68716597773926
294.35673047681826
284.7397063969062
284.0580858115159
285.6511636464274
286.57330041856557
277.97679909305657
279.8114973051301
280.0982313463558
280.1819683085006
289.82224422656645
295.84089468041543
293.6442817592907
295.4222520251063
302.7871967799216
303.28502868309926
295.97210279688596
294.6582188988687
302.16068061340513
303.34552542344704
309.9437221658503
309.39576744696495
308.42864875252144
300.699694321721
305.8506964084027
300.0986027428803
294.1590804556108
290.3605119204001
287.21541335835315
284.6744115452738
285.17570644933136
283.4147723859695
283.3572315178057
274.61701685416097
280.57465039275536
280.7123318012565
280.96449897574286
285.9572459347259
283.81922495279935
283.8794880927418
288.92866829371513
282.6110232599016
284.56577726774213
294.4771762911144
297.77864584217406
292.9931965099222
302.3884469793821
300.8126460606663
291.12461640183835
291.3538791403192
299.48081108492744
307.7015032000925
307.7500887610771
305.0513933404129
299.1698312546124
308.3902133904544
315.7871271086558
313.54807942587115
315.74589060582804
312.83671252745773
315.52426164181077
325.31827016966423
326.1394722878022
319.4836330905652
319.82327604198605
326.7825227882498
336.83548980658145
336.3432850215168
333.1258911485687
342.2508891530679
345.3580516847038
338.98034392345
331.33762096474493
338.4548574064377
338.48972580931
345.56027182527913
344.50910304133834
342.23920979851965
346.1742478606783
351.37358135625476
346.2825450034039
342.3490713200281
339.0998967280835
339.3278698165764
332.379931148562
328.9832421782719
327.9633364555812
329.80180936788935
320.89962378875384
324.02026478653517
314.7807857555571
317.5008397530921
310.6202822000239
313.43696280469925
312.92149119883976
303.2614980466987
297.88199890934663
298.5995682133223
301.89076767787395
303.47517705473797
308.8660797954939
311.20179203208176
314.33766087319697
313.27008728052846
312.1404061141237
320.3605628496486
311.63305268562397
315.3740943278583
311.6479670297657
316.5827064634239
319.8855973328896
321.41565495577373
317.63539246289804
320.5638781166741
316.097760697023
322.7482775463633
332.76352792341936
334.8974423810348
334.9460267544236
341.41681908743635
330.7805932680012
329.7857765705154
332.81106919082356
332.7675412971204
324.1069291093599
328.8400310336571
319.24957742437095
311.578801048218
306.1484097933948
305.8930478858134
299.47871389394226
291.44565320070456
288.9505102061081
290.3916973057786
293.1924629345759
293.90741311397744
295.7183102437076
296.00874557440613
291.04779516779996
294.8073329168495
294.2942273478583
293.93031766739233
293.9644831978752
294.65176579241785
297.4855644134388
289.1485013414209
288.9585713212964
296.4422867606928
293.45678007101304
291.1690344600918
289.09655330273443
287.9560896547684
294.9275133347317
286.35261860040094
292.38030386935236
296.2216412001199
292.6691883909819
291.78231940373945
288.6461502577141
279.6635100776645
279.59144994494994
274.59252992786656
274.99209842627187
274.7025451818203
273.99792674710864
273.04723309322867
265.39881527684594
273.1129161659339
269.425858677665
272.46820873025854
275.0858136417644
275.007887277485
278.857318660122
276.361020596192
281.5513753550754
277.65437966499616
279.22762000678324
278.15151103987034
271.3347173779719
273.8528382131672
272.35195277700535
275.05652800304614
284.5513208518738
292.9142949943278
282.7140564590394
274.14136729789624
271.5334736841159
278.0203724307032
274.32373567699824
280.8830086520853
282.9574497923495
278.2086201843906
287.10330042993564
283.3347709864899
291.9109554812208
287.6470272639125
297.5015404033766
297.581814264394
292.12236924736385
286.6037332512612
287.37325350978216
295.316836701038
296.17486967527026
297.9983007922167
297.7642253422414
304.011917864776
295.81179398599636
295.59940392368486
298.5509465478706
296.2496101284464
292.10790908994596
291.86181676944454
299.0757060524141
299.029558710716
292.89239632171916
294.9113972461586
284.7817086534923
278.4417541199602
272.94815492819794
275.7204927236776
268.4139856448313
262.53857614393576
263.22501904487103
270.4313946760039
279.5107580970784
284.6628493205531
279.1455143930458
286.96111241744273
278.31266500872465
280.82588480656887
286.69357324842673
287.70098302585535
286.9965849105233
293.548262052457
295.1942165302828
287.6861440863175
288.6781506044016
280.0180798980538
273.0325260362685
272.9607090585365
272.5753486602057
271.10393900327216
266.07206728564506
268.41334478579705
274.4717582095698
270.2001416950333
278.51547229793573
270.0914352654943
264.84542322360875
258.1817218386398
257.9796445101421
265.39118700000046
272.8748516164523
274.58096580925053
275.68390940770394
267.9123091266925
268.1651434302813
267.25943436217534
274.54692394861917
274.62652628693155
275.00924871373644
273.84223231623844
271.57084954647564
276.9268241374366
273.49945772839914
277.3811644648127
277.72977328390806
274.77505250636864
277.0930482221182
275.87134026849213
266.50831197002054
269.31747023874823
277.95499776786943
274.45215615431533
273.14678304532663
274.8605674133021
276.3532156288041
266.9845357188747
265.74286473744684
265.6858078656519
265.57496903842946
257.69480291801074
252.4446660461766
254.92146043250813
261.7271545866121
259.7121332172794
263.91325306530973
263.9409555590863
268.772713585383
266.9719691115149
266.78752972276015
260.0219415221689
255.53009614900262
248.34789683079148
244.32038008391794
244.24436386361884
244.30774866620894
