0 0.0
199.13273127936728 192.9584934250484
194.9246690791317
200.2076135505292
200.7029808402376
197.58507117804714
192.76370942484704
193.4753783685249
193.81749910770728
197.78619396625774
199.68522101121428
200.52533980059684
197.75124625353646
194.88457614152787
200.08660083274452
197.0448992230366
198.99698773299903
203.1198081122992
203.28027846891746
203.38007496886138
210.11314451547457
209.36870803384986
209.1391087203919
216.05626431401475
215.92346459031674
216.44380436106763
215.7774642309038
213.95391362020564
214.4399109565397
214.56831228116218
216.5030457756898
219.15445024053182
212.52161265195002
214.8771273636611
214.95483473882777
221.57372385971462
229.15972463993108
229.2383426537905
231.23999072864336
235.24256790906384
240.29075729345024
234.89941999864638
234.39273928700007
232.61097539453695
225.08317212606016
224.4185299630638
219.78169922683807
219.64592056444954
225.82514258570575
225.7686204702103
231.07053778772158
227.71291809863962
232.86258773624485
226.58861764363255
225.16781091396103
221.73348834674064
224.3509041586433
223.823735998829
230.63415439840304
223.97674438182287
223.93923221379546
224.86956845076867
218.69194014205218
217.1570921634489
209.74034972028375
210.6056479769173
210.05284408857898
210.44220306382383
209.38427358206545
211.1672621835727
211.11082714088326
208.59515386853928
204.74031483267206
201.89601459387424
208.13583211582358
204.02920272109694
202.31761143320153
208.22142929199757
207.9961928297838
201.66011697578514
201.1302903804099
201.11016887599604
207.01182382532122
208.04709512457453
204.44008964681063
209.9424807636531
207.41953842737072
213.87788403596568
210.2533433934326
209.65049805749567
209.792885538607
207.956854569513
207.23758659303803
202.44097441811485
209.5360361910292
215.73234698753285
215.7596049534575
215.47149257930374
213.83819656312204
221.12799213642384
225.00428036729997
226.5041771275447
226.95906503125974
224.79998107576986
219.89698655400585
224.5043678466725
223.92787610904864
222.4954820704202
218.80421613437068
212.48351704562293
212.8029247594597
215.57863459199524
215.29461485650458
221.7793855970553
216.11966340506567
214.3271543765241
216.47180683381544
216.63933730792635
223.16241156442373
219.85027241788734
224.21953157845527
227.06094343259534
227.72287745159684
226.97458473204952
226.8420571643598
224.0875988301185
224.06320744756107
229.95128831793025
227.84435110910684
227.765605109688
227.43688286114246
223.73712492025865
219.61036821860458
218.5924660280146
220.35700008745152
215.68393323652688
221.16596992053377
220.51887592131382
227.66687971245526
234.67404869784545
234.9994124522683
235.07088251509467
238.2061302144364
230.02312944390988
236.46900614511605
242.35540642756553
244.78924120758313
243.89621234964346
243.0976796705552
250.03103478210397
249.80523209558652
247.38109673675794
250.7166910792473
248.0965495367262
244.03395917943067
243.37015095742242
237.35997499271062
237.23739683666165
238.2822919353988
238.59989422498137
234.8790663297983
234.08708188208485
235.1035399582254
237.66574857852405
239.15708026105295
238.03550347629022
239.2425568738417
239.079947584145
238.97847774236502
242.2376683104257
244.21136498734404
244.68914434310713
236.31048597650732
238.83988699691557
239.57501114564604
240.45631543966547
242.68056137758236
244.18348943070734
248.7062084708048
248.13659790052577
248.53216181566734
239.8469430013257
241.24104053189012
244.66891335303688
250.02162326455064
251.83910196946343
244.4723197984502
244.23186302900552
239.24804052721024
241.74453156429612
241.8181919285978
239.2647579422702
236.03960269397862
241.46357736187767
236.98914852412304
232.26591244824297
238.004592316558
236.78308934321524
234.33581925349498
239.7172223269171
239.8021806169267
245.0493006616817
245.9998536426586
251.45857045428977
252.25300735110747
256.6490139415379
265.5861774393045
265.47016202233726
257.30466491934106
258.8333485941337
256.2081593508369
249.1121907012187
250.52721320393084
250.98382408323116
253.30422390161843
247.8896681538171
254.6097205625173
251.87291034625417
252.38087749255195
251.7644122350864
260.5444210885314
255.44651409601994
259.72777895867154
255.05273406708798
246.38682085083317
245.0489507778927
236.72190241243715
237.3433127102337
238.05817444510794
238.14779228361965
239.890216200336
234.31569550147438
236.00927759267836
235.38600489602803
235.81687365904122
242.71796413642338
241.17415118973312
242.36150270472046
244.48804948413567
251.63858838282775
253.70055383008315
258.13423416019856
256.529363825861
255.543850134544
248.7384316330406
251.49022428573048
246.3300781493861
245.4562852384239
247.2662327994554
246.86523962816213
241.05885072018714
235.50048898405691
235.28378596943185
234.63200427758278
229.70277754598234
230.30085024646522
230.5182924901888
229.853758197945
235.4317053722381
240.9751909706452
241.19187308911543
240.44621920120022
238.52527193347325
239.82705455572983
239.89789113509642
238.24327438592428
233.43063226869018
233.39281262692853
236.83289986328347
242.1281824312068
247.33641014463214
245.2378466052008
251.0756754004127
257.1595655972084
254.63856902376435
246.4938725046293
242.7146662331242
246.15137514095886
247.06924744788208
245.59488594708358
252.35173556459938
260.7920480406237
267.0911664212035
266.0678081386083
257.906863496344
257.5098004011131
256.17701652839895
250.35614423704217
255.16523978092502
250.2646908900805
256.64540338696526
249.1171546283127
243.3316968411865
245.14217361043063
248.57451257973514
247.0964574997473
245.30153551846595
242.6157230149771
239.22395687725623
239.96517146920965
240.86738378903846
240.25302414283206
246.37404255392434
246.40659652112365
247.39426993095333
241.82681473649438
249.0670741695292
251.07114313685892
252.94297377479998
254.9991917212317
254.37116286289944
247.09886785907875
251.40854040596554
252.75870775108262
246.5229088790261
246.602424568163
249.36463944479075
253.98580455268103
249.9233668592592
249.89007186616004
241.2349009637261
238.2705445004497
235.40536813142126
236.99503552197825
235.73933701278554
236.39891405739178
239.6334475326527
241.91637498022143
236.36005999865526
244.1431132870272
244.44839752164756
250.85362995422523
256.4956578711449
256.90760164487125
254.85311247260873
263.50125821272866
258.03180852447275
262.2943055725756
255.35091450545224
253.5339317338863
247.22945898494703
239.6500753936379
236.05129736912968
231.19242665939564
236.79928632705003
233.102044380935
237.20312031748435
237.2272594296273
239.84459010746377
247.60456651455243
253.81010741088036
254.23762480969702
246.815475697203
242.06864776649962
246.61751777360882
241.85227949318275
239.3374427143454
237.46924080421516
239.39465610425023
233.40349511943967
240.266094776175
233.6228338305503
235.10478542020888
240.77594841861756
247.32437729662564
255.96577264590596
255.55243118149627
251.04991630491065
257.3409578054687
254.93121015638445
259.7577424999632
258.8040747480514
261.8277941636104
264.93740764189425
265.2799180290604
264.81005290701705
269.62356472756846
269.00918898681766
271.6245259108262
277.42533524831674
278.2476889601736
277.52049418937037
272.76375722211577
265.84457203406333
258.9213836785608
255.25664756372953
251.76806878850647
248.5107746618999
249.60383187435826
256.57157204697296
258.6715901135428
256.1266110699786
249.9209037261072
249.9864279395564
249.55044174163626
249.6990312133472
247.43134563347397
254.07532764081844
254.3884320431913
254.962905404487
262.55564397803
269.17089471938283
269.71978273132044
265.0087556014125
264.8834300471744
255.67355289353657
254.22180757735916
253.47684306910526
249.03768545440462
255.75816144402816
253.028159638028
251.13750335278903
248.55854232676563
246.57258563082246
251.76103554308088
258.88044192280597
259.00903931197035
259.27190254732864
266.44393210084434
262.17271447128513
258.98727894363367
253.2881183472664
247.12545361426072
244.28912879633026
246.05603970484714
244.16978135925763
251.59859412678523
244.15882614489348
240.8196391838892
240.274521073893
240.17165801759157
241.7519726697392
246.4052255917772
240.1596171722872
243.47152868920358
250.56229482024662
251.89608862196172
247.01841988001397
252.64332303162885
252.73659830048922
256.4760676863399
248.24902115000833
250.3149174014603
251.88061993745825
258.22264394238437
258.8347640970968
249.91065794339826
251.88645233609583
256.47466096990684
253.51247967090043
252.01050872385923
246.4567254683464
239.54723206584737
236.53337007027488
232.67794842105525
239.53144770934085
233.29664891936923
238.48377432106633
235.10589904234692
234.7677865674311
234.34076643120088
226.33858222422117
234.04451064352415
226.0439642726543
231.1591277988842
234.5127153709715
238.12101588454573
242.9923553127758
244.53110305590317
237.4658512662692
242.9695458814666
243.09700783093191
244.35636461816748
245.00655121634782
243.06606349661664
240.86042265627552
234.99255487287283
233.88976148649806
237.7547920538298
240.80069339873228
234.36901597498945
241.2589405548555
240.72518154815455
243.32615491933944
243.35077454858336
243.43811295395662
244.72552339628686
244.83928446323395
242.0498280659946
249.66096767622898
243.90695082155779
242.5717608009433
236.27787315409392
241.48594791958175
246.40782050971205
248.2287469892245
242.55138540974468
242.06021114135228
237.59157497432884
244.09454475105989
237.29076483115168
239.20272075200185
239.25800837465803
239.84493784413573
233.33384412607546
241.42627221663517
238.65794417508934
246.76851239859175
243.76666779662042
244.1103981022332
244.74787446569954
249.78217069475966
249.7331225265264
253.35991793179218
253.11351235932423
247.95279118130296
248.7995281629315
243.69909091987154
246.54311210418987
254.16248841214122
257.5277381505138
259.0871479730417
264.5027022170202
256.1327607528909
257.9265600483885
251.8212441414255
247.23423985738896
245.84920368432373
249.2320245777791
248.3620030204294
243.4544990387853
235.61796791042266
234.427729285726
231.0147645965267
226.2352295555938
232.57820858686551
239.34559704103296
242.60752660408804
234.67367145310604
236.52416707672583
236.9356402334759
237.1460642136425
235.782119740283
239.64919761244548
238.86056485212214
238.44893895243746
239.18800192445772
231.25422408247258
231.96619991306002
234.31798826250932
238.14056006016935
238.16452004877917
238.64717453482024
233.71721887924232
233.8081177692561
235.83342701266147
234.13031137591412
236.6069449375605
239.7080613475359
240.27704856022766
233.1240500845356
239.96965805834566
238.96033758587623
239.65333815849348
240.07738987547984
238.46573612350176
234.82826919003193
235.92226165841134
240.6590034286618
242.86009001684218
249.1629615026007
253.01502089498075
245.83454820962353
239.23954024206478
241.7923861969413
239.12748878540816
239.81021685082484
240.75784301873583
243.18767140799085
247.5628764187095
246.92724402764188
238.83200120154845
242.4049099173527
236.1824994610162
239.92791625119455
244.16577068760637
245.28738816345378
244.6538849808391
240.77165227843992
247.69753569896483
246.07080074849526
249.8192169137667
250.6767010801773
252.4305397680721
254.76619609531653
257.3500420494838
258.32191252274936
252.37280985805523
248.89167905822154
248.38977992703911
246.11144359094266
238.41755650453595
236.1675767028943
236.1975005524826
231.4055395181497
229.9337255710857
231.45399629600232
232.21928844821943
239.40931403976282
238.38166475853882
246.40567475565922
254.68427689768413
255.53104101040847
251.37395133727279
249.78262035481256
251.46478502492877
256.011525764397
264.96434662446535
262.60120410431756
266.64497437315146
263.97052430988396
265.0763834474946
266.2848907458779
266.64899715062455
258.84167726696705
251.93096117907325
245.32472728766578
237.07873795294748
237.5223510580923
234.6637377489806
234.0664198512063
241.11506285934163
233.94612885075378
227.06624609751492
226.35396541763984
228.05087405642456
223.1767073400175
230.3225014850411
231.89307077389182
225.12344094859318
230.30435097213015
233.02755828685284
241.09201846050357
235.20899035019144
235.24557960556515
240.9096016472399
237.76885502828782
231.42384918568462
231.45846398779972
231.70376009200652
232.22179153966036
238.6944384793283
238.77693854404342
245.7814376313135
253.0917278505346
249.12312725633353
251.87901207806271
251.27011526048656
253.53089874854714
249.4165664174118
246.811793909607
254.97812830182548
260.74521577835566
262.1758111214363
267.1285905793993
265.26040483006136
267.10563173029436
266.86204349379074
267.9466637620233
267.35272329383093
272.5654223191479
264.3112232609976
264.2012886814311
261.68233293286283
257.2018245615729
257.94514843461565
252.4529366985003
246.6580474287868
238.26740227370294
234.51130142105404
234.664394846484
234.49098510403564
234.99325703592592
241.44843398186023
244.80488729493769
251.61259650596634
252.69313004157473
250.24395947533665
254.98923445756884
260.9259773244278
264.0732621949178
270.7335524426087
272.27275804405537
271.1904865310683
271.9476959628504
268.69276744473075
263.05438726057344
258.86390690043277
251.88404208374698
249.38693399532346
251.2470116809949
247.58951589269435
244.52067722865112
249.05734780323536
247.5065440507914
245.3843418208322
244.41225057994802
244.34004396217267
242.63718174718508
242.60716786023494
241.4715087541973
242.47069325812154
246.56033957149
241.4223546128228
234.62444921223087
242.36299930491577
242.95287874430895
242.38104379311739
241.24739188982554
244.89206646212094
244.58450718995022
245.25603911148403
242.68773517838818
236.2763834596616
241.15432361040567
246.99724079659924
243.44707737988566
247.56212972465488
248.54037751073133
248.3740848392724
247.08671081512898
248.56787196749286
251.05096322973785
250.14957125704976
244.62113333493983
251.8176952680407
243.00606032659408
241.42296692148045
237.0155259348819
237.058036498569
237.43893117726202
237.85081550812203
237.05844186921604
244.01440635109637
252.47313157117392
249.03844417371997
245.7346884341046
250.60277201709044
251.43233499706955
257.34941473022855
248.40526656689062
245.74862995696532
251.99316295853546
252.45028205601983
247.51999121273514
254.97360307205724
255.46004168768786
262.3566671423578
259.56920895693685
263.8991277029564
263.05444254021455
267.86715032786674
268.5613928147342
261.62081259906364
270.6076060712922
268.29454400248966
260.37805610601197
258.5187187269428
254.3964908496712
245.73531725117599
253.53283654523435
245.11285883198212
242.51392831819444
243.24334695660784
241.3572643986859
236.7253253753443
244.9241579391795
241.974344026011
248.1343797481775
245.15990080509985
238.14170208659294
230.8898788783915
231.51889588082796
235.05062855850085
238.8909655893602
239.09449111349298
237.97102426927285
234.1454471976048
234.16976869253932
237.71670978208388
245.438317080533
239.66612964786611
248.0578466085459
240.46639529348155
233.16995495777434
234.63985248775282
236.656746036449
230.97431497584387
234.2998906668109
236.5147377983604
240.07392808981072
240.29034993862788
240.54859728741008
237.47351496920044
230.33449148730966
226.34682202003674
224.20493544786075
222.0190137283701
220.04669603558224
224.9655505887988
223.337103192574
222.5177361178442
221.99318100956967
219.97686238881914
226.29485727600115
226.0356830521767
226.57419445497777
226.13123877770204
219.14392532624808
218.82405758208253
218.32799607907555
218.74794602479037
220.3979472321875
222.36386116414883
226.69920415316443
230.02743830198455
230.52287648633555
227.16579378309117
225.9444959461288
219.45414773789838
219.50202280421348
213.27487445297226
209.6157144529362
210.33711684791058
211.73918905119518
211.82163692688812
208.0176741394175
210.74186425448198
206.5100101603894
203.01822836182924
204.48560592070498
204.65028955411404
205.13723731002491
210.32733134416767
207.24495078239144
208.80367995392615
208.868607017385
208.9535488187361
201.6931784735855
196.1640118484098
193.71592088285416
198.42044474177786
201.59346005266798
202.27404743196172
207.05296446589088
205.65842912702598
202.3269222138463
202.36738280506032
201.62943452678746
201.65433266096178
199.34771087069058
199.43384338616852
198.16451121074508
200.5570859698029
202.7387794465982
200.81448463786896
201.30476784371595
207.6182784630354
207.33382185905458
203.53882954385568
201.70919110263864
200.83496646507598
207.58199382094168
204.90889675647972
198.79061370930802
201.88800279446139
197.79824939903375
194.8509829127327
193.71323768428616
196.28976936371814
190.10275374649513
196.35748983465055
196.4112010832537
194.51206429170955
194.53623613551923
191.64347093092903
192.0175001863288
193.6934123860715
195.56900229339573
195.73342673161554
192.93040028276744
193.8492296787708
196.69135204059066
200.27027252854182
203.93095689804926
204.58532369899999
203.22408420613266
205.70062365733548
205.85421397767993
206.1170937365843
198.8908722256157
202.93512864089126
202.16194145420812
200.94342428748533
201.07496130823094
203.58358066796626
198.32840853691042
204.90530238926945
199.8406057901626
202.21402757995233
202.2638812047612
205.77595795220066
211.47172549961408
212.0863025699975
212.0161365362841
212.29767279418044
213.87665334067924
214.42854699848502
215.47760188719738
220.73648198483008
223.42204106030337
228.373572847663
227.58315648934905
227.5069106885147
225.88140223847753
219.88016666599887
219.68834572645662
215.30786805540987
209.86947833482225
210.60944227544982
210.8224285538702
211.0832581015192
209.64378800029905
210.75576835966746
212.72951154368633
212.86213604760445
213.9382278042109
214.60922467845035
207.95979629442655
205.3524727657714
204.47565020827304
204.54242719276445
197.66184545751977
198.26846999341828
202.54150470064545
203.18752790823333
205.78008820972477
208.68435764694107
214.12387361928566
215.10794267800387
217.37858498517014
214.8884873222073
209.82838422947154
210.43128439112678
206.1616359786662
201.82702471327028
197.60719015098664
195.9633133402001
199.1605411928446
196.15693357914742
197.32535981635885
197.10905423665
203.65494709443212
203.8179064876637
202.67131086881443
201.71285768987417
202.86308125623233
207.66910735892756
207.69497688105582
205.58090137972633
208.25437092396885
205.19350081621258
211.33892365804928
215.36323950947764
211.56923089941495
209.9761893496143
204.9468563039016
204.38015141411637
202.71213097279664
202.6830029451217
202.05891227949246
208.17290788346997
203.3702657834199
205.75290224390437
199.20801952718986
204.38501139864462
201.61465231042055
206.31573657990222
205.1771565031128
203.5522044542201
207.52254610687615
209.00346612333627
208.749436085541
208.4485753320765
208.17403369257104
205.68706061750757
209.97751464168823
214.2675430912541
212.29350611608155
214.63832377013577
209.90196159695967
204.18604386635187
204.3755667229052
205.18536491041615
206.5033961448375
209.23336042022333
208.16552101261317
208.2284745041054
208.81892236761337
203.00739488066966
203.5969811881804
209.25282490823105
216.42572011923667
213.12023062700544
212.4302203687241
212.83471875477866
213.5591396594748
216.03508286447064
217.4814783431317
212.03472741489568
207.13418702469076
202.7799186606791
208.4729800901029
211.82432825550683
217.2608025935753
217.31164437193647
218.29435031632156
211.71991316325438
213.22389462431045
212.78079824542834
219.19540887002046
219.02215794893624
221.412272039643
219.06574091087032
216.4931465702179
211.11953661445202
211.02590967691052
216.10816432838436
215.07707786434432
208.09441932831623
213.9144449897776
213.56896974103688
216.97863653397127
213.68576413500378
219.88094601388428
221.28562676982276
223.98730574785142
223.37022606389004
221.93178336011468
216.37426860334386
219.7789836412087
219.01637376762886
213.88497126505126
216.42619167834852
216.29986441789862
216.22283304197867
214.16278339063166
211.3814402954379
217.50353599292455
217.91188892559535
218.70407148664364
213.84807985602131
217.05167918767978
219.30292243440252
220.69326948618868
225.0101308207177
221.84842884819764
225.80388894491009
222.30893486817422
215.27976757385227
216.67310627916697
222.92888837071092
219.25269592336508
219.0062890275612
219.09982173873524
216.28771376072078
222.8110132674099
228.19555271326615
224.24904046359597
224.21468823800913
224.10271615020636
228.15645467203265
234.60799234234796
229.22222890832737
232.2211089768202
230.00279292386352
236.99913513824708
244.04559716815658
244.12202541410994
243.7754442417086
243.289149847942
237.13840603892018
235.77109220660205
237.64743925003134
236.27233595749846
228.0707685861717
227.22528637305066
222.99757872255958
223.0684982681815
219.82831211729228
222.24613303808283
219.54570848024758
219.99155242908228
221.30723289160724
218.12253381038454
222.61370548390434
223.0726593419657
230.3906369503639
230.33056079324083
224.80142516449362
224.8397872872927
228.1329309778532
236.04756496231067
240.97910421670858
234.59301607931886
236.95223409869635
236.37711290364928
229.47884483406318
233.9161828684898
234.19462013403395
239.65881652850524
233.56228196656076
241.5887580174243
241.41335542419966
239.38495421703985
246.19907704425734
246.29425038070283
246.26465278244126
238.86489391613682
246.3018788857187
252.44501803649797
256.3655117264395
257.1297356202668
261.38878359509306
267.9132154429414
266.6713842701239
274.7912861341578
269.13652026919266
271.15932453231807
261.9614717709713
260.83748451854416
251.79074960093817
255.69861781245052
252.15315980308506
252.18935215821827
253.43334790200038
258.1681691677973
254.30011051533668
257.91937099773963
257.8090835988867
259.6722943532073
266.3529003747429
271.21960953268416
273.4663678049887
275.375942321905
281.73335786852164
284.69192918337166
284.2598478423539
284.1412192062971
278.1742819016242
271.1429196172432
267.19520905683896
271.0868675865016
270.80591438858124
261.73666477810184
269.2302257633595
265.9880274321051
261.9597878503577
268.7094769516917
270.8247373176337
269.5253588426465
275.4720601913171
278.1222013412795
268.5662256225946
270.96141497645243
270.4186526626652
277.6942356215425
277.7228118356307
278.98432634070446
278.84894135430943
269.2979932656324
275.58331557665247
276.87981933365296
271.4935271942961
276.69348277197906
282.9011654401602
276.12535647759347
268.3034855571871
268.39891939596856
267.06717190137346
275.7571882954227
275.9523528548022
272.3089393227964
277.4027736156137
271.2455201312607
275.3186715044423
272.0806877983291
272.9067785125508
274.3082231964927
272.19853137596533
264.8931712790288
261.7167336330457
261.02796062795187
258.0127349493943
256.33126038908034
254.3764785047792
253.79956260342456
253.43743005166755
252.13760198269082
260.30557878452544
253.34859729460652
258.46126933779374
259.79067435522234
262.66311265415266
255.8770732198622
252.53436797568486
256.6699675237416
260.5475074654175
260.9487581336004
261.6584480070808
262.28001015422507
253.58026242701035
261.56704379402856
261.50429096171666
261.57044813425483
262.3484116174581
255.08836237926528
259.5044395155825
263.5912335789215
263.4600696833788
272.1511106371248
272.0743410155015
270.3124813301652
270.21572779171913
267.7420535389907
275.50837707511425
271.4963492154985
268.95346183199916
268.205051492738
265.6709857963598
270.5904039751401
265.6549254869987
264.2504988186874
264.16728533857804
272.95824571586945
266.6847708965604
259.83271141275503
266.1698749439535
265.3371961686875
266.3552805020873
263.32406207744543
259.8790436010809
257.9056924788214
256.399921358904
251.59891249488476
245.483153332179
244.38978164332454
243.67286089620575
243.9254463457919
247.90082486724197
254.1918780386405
251.72562153716777
259.064389554055
259.90373801719664
262.78288836505436
262.30922717006007
269.34478436559465
268.7899596529257
263.1292461857802
258.3134630463934
261.178630767784
261.8889791082574
255.14510038397242
257.78370619254343
257.9694215745502
249.57938438511792
246.66076673467313
246.7786508202409
254.7079854942331
253.53257885035225
253.24459837098124
244.5780846110201
242.02758811814894
249.8813845722863
249.55063219018757
251.45001030462285
248.40131562392426
251.39340268338626
258.28121260495834
261.0228893097686
263.75670425264036
266.5797392114063
272.5654659992566
270.1930838207784
269.2557141088626
265.86244173747104
264.9206088031225
257.4126909056541
257.5292537709387
253.046226846815
254.65928325882786
263.1848102581234
262.839685965473
261.93076549902423
264.08952037992236
269.56438595530295
263.97181766163044
256.8312736825597
250.41846420980167
258.79927908058403
252.98545055029558
247.2600398756774
247.16773704342395
248.19949951431366
250.86292780966474
254.55431885588513
252.6122999794457
252.78289545296653
254.3534805322033
247.2025940396403
238.561474428571
240.92602459456572
249.02357039789007
250.48502337169222
254.56928809703342
252.6720382545345
260.38322484576247
260.76686315249833
252.73471370613288
253.18161845096643
260.7270074016514
260.7544531521831
261.2519940310663
255.2609964265734
260.87317425792753
253.79630756182775
248.60295675417788
246.11480504470796
252.8123802460656
258.14838416160916
249.63602515663266
244.14682687051646
237.83194201907614
244.67953279052236
237.5991819136572
234.56541190253472
237.3344399251332
240.39118877953248
245.31902977940518
241.81344937684938
246.42611644052639
246.95128683868322
249.12376213268388
243.68765116809612
246.5258396641718
247.06853698227252
248.5731501497303
242.50266879535846
242.5502875714577
242.68161005923858
236.58045616571485
233.66193091925726
237.58318062917402
230.55378083673006
230.86007380909808
227.285102049053
229.42644022252878
228.05340542417352
222.70233171270536
228.815549585267
228.85060314774287
233.36028338386822
240.03782934591743
241.56340979148825
244.15041279584284
237.2153597026679
244.0412141992049
243.96514120791645
237.49331034748002
239.12286233268878
237.54791084556473
238.9192756158332
235.45624620292872
236.7239896724211
241.0866229391601
245.98021027500687
240.96376350623476
239.42255216748762
246.2410800572969
240.2929787773276
248.71312668311026
245.78652420973563
244.96341198592427
244.61874268625843
245.83041331280938
247.7490231691374
242.60495617063634
248.44792901956305
244.55013436926853
247.83239189548644
247.889525203691
247.43220058025673
