0 0.0
166.8779827802767 167.9185695472429
166.67698708101636
165.10060358145913
167.24881057968682
172.4043607858121
169.4887613417984
169.39569992741235
173.42984552174326
173.73452200320446
178.52747666803097
176.2947994647407
171.23855073835514
169.08815374315114
173.95412474618254
173.9345665644478
175.15845445139024
178.3180496277228
179.70223530485063
180.3203871190547
180.60154687319206
181.46647251537792
181.4466517913767
176.44025621087454
182.26384940446314
183.55498731028476
184.8719194088481
184.95517279076748
181.5227614974716
180.9360964183451
177.08069852804738
182.40744238663714
182.3674789256816
179.57915171600627
182.75484757937548
181.48748991845406
180.9172779654382
180.72165221216707
177.75673301076148
181.86956691110083
183.04308582181986
183.08602246164662
184.63967346893378
186.55886962312772
183.0215304421171
185.37647239145872
185.70020710632954
186.37888167169572
186.85010449098056
190.23829356963728
191.1556068609977
190.43424209030323
188.27160908308178
187.87241622569246
189.0596911190339
185.80089583076926
185.071166551763
182.79908923616537
183.3532909238876
179.81705947703514
178.26005912605066
172.31099120295823
172.407229090982
168.36736254772165
168.06255510748153
168.17803830144126
169.6101234412185
169.59237201885188
169.99904827131994
170.40017655507324
171.40844197779467
176.85434650239253
179.4382307498642
179.60534238485934
180.90019197058916
175.41087740122873
179.44312967812593
176.4259660387165
175.20921419182912
170.09185332868026
175.65693570822523
175.93400367882637
176.45561944961955
181.6419718425143
181.91289728741523
188.1989075966778
187.53352117666776
187.0286384182469
185.85627940799733
185.6561342201927
181.75253116394222
180.6215840422808
179.88313698017498
181.1694359226504
183.98825695209123
188.45453786627579
185.66424329705325
188.57842621509536
191.27450615302428
195.0522008500155
189.48932744483793
194.4713533094703
190.88695666470707
190.2919922729123
189.21150058921012
189.25867312731097
187.26852987571783
187.21560713910384
181.75344244705994
182.62604739616813
182.83279069676558
184.54309159271014
184.35918493663857
190.58665780024268
190.83932132411326
193.00914143274792
195.6135932255936
194.750633796076
196.93966340942006
190.99653829610574
190.80459203733292
193.09784777247407
194.69846316806786
191.80205532350868
188.30230895117248
187.17097599071172
187.15177173369887
187.11400261246604
187.75451745916004
192.33105489187298
197.07825695391153
199.64331839516964
194.80602262595383
191.18240221701697
186.06521201546286
181.5463874498606
181.59653596409632
183.72298028938255
186.72304285695907
187.0772149339239
193.61514293042072
200.0498816818346
200.61606338903698
199.32466661783883
205.13005688179163
203.9295489631684
203.1541157672766
203.54368000641887
203.29728748410793
205.0400772593353
212.0914440651604
214.37085051386399
208.14441188121384
207.75193291502092
207.6946657749978
206.7786003394788
203.13350079507308
203.77112744216717
207.56320971160824
206.53473208996525
202.17384279066496
201.34029210252268
204.99996315577263
199.1678397068003
200.18796391834502
200.42376816183992
201.27887124293719
205.2279810377069
204.42523416241372
204.60577582772183
207.38422036764922
209.10640121488382
214.94213865216048
212.2176911923035
211.16343969374506
212.73568690206454
208.2689682897749
206.86551878101972
199.6851151798536
199.16582361159155
194.2527519225372
191.29576945270253
196.3577406301532
200.60093923751953
193.890141951289
193.59607063828292
189.3864014318489
189.592966062868
184.57772529854816
183.8167431833155
183.4883638956384
183.36461348969823
184.49145649467053
184.39449718400812
186.39895483274066
190.19547616538327
191.38060772564612
192.8267195399459
192.85950023623656
191.91252345647987
192.25436820179976
196.22823864554647
197.64577066156727
199.27652856654282
203.3644884481458
198.61198704104277
198.1020173697472
197.31664576936717
192.68815590770228
195.71291090441488
189.25482550622846
192.0721375554702
185.65715005108544
191.6896895228281
192.6658208247945
192.71462582559752
194.79995626697726
197.10410815217574
196.74004407234725
199.32497998981117
195.00476189305652
196.60013314224744
194.6868532005756
194.54013732382325
196.3561865993332
196.27457293386067
193.632471304963
191.9220016740489
193.94565977375066
193.89435493413265
192.3716781486484
195.2177655453437
201.60268852129678
208.072060439224
205.5535131904201
203.61692297784973
202.69543672683733
207.05611521916802
205.7352055237472
205.2130713839489
202.99882725918846
204.46115578940916
202.48839935288348
202.18460629141592
197.46141570723148
200.70875088256534
193.93337763993352
191.43646426600284
192.41198380164113
197.00132161979735
197.94399948263347
199.2982459983688
203.7479305629835
203.95929018037003
208.687406333494
202.52925115089272
202.86657081805302
200.7979655201104
200.6009249443202
198.91343521849095
194.4698992234296
197.42542434933085
203.04319242963163
198.6431467434384
200.94974908936172
205.71844485747874
202.34902040859856
198.86078452956812
204.23095601935051
204.00033654277266
210.48184688123385
204.94611150185673
203.60502380917868
207.40382349103484
214.4188759789801
218.84313647832946
214.84518223370978
214.90521665877037
209.131504903817
209.30871759293777
211.36044457427428
211.69681936946273
208.9874475590642
211.97365955197955
213.65958298212644
216.87053010003294
217.3806358213069
218.4837005209403
220.978958076571
219.53556926174863
216.48948799875478
216.72935589371156
209.39911881740375
213.50232323414625
214.53941359276675
212.902051471442
215.44975793541124
213.7720378516318
208.32721966438788
212.1859122947299
206.66528810467045
208.48458551814824
209.15308921840386
209.2751287616802
213.32986478269464
214.41435306598595
216.4192872604754
215.95146739581818
213.67589905027327
213.46583344103715
215.9970247680626
215.79977507068588
217.8389641228458
222.71107681340885
224.18321310633652
224.22591753440955
223.43532630905256
223.4127107516884
227.15420000907227
231.39467181652802
226.3801253358053
227.91853307630657
224.55100847978107
218.08002648930562
222.86457216455932
224.39861023071913
222.9963747159696
223.30664690332097
222.9267326793943
222.13306241409356
228.82350931347074
230.71021423560293
231.32837789313143
232.8046467784008
230.86480820929887
230.29672359505713
233.96212307059412
232.22886865032046
231.82781712194603
233.09742524436132
229.44819756373167
233.37683672785585
232.4376754781406
226.40136880224645
226.26164270583766
219.44974859502895
219.6416671053356
220.72480684975145
220.89107227631
220.98427975396314
227.98310781872001
227.73866609404496
228.57518092282513
229.63388730038213
231.41317889644264
230.30576864398273
223.45060393987825
228.76605199547814
229.95797553034947
223.43042911815564
224.24982064565398
223.55328460677305
231.04034847407527
231.34161339584554
233.91408219185365
228.7778846067663
223.030224606107
215.74265438908216
222.13024923634515
221.98950052344532
218.953666280873
222.15822238682816
228.0942770207998
232.42682874846247
234.6379621968881
228.62528033812035
229.52259994685977
230.3246028542199
232.99343464480197
231.87823148499007
238.41161409208695
235.02054000980547
235.51789990765596
238.6177711743365
241.02215896833877
248.73202897297978
255.68615109005887
254.9674637431404
248.5186001966069
247.68999052205018
247.0709974833039
245.2712833014654
239.6944435477877
239.14208756694342
232.3762407002273
237.17427993289334
232.09365974895545
239.03991843641393
242.93604399677355
242.78436206049966
241.75502799552592
235.7961415775747
242.81265328524339
248.94601211875016
249.78907193257513
249.65935825293477
253.4821194537526
248.20048758079503
249.1059620044806
253.59046844478857
251.90948625942076
252.40463391645176
258.2655839818699
261.17907144007495
253.3948897619908
257.4055909164816
260.7253804249714
252.75418304204666
244.08033334990745
246.04080981414617
254.55198278396563
252.12421267268778
260.421331591083
257.3891943305638
257.3586945534748
255.1360942768608
254.4573884285803
252.52563971348283
245.19518854622802
247.34193565052794
241.33602908232737
238.87000145483924
240.74227198057113
237.70175348737055
235.17787670585753
230.87969176946643
233.8840757502428
227.74855510022255
233.95610668607821
234.40557624583974
227.44004118939634
230.62443177344667
225.12143846380968
232.30892253716283
232.36915423131933
238.49098901564517
230.82182890922152
234.14633523815786
226.1077063886867
228.92796655872138
221.41269020276292
227.9378368422383
231.09059608846388
231.7070654513765
230.57774528785396
224.3967441301195
224.360579539382
227.731112572678
227.6295696679336
226.34695529489312
225.7401999181859
226.93091994453133
222.58059587086083
230.2154601987433
231.88864763841264
235.77389221973675
241.99913914886778
242.27242415922646
249.12092977046137
240.57491110326998
241.0761138504158
240.7900476871435
238.722536096018
242.4330909843944
236.79160928132046
238.9373302974236
238.8488601881124
238.995784474804
231.5434212444952
238.53905243010436
246.70809876804594
242.10815040194288
237.04792958396226
231.2843010591545
231.43030488635839
232.89037826107352
231.52070096674078
231.49747145146887
236.15453662513286
232.52793766201842
230.90823384982716
238.19255900059812
238.3199782264975
232.46293204059714
227.19877832261315
227.24828439113338
234.93125723054442
228.7303945056332
232.90561117343967
236.83920267711972
243.26081522660994
243.2343376088163
248.9893193289896
250.31288915494156
242.30332361914606
247.48282622557448
246.52874178071247
252.83656616898742
252.4952169801355
250.0310857755503
248.61010971320607
248.64345060885705
243.35427372141518
243.30500448475544
242.70337728277298
249.9028518037962
249.2093267872997
257.2543908588566
257.1818932166128
256.78176690638514
255.98127552945
248.62786858535034
240.54012039251643
240.3555466449341
247.37604765987098
249.04544932552915
248.99806305962105
251.3436185829835
250.25532326510483
245.04368869729248
241.78053612775847
238.9796042645527
232.31838142758366
237.24092042510483
234.24857217639706
234.3427321170557
240.31670966145103
232.64795382511298
234.58031845969228
230.4677529362543
233.1977038518878
238.53231410142095
236.9692908827231
239.86710653477556
242.1166590988547
234.28568460381908
239.7031897665671
245.4497519859731
240.3469895256954
240.2818393711793
243.62148054832903
245.00918894621444
244.97803889232847
249.70126126409926
249.1445436860023
254.62020683468668
252.75596921828654
254.02428659513183
257.7767619301492
255.91029812006778
255.79744354476733
254.73267689506548
256.5243654781734
251.58098602174925
243.0827857881636
243.03387007537324
244.76955313521205
245.29707355298777
241.06963082123968
240.68381759413558
236.4217863114654
238.354724774915
238.5534432407238
238.74850300772715
237.12933150764786
242.57221911737074
240.57990100331818
246.60301153069548
251.8383759023803
257.02714502382446
254.9878431306748
256.43959380387133
256.62837446112223
256.46144688942763
257.0053938371867
251.49151646703316
249.95243674072964
255.69984163470664
261.7081334269054
266.8830970616354
274.31073752473833
277.5518446904731
271.7357596873516
280.8135070242955
275.1929312508371
266.5877399338509
258.994545690536
252.72659676139486
258.4148177249049
256.65731029851895
264.2064630789421
258.16627828289865
252.6983906877335
255.1999945860626
257.14831514836726
249.5783757685404
249.6260297738002
242.0453348271241
246.68348067915878
246.80836971150188
241.18898564301642
233.64574216809126
233.1529388114047
229.86585878355626
224.43453703375985
219.65727446942094
221.50077969831585
227.72613960081787
231.23558216970966
231.07171433190553
235.6613181992397
243.4240130561644
243.4760282632632
243.11542832741787
236.1458717509451
235.91867879079783
241.47962060191557
239.52264553789334
236.99803973722337
231.5920473911747
232.58548542521422
235.96717953252517
238.970253716218
242.46779142240143
245.12368232848675
250.1598991097705
250.73620629554935
250.1626594653725
250.24045823675638
249.88961152251565
242.80702821047828
247.3988274646442
245.36560819580708
251.88938094478655
250.9401921801051
242.14201240188547
243.2602288264172
234.9157942805907
233.45004054448708
233.7960677061347
239.2844654224864
246.6899772582003
252.5185716549579
255.86096848414033
247.06619842517605
242.893244195788
244.64355366117923
246.57638034461377
248.7211215852862
251.58209013722725
248.36970332441976
244.0878435083523
235.5842842793544
243.3251590445134
251.71364831673492
252.12614114332203
246.00777135916644
242.56107907775746
244.89461225664377
236.81805243295832
241.12429413621956
243.4994945826507
241.0066941515975
242.80970212770137
247.55911881984784
243.93090819627517
246.54563421651508
245.39366899940407
245.7881181956484
246.73369154091532
244.46320341339
238.81668338829724
241.92467644665038
245.56739736668752
252.89888302729238
255.02400523157885
250.6563481636282
257.053539395089
257.3753193940315
265.25312056524774
261.6206199837154
260.1948143838251
251.36987051187984
251.3033951843469
250.0770983351431
245.02818847339535
244.07278432944068
241.26278113149755
240.65969510554316
237.9264516392691
245.618226508733
239.52576861060442
244.1796048094387
249.83213912567896
248.56250833063257
249.1156936060011
244.57412768966657
246.86178799446577
250.8871456208206
247.66841971150143
255.09794431267275
255.9126348474144
255.11499263345257
260.1290684940437
257.11985717793095
257.5005608467249
255.67300284254145
250.98346255622928
245.81470055908136
250.44838491347076
252.10358070397774
254.76127464061778
248.57108474490005
248.08775679525905
249.02819208301943
243.72681169322126
243.02438353180514
240.35807007987032
241.60737943189434
244.62731217545863
248.17746363245516
248.0598084521257
247.78335960358206
252.6551534004048
250.90458599633666
248.55936345521607
244.05873841022552
249.36455709371282
249.23472698308393
244.49833729117694
236.70238213240478
228.9666322634114
229.4213113084042
230.2977820122954
230.8903017086525
224.1741779331638
229.37966970151123
233.30246854886232
236.13560727133458
243.10749789950347
236.73148336404816
228.8741374937353
232.67022212768046
232.631755826982
235.14933052350338
240.92425838194478
241.7277212823831
236.24140272400604
234.975376539678
241.01787458068983
244.88818378985252
242.03237101240154
237.4877810638356
240.64777036280867
243.79315773258318
251.323309921773
247.03926090430915
238.62101796115957
236.4610743215695
236.22872295853153
229.16543011409
230.0739481642751
234.3293794603571
231.53207648457533
231.86907624154875
224.89996875633113
232.34588061373296
231.5182998646358
233.31782857434544
235.53373336532545
237.1705651656675
241.5539890168371
241.06484486133968
241.78075820404922
240.86449256042778
235.49844854581224
241.25326964655002
246.49024697094444
244.8684706018916
238.85411504201463
239.51844499250208
239.62622634645157
239.79277828973306
238.1655739731378
234.5222864262453
241.41793654067757
234.92198430181685
236.66685719745644
234.60110755875712
237.37513066955964
231.3649002751719
231.08288482446676
230.0010650752354
236.03174407659827
230.50866679573897
230.83031919768646
229.4610612826698
231.11413242921827
231.40378993488702
232.63199011500978
232.2749865930645
238.97134299622263
234.51180626486732
239.6211034886863
240.80616820840132
237.42624080137753
240.14351915159463
239.68021219256138
237.32449359243012
236.70322018446439
235.90007115268438
234.1636305548803
236.05089746339075
235.3714684201677
242.5930208145307
242.3569578322261
242.25667118870172
240.21126412697745
240.64153659753754
246.3591849318087
245.8915502590522
245.4599675447855
246.4344577584588
245.06828170858512
253.2091610417195
259.4764509983503
263.8770797973502
263.7713235719982
269.1520870865779
278.3836234243286
277.0093744630399
281.0190150678251
279.36197465887756
279.1927352845766
279.1359412341836
282.1284415059622
276.2338709459659
276.1069271875011
275.1240007724583
269.7292295704908
268.1999355700417
267.69390453781756
265.312237156625
267.40064068145864
259.15556611643376
261.3875485870202
261.2276171496578
269.83388710454705
276.3307310206506
281.42182110318726
274.5164881030526
276.73818691366404
278.88452174684426
277.9295056863168
270.750243353059
273.944212384555
275.4578174087521
271.4859681902088
271.457880337653
266.27938856243895
258.18093297162625
262.87006059471884
253.92678634816875
257.8314455353385
266.0757190898795
266.37250723786946
268.0475996107865
276.20108077873124
272.3896718995515
278.1203857937218
276.30535540317413
279.65238915056386
274.2274084584786
274.57064246377996
268.06539997343896
270.9508333980287
271.9722207068883
273.88951524059013
270.3165526907346
275.80366466044757
271.3207977794294
272.3246906732274
265.15528959445146
269.52102867940647
274.3797100792047
277.47235991041043
270.2017790509438
264.2666446642955
272.301523888559
278.819513362147
286.65661983534477
290.3160631925593
280.65682183343006
283.5052286725287
287.73473003789877
283.2528517403308
277.1855169916821
279.27323618651025
281.34091543851315
281.54106675877165
274.45906581276125
274.75066976136145
271.40746304205317
265.3411186158107
268.60031773957763
276.5779108239234
268.2940088079881
272.9014505123842
263.9124176328344
264.68863421899675
265.53103638778043
260.6775001367228
265.09827853105736
260.66467304719856
255.82939290612353
255.65758758234333
253.680384105916
262.2337202944077
253.96138207315155
254.19316169901327
250.45828510663333
242.7130835771149
246.85734952106174
251.9045015654335
251.7011240342648
260.0434097988564
260.460206349365
260.5465295151946
255.643151983255
256.92016660593583
251.5187825100674
259.4315175470794
267.3696358119798
262.971701260204
255.64593449125516
263.31404442407194
264.0491379483369
263.7092080611427
264.3573673766744
258.5759343703721
252.3425254094766
255.21675627688896
260.47689646346663
268.2623279651603
267.97980700286723
259.18305867790065
262.0725000516385
257.96150219346833
258.2401282407228
258.3330404353683
260.47898428313135
255.34378387601498
255.20789013957292
260.950892708745
260.4861346134879
257.1489797897453
265.98328990322284
274.0733438911525
275.53755836009066
271.3406181447557
273.43092332848363
273.309545453125
279.35545427269847
275.52284896588645
283.20806033681146
281.36599372307796
272.2088701560947
266.3508870582155
268.6899045286928
262.27392321565776
270.7696509273514
272.2014663360973
270.53148933328845
266.3416058921447
262.1882796406933
261.65513929327136
264.6888155279207
273.30203320356037
265.776253263352
271.2938738242704
276.06242689663134
276.1021060111997
266.99349799489863
272.0183404078976
272.32478096145917
273.0943577371776
273.3239973364718
269.0178249632182
268.11910000643724
264.398319174983
264.27537872994986
264.4038577053463
272.388772306692
281.10413154838193
281.07531014968754
271.41913019625264
268.066332994912
263.4513211172262
259.45380837421675
258.27083808593517
255.4337116343274
258.60668515635075
257.78816498759517
257.9986407271608
258.3759367254127
257.80544095808574
262.5128436920099
254.4941446929158
253.88632446923643
258.1453997249331
257.8794416460316
257.8515533810541
263.0331612109786
271.01310827470564
265.23302270596326
267.0543911185459
265.9721694636253
265.8707456831378
266.5786103687309
266.3954062835909
266.16500794639734
267.5140171316715
263.23633237257985
257.1278388036469
254.55245621066663
250.8564823777554
246.62178174138563
247.87823408450006
251.5433660092457
252.0919001573471
252.13754950984077
254.10582091151454
259.57545674671616
267.54328691911803
264.1887664240927
264.28917027278925
267.3968630691605
267.5737256183296
272.09744581216796
271.55202093000645
270.2999748050259
269.15555824089205
276.34132215495555
267.6152506679661
269.2232990520368
277.0245374389383
270.6013923895534
271.9444392041512
280.5630830492676
280.43202104172843
287.9161680564327
285.6897879323216
282.15951737415173
282.04970878569605
281.914151733862
273.825559704698
270.66651367807
265.49197026850106
264.51564419780624
265.9273596419154
260.276183526781
266.8583403026732
275.6030703211359
277.77103399819424
280.86862287762887
284.42110184772656
282.3689985411165
282.2295833443643
287.4460928930646
285.76203434912196
293.7041073128257
295.99837947571405
296.72383267376034
297.0648421718621
298.60554623403743
293.2255070902231
285.6469038834227
279.6505585551746
285.38931560484815
289.8232516708905
287.6499398574783
296.96185202473265
300.10676693337183
299.8176918709571
295.80698640934577
304.73979146119973
303.5962340226588
303.1910597464359
295.31573604378815
286.4592522338493
280.3945619144277
276.842094859408
274.51923989331897
283.03166673723086
273.95894416146433
274.9977784061239
265.8570120225729
257.285591578504
251.5194747961933
243.00934888462535
238.62124114296117
235.47000347155955
232.64294522202417
231.7840092221568
230.866498931696
232.61126252442733
238.44552830888188
237.78096364659115
234.43448226578397
234.46087693822275
234.4865293130079
234.87925725452024
240.11075243511402
245.68398006206948
247.34918219992133
245.94041512776755
239.90989683815633
236.963815699607
238.45451802424498
235.61105154416038
227.40911664276143
227.53905613959301
231.14184464156233
236.71303454290444
242.13766534565437
239.32780963092748
235.71844413585927
241.77051066554364
248.16951410771895
251.9551908261914
250.54881733431426
247.53697193177408
250.50241666686418
252.6539396014313
257.1225923240546
255.2497174724281
254.93161394081397
246.685936794795
246.80963736201454
251.00515667192673
251.65736553294445
249.66391502758907
250.5445728361738
250.5696909780393
250.99233420018103
250.64199903825738
251.47325924802288
251.92291836070402
248.7954989014476
243.79529862123437
248.25521046818804
245.74761527284
241.33121878381593
238.81650510656158
237.69067512769223
237.7810214609638
236.62020794197554
231.9001186195419
231.5928471675171
236.4257471038524
231.45061706087924
234.47738547895392
237.60368959506965
239.64481750274714
238.77872723510748
242.89069075131738
235.58440134508905
227.4989616457458
228.16858219544068
229.71772048817414
232.80628551076774
237.09695408914033
231.6063164407594
234.53563254741206
234.41303997465198
239.70321083497717
245.51559409475524
239.37646489366819
238.53137317827705
233.3279953439599
237.22566896482206
244.27555717154954
243.49505251815935
236.44863974420298
238.01805801116336
242.4458159765772
236.32968446354266
229.42506337621003
232.54839274420294
233.67909251921185
239.74917597424312
240.25199463218047
241.43701170856272
241.38100686647584
245.54036072561593
242.75763106874382
242.4767117221348
235.2265840430788
235.17827737178465
231.71161451170718
238.50352499494088
235.57968856892282
240.87289476887258
241.4690328280344
240.16203541393352
239.96847051107596
238.9682821853034
239.31601072560437
239.59666138757933
238.40886985043767
243.99195523041226
245.85955521172028
244.548191425774
238.82445115014295
241.06755190375782
236.0556473442712
235.5726914752728
236.9284679282239
232.7916105735656
231.94240318618492
227.72133458434533
229.50055180768155
235.09261714029392
232.68876916119373
234.11370719054102
233.84848226762537
231.8264693519644
224.5983400281066
229.03444457996991
227.62433378755668
220.5520940016297
218.9901243908738
224.45592271111062
229.20217632050773
232.48410930674106
233.29963362282012
233.99237013530416
236.27297476964074
234.8907532170674
233.08206629932033
233.05522937121623
236.78962797530284
232.63955012007355
232.11347982837552
236.07150852456135
231.93735236663164
236.15742304934133
237.7590438920569
231.60645578644304
233.62371918752586
239.48531131794633
244.5820680199734
251.1483221696297
250.51586934307903
253.80601940650092
250.74041306112025
248.3675227701952
255.3273796049167
261.9552851023798
264.27765870780905
264.9601095209294
256.1259997407482
250.61519374212793
257.91589561996796
251.2409686806893
249.20130170122363
251.1859519237986
243.3050063493559
242.9205688057787
240.28921912852493
240.9699807344938
240.77964845949907
232.78708691134602
232.46408339590332
232.35864887752908
237.68685045258474
243.1492428850559
243.531059985827
250.2227050413932
253.73001872736515
258.7602976080423
263.2028272032073
263.47753179199
262.0588605775643
256.867589234787
265.44347688538573
274.1338690130879
282.61751141713313
277.6143757269287
270.38702516267983
266.07591115483694
261.5398693684599
258.06154435250664
252.50002306622503
251.28398400168962
249.61571630666234
248.90033357058525
248.98611049547375
251.93680111389472
258.76005211796803
252.6023372506514
261.11042617596746
256.76645309340796
261.3931277706467
258.87216601495703
263.44077768798246
254.39104820487424
249.8700876799745
249.59597168156617
245.78810605777406
245.83513210902692
244.35802718047725
244.95825847365148
244.53026835427485
239.27038094796234
241.86479980176304
238.0807998596833
238.165904512773
238.5482633898563
239.00153461804342
243.58319477263524
235.51609862778275
238.05569731761386
240.69006906220343
247.36125135877722
245.08935120227125
241.41518584731463
241.62225673640938
243.41765952783126
243.49726700370084
243.84915475289145
245.12147646942378
245.044609844109
245.79737481518757
248.7816551431186
249.85077359126015
249.9102509724228
247.32662525733062
245.3052599782964
241.9859601681644
241.84932098574967
236.59015668237785
242.95456740172222
243.37601791000262
243.45823901996187
245.45791613900667
237.5628984039708
231.83517488394378
226.21915545172934
226.35405671491236
229.18028320854816
230.0316081258543
230.53363721726075
224.4628562214088
226.68886976189555
231.29579856421577
227.66578778214395
228.23886677231985
233.5382870268462
239.26005900129036
231.99992682121385
228.13174739574077
232.9967454949494
232.79482212921226
233.02351951085143
233.3839218963483
241.54127419028043
238.70105887726558
231.5839888937796
236.37567609344273
230.6934096128332
229.34379579958795
223.47783506238443
223.20302282446073
223.32922510376207
224.13688685497615
223.85649069959078
226.19895160630182
226.449803606947
234.1184055417
237.701067503665
236.95637694400594
243.89243482308922
240.27646884513578
242.59323150197295
240.887194441431
235.19274776794273
236.3780164031097
236.2964789577201
228.3027144520981
228.33950976636714
234.95331146205075
