0 0.0
195.09412704971933 194.79106637134237
190.17342007014676
194.0509064820262
189.07497246768864
184.59572063463335
184.30154312969364
186.45726442027734
187.69080571868344
188.44850313143485
188.89317428179143
189.28090431846243
190.70149295460237
184.42695433784797
190.48840454712015
196.78274288767005
197.24239847889984
203.8238922721664
202.12700000627615
200.50936988271175
193.71270550717477
193.81125631800072
194.62805520142234
200.3220111149401
203.29577526961305
201.3355032157055
202.20781095689932
208.84662343621673
207.31136035291175
208.17063254686562
211.95178620393494
218.01161143540995
217.81166335847297
222.6214829660382
220.8986296607738
216.32483129744378
219.82769937222702
217.31132092730752
215.93381554549353
213.90930792478198
209.53050709088438
211.8028555039463
207.64406899209254
202.6345013309614
203.2991332057352
202.42523941002767
207.33367249903995
201.0053578046904
203.93447843176213
204.18223159031825
204.5304519517212
211.65381152486933
212.29760409505926
217.66238589958482
217.6873867021186
217.7208706609087
218.770614717229
217.8383223501357
224.23713069890877
225.50171654007036
222.94500957624254
229.99946971322737
224.71653755764763
230.70890964093434
229.87642482039146
222.32619723364888
228.9365194971504
232.68394989370358
231.34692626990437
229.49069626332053
225.743401239858
222.62339392756874
222.38640474905336
216.534706252564
222.22596051198175
225.5607585335139
228.03329675909512
227.6540651264706
227.0957811742017
231.8587449000852
231.22482777728442
231.26159702201062
229.38935343336638
226.31853992325108
229.5982128203372
227.51611035981645
220.79245702650184
218.28533485066083
213.8507722275316
214.92682131317753
219.22276353768495
214.8035025008487
213.5103194999921
213.71031508185783
206.71118540901324
213.454276131405
213.39095835837867
212.67607962982632
212.88953418715585
213.03909921163014
212.46007917186506
210.9718635244794
211.87869731141302
212.23300859846307
211.51284556915934
207.76430709334446
214.62555043463027
213.87318732080917
216.42195993224388
213.00992232843987
211.51443744040455
212.5912713648514
213.4801286114094
213.94571747817284
213.19813974764898
206.79641186933682
205.2113181860472
200.39964575913206
194.06566116943736
195.0422076658854
196.77653268680322
196.87622355008483
197.64676179577006
199.2341239497376
200.0548062538796
201.56990798288962
202.4685373794525
203.96303494599672
204.36506458466118
205.39601812706692
205.9966020024469
202.96259029371132
202.26405483295002
202.2886901944145
202.6273927039065
199.99471910109574
193.7541101716751
194.31893788861893
199.40146620101257
201.28161427646074
205.79824519100134
199.42800041512248
199.39924604363225
198.12117304070833
198.99900505325576
203.0749016801368
201.67561739059903
207.25558921132517
207.55967113918442
206.8633060956862
206.72295442089643
206.08831630045046
206.06245025106406
200.5802101055038
203.75815339549445
200.07652061911813
200.04507275365404
195.7980495275593
192.66145650438654
189.53900546724785
194.116999825373
198.86515543852917
198.82928423829608
195.21636558158218
199.93005037882247
195.30950816398257
193.76658735460134
193.73465737514255
194.85730034727507
190.64041342247583
185.32574158774725
191.4951555803447
196.87362330410474
201.87016593844496
203.07870306706118
209.13496681370546
205.41884304681548
199.64731818408023
198.41067188058284
200.54188481526603
199.70555552914033
193.41250063735802
194.8755094184956
192.16386393589102
194.4146641406296
191.69576741180245
192.59614508532047
192.6181124430206
194.70202258984773
199.91228183149212
194.97319780887608
201.37044329141264
201.6892584544345
197.93614711751215
196.6051041940846
199.12332578613598
195.44023810777193
198.0828672549543
197.69038802629166
195.63599021578344
192.4389051124965
193.93215484989054
188.61104518095584
189.0745456136503
188.34812686335997
187.31281130386515
186.83455141728945
190.97934706932693
190.36921573904408
188.41837186554753
187.31762200556656
187.4645061459963
190.02088359371493
183.57142501770423
185.47188331786663
180.3942957391884
176.44804603607267
181.79913446524395
186.31630083328056
185.96326028361602
185.71271365030216
182.88722205159803
182.98627312296003
189.22631631578403
189.20473547291112
183.7647188504403
184.3406992725984
181.81947403713724
187.58921820623186
189.43363213020135
194.9838123412814
194.34481440053676
194.87834903953535
191.98959179055225
189.22457088586154
192.06036771975445
189.28894331691072
194.11438300616965
194.03872626381
194.47507746614423
187.71804319247983
181.36457253597425
186.46785049149935
184.81605466886654
187.75912779582828
192.34883667063232
188.2978262003878
188.3814345777925
189.19683454522135
188.89138164014147
190.9990031805729
191.79073710734744
196.25238319423403
201.63574004420823
200.0622742142523
204.2528772812314
211.22694642102215
204.12860536178272
205.35574472202688
205.63380008573762
206.11562423962758
206.03556204709287
209.47968124467997
204.66463411769342
203.09394157183823
201.6080084917323
206.20858885846434
200.67644218412508
205.87420796399434
199.92352474209818
193.55982326767284
190.139996837404
184.75556301632955
180.8963886855231
181.54484427233737
182.7410595282895
188.4683319359859
190.27049149451886
195.5334856123676
199.8447747203335
199.59604490904348
199.54989140752232
204.58181647488166
198.6083221173784
205.53200556780007
204.305472705481
205.50047228085896
198.6397116517972
194.59738712262202
200.63205872679907
199.1012064505301
197.34183566094924
194.7590791749927
190.32553964613123
195.4427675095157
198.46442066943058
196.5090391453866
197.03010284177014
196.83324586496903
191.38800811624708
190.5517789852775
190.24045121711393
189.86405493136184
184.4857840781659
187.7407535420837
185.43255142742217
181.38525304247972
177.3465431933664
177.17623329627347
177.51013701261087
177.15062924414076
182.16502015371708
181.7976643231533
184.5353498483026
184.56806720510954
185.4384522102472
181.05686519713836
184.86664686194942
181.3628999540619
181.77713602766457
185.96876146483504
190.89743447264203
193.93347188980204
196.3559966793846
196.69405100660086
201.06750687733597
199.72115081918488
205.61204205730138
206.99009301702998
203.92306965905414
201.5253175812197
200.412962185161
194.6172922042534
188.46415526309048
188.6832107039332
185.00347806822208
190.12786881296367
192.20670246406019
195.75700711884684
195.80597436998522
198.36710983626753
202.874939953558
203.08639441322177
205.094169973969
206.54739209534392
212.7525759295388
211.47878512677673
210.3272123859967
204.05949873243154
210.99915086871724
214.58522284684886
217.23217076557182
213.43813349950258
206.8239469408967
206.55645391959126
208.45698153361164
206.8919982930212
200.58054902580284
196.71519428769867
194.87219650895872
191.16876971173957
192.27283286328642
193.7432662916441
193.19437280693958
198.17505214822128
198.6221384198699
193.66486579596727
195.20146857016582
195.16984788374947
193.7931726302895
194.23807068746513
189.93394326475467
191.5061310297987
192.87672579988813
196.7976174398016
201.52173438467403
198.89096484465583
203.12714827619354
204.26284666681207
208.72143147020813
206.0514742568951
200.55610870046758
196.07382930140994
193.3061460109143
192.24892317494104
191.13270895857778
188.54270099913163
186.71861907010577
188.6424142481088
190.47274621734465
193.25562646741437
193.9561732421587
192.7872878912346
195.32970067350345
194.27156645501898
200.39120139119936
201.34622666198467
196.07634809015815
198.56445936615444
192.75667897500082
189.37682766648436
183.11568770530334
187.39562982814692
182.05702527531926
182.11172794732462
176.81364914603134
176.2784996814339
179.93372877810253
180.02530203952892
180.5352700724864
186.62987388722274
185.93034361680242
188.40644792675997
186.65658287427505
185.01189959168696
185.15457307712683
179.8583714431236
180.42615910531222
182.2629830114965
183.94052662002957
189.7345305978958
187.96447498483323
182.1625864359661
184.2570519583425
182.762849928516
183.48862708858033
180.9252112286518
179.6749731303372
181.0918060286942
177.727150273866
178.03137871884627
178.915129748439
175.34322435254614
175.49178470475684
179.90539414700137
180.41453543928404
177.93880212335222
172.76178190393674
174.69605781872266
175.7504189489976
175.8931514289829
174.9259927199021
169.41750585475503
172.1569460894534
172.28537294605638
172.95830890499263
173.3332675086152
175.24944817808344
180.35955396444183
184.78461715076187
184.8501692330247
186.78165285040046
184.98220688820982
184.8722987535472
189.57033733808342
190.27276546012337
185.53151248057944
180.76779196266995
180.53502794749275
181.73535508386814
179.324476426684
182.4529066580246
179.54801817050566
180.52997523393182
175.92144134474216
173.09955198943217
171.02632852169808
169.9316276149569
164.14079338111827
164.71375051898866
168.66294785195115
165.34236790805022
168.61528591533448
170.7150517210194
171.6122367355683
175.92096342096482
171.51473986610978
171.66905915537376
173.37751957548866
174.62925025928865
177.7718544156353
179.90272751000742
182.9161072576131
181.62710078586514
180.12232727941938
185.2618600296863
185.44092853145017
186.25745561729374
186.56661413855187
181.1194713254856
183.54534914600927
182.19556363221054
186.017413275944
188.14072249251464
188.0043909275308
188.20304807318036
182.4703484456292
182.55834233711096
182.6009178798639
187.96045392107848
185.4513729562257
185.53666330477083
184.8385953626704
184.6032367797798
187.13015324950243
187.33468831887686
183.50052117853215
183.98483985547767
182.4374151247724
184.2775608374786
185.1288236883974
189.15298639333955
188.45630176197858
188.7168808355551
187.04574669071852
189.71808660625666
196.27936973980857
198.9342717121737
192.5321556178132
197.43599723419766
198.07641625193844
198.7783305369816
197.87851486351704
195.11543375704798
194.12228632671207
194.0767597209713
193.34936908933244
186.92619080934847
190.1192726664986
189.13732486218274
189.27915870363196
189.8709179140841
192.20066270118454
189.49374961476641
192.98200219779054
194.39677511939868
196.67586845689075
193.08016962292422
193.10638252254472
195.7333673467925
200.4115932354544
195.1307834635967
194.14309578405513
195.2115759370701
197.4942330039075
197.87279523349164
197.71662140178412
191.38053765790232
198.0461767441484
193.04212484199684
193.0212843471571
190.78943346334256
185.3737923104296
185.46881525316522
190.27386022482145
185.71094790945625
189.89581568297933
186.77554935724427
185.9937706338557
187.44147384436397
187.08918182176305
191.4306536105215
188.82118916219312
187.654969408733
187.2165925521125
187.45447369388276
187.1931775908413
185.37658000709723
181.9594878632948
180.9205744158554
180.72133920508375
179.45419078653939
181.69715444729883
183.80274370485688
179.56764278768125
177.73191553825862
181.78334281258884
181.8487326980319
179.1561588439975
184.7695141062712
184.79231655348354
190.24140690025132
192.74176776072164
186.1915187281585
188.12133289933544
187.33727132249012
185.6474307836672
184.87810606560728
178.57965321430538
179.77634947791944
174.4194143173264
174.449767018077
170.04653458555356
174.22666218097663
170.9229576896027
172.78321942402894
174.0745303881577
174.47921701336813
178.92738217145896
178.03018072026572
180.1589279609924
180.4170685192111
182.34578722167166
187.0170818282113
187.04660437605565
186.58713750026868
192.82732858561172
193.9052949118654
196.64070279268745
192.70180420572018
188.07686504727243
190.8730336772779
192.93054256782372
192.97940618253622
192.66768818345332
186.57414241351825
189.53563584081493
189.66435504415935
187.30325694627487
187.47245931473918
189.14169439063357
190.66210681014027
189.54281774890453
189.52045671308454
189.74662672688467
187.81852101544231
188.62904158245584
184.44837433347467
184.02593960786507
181.74517709130743
178.03245711235297
177.87472611089913
176.704983196707
177.12552979524483
181.69745131992957
181.90119161152077
187.07956890517045
186.33701306286656
184.29057383079484
182.47269113903474
182.49678511901078
187.39548076468816
185.74911786150992
179.37570803792758
179.2623707524991
176.8200570600141
175.0866077227811
178.8356615072975
175.75810963402824
171.90747776851498
175.57124084657968
177.09446094684458
181.37834757429707
181.29413719067696
181.3176148062888
181.78897403253941
179.24280148963157
181.42367056912437
179.83704167202293
178.30412990350572
178.1056281599165
179.04003807531407
177.01069717334065
179.09106100824738
184.22608040228897
179.10151920762132
180.84458050184966
182.51329281945831
182.4869646790353
186.62575415190855
192.16910639091518
196.33049030845086
195.63941338083467
192.1332504604823
188.14861033856795
190.73911564490973
196.9451680681935
196.98312307597502
195.21294325724654
196.66762962295923
197.62184582934717
194.963518702949
198.7083642592342
196.79383929993838
192.71739843931093
192.75568365361244
191.26423582021795
195.08945812514352
200.33320779012024
206.57236251220738
205.3825609149806
204.23587966433536
206.81174006105093
204.91868130187308
203.99464950465435
202.17611046369552
202.5286673304043
208.03762843779384
204.06668212747962
203.03858753392703
209.95658369713698
209.93554422013787
207.75277305146125
202.57536755752923
204.3755513839601
203.52026130082345
205.53559234167975
201.35005295449383
200.11074522390146
193.3144021675589
196.72045167155454
197.34287394929018
197.221455308144
202.37903792012466
203.3417403736547
203.1473383401463
208.8205668184123
207.72177386017066
210.65973791778234
208.7271603616629
214.70047525577738
212.72585214209698
209.7808431890802
202.98180124756345
205.6736307029746
201.16087991352092
197.8904289916507
202.36513295070012
200.12172446354657
199.25859988495426
199.41869382747478
202.07588555650258
202.0495715735389
195.39529008823723
195.54524902090355
192.22001142564875
185.6629315613901
187.97124002950056
191.38282631739153
193.1312839325783
199.0703703949425
202.9345349581389
203.3327570237339
197.2350368879676
203.40506372345735
205.41314961687243
211.13346386426227
214.3830137258254
214.3207115165036
212.99804728692575
218.1047576133676
212.00008731950788
211.5021695572825
207.69956094719487
205.60762629835054
202.0919108072466
201.9358079038087
199.37621803325777
200.47460638551186
196.4963244871117
190.16938560155145
187.7249867164332
183.71018806540764
187.0623698647794
188.01512565053224
188.7166027180588
189.57871927402687
194.04413288072797
194.9485726252015
191.59620433125494
195.68054601928546
195.2241407667384
199.06668487443594
201.4886643826077
202.66697198092933
202.4677757526586
205.33694847936653
204.94150033365324
209.84166570724076
206.91838567269886
202.4130617274749
207.68368338020227
214.93255631222974
220.65860694890802
220.8584760294038
219.38098957634517
226.71151074926843
225.44320255996445
228.28837579527436
234.05844272113617
231.70264517972694
223.81436891516273
219.31545635718612
217.29332184235727
217.8293240549769
212.3678076186511
219.53130258248262
212.96940344017074
210.29121439191908
214.7235207212331
217.015009534765
217.18715282968623
217.8914338426387
222.54744553002595
225.49904947988486
226.7819818512541
225.93682619121884
228.00397640243284
228.03174204606552
225.8717802060538
219.09414679907857
218.79075504844096
223.4862198604006
228.6075414522308
228.78630012283412
225.1157371652277
223.38193041129026
223.0236850994339
219.56670972759596
217.0224719300959
215.00787848334252
215.06531671609244
213.8126407895406
217.8102103766603
211.28098157766405
216.8922834469449
213.2511971099542
213.52530782920516
212.04473390700846
216.8603833635324
214.02987387799521
220.1080165124761
212.87591255995565
211.52105170185106
204.21563388838723
202.82056485670546
203.48544156179656
201.46937109409623
202.01703516653663
202.63656565122605
208.83355428224453
209.83539500553982
212.1971063456375
209.22153747477364
209.1531151036505
208.96663455744368
210.0380226633054
215.83456988650406
212.04242886242605
210.56533654970065
216.18694392249816
210.41761633875745
204.18589350322588
202.05665478531827
204.40885205185097
197.7282073998283
195.2712553324638
191.74431011509353
195.2338779620342
199.66949781030166
205.24049292011279
201.91737942892075
195.75009385964708
199.19859771524085
205.1966185932297
211.83746259214794
212.06233764413054
205.97195495447284
205.4024633483614
210.457027954277
213.95247177071056
215.93618515648637
216.0965328659764
217.91230892421206
217.88669308238931
211.66690022727678
204.88778327650485
208.3206299576503
209.37718728932026
209.29353912745464
209.46555930813895
207.1909456134818
211.219836512142
216.76629429103576
224.11893016434823
216.28825990275996
221.91565577213336
223.78885413723134
227.77141097101153
229.94523057013407
229.0791227505143
229.9102468101714
229.3675407114877
236.5811122515335
231.39378826831543
230.60077810854366
228.74530172543223
230.6259236452721
230.55879233345541
230.13846483255227
224.38666479591362
222.56666966780398
222.2478951857802
224.4590273142518
228.60816528502482
226.79495826881674
228.416899949193
235.88095850612524
238.08492031288114
242.14798194547208
240.3045928539954
235.8315189255303
236.21285746375736
233.0804250353003
229.01665849809427
229.31539824437573
234.1135900998031
229.27644129333294
225.52916362948025
226.66015197002616
232.5146200181477
233.16068552675569
231.89277695410075
234.21493447089776
234.60749062119518
232.17519259254698
235.520071036503
233.3346314834382
237.31397145497104
236.0112500386739
240.09410406205578
238.49454334594546
239.58157805920504
239.32754288710075
239.2730309182828
239.2481916534565
234.74186324368094
233.5028995173477
233.45192745391975
229.13517506104955
233.2725523338386
236.94105468233323
235.09857393557715
228.64908227155345
230.7934928747937
229.9914743981216
235.42186251328133
243.27944581404378
241.97367357617725
235.845271688056
240.01428678732466
241.6584705267541
236.44302615872186
243.73939236649548
246.90458067585823
246.9587490288722
240.13504102105526
241.36020486193587
242.7592536605065
242.0669473992344
235.9877765925392
233.79300036740523
235.82175591506066
231.01892754434456
230.83355258544046
237.21767879951568
244.80857099812172
252.22027522182884
251.9011329575521
251.12999588814205
247.72425157279991
244.72154591181004
250.94385359469925
245.8072619363451
240.8045354188861
233.85208969260083
230.02320209931304
237.48024906219754
235.98786114780356
237.48021311503393
242.81519828906724
244.06790082585496
241.55533559454656
245.56211546543236
236.99479621953765
236.00988871812334
230.42793710162923
228.8282855159085
225.91794216300002
219.71858094421944
223.14494445867768
223.9699955585202
231.80237311310714
223.82622753419267
226.9052646455337
227.1135484805978
226.49387009857097
234.35656576935426
241.3883201205015
241.59569909406173
243.79558576510746
243.15712414624505
243.08456282961845
243.98078704777998
244.06665241682427
241.29444735565315
241.24367913840254
241.35506937326653
244.27201132040835
247.17874682822105
248.87931775696453
249.14879060008886
243.2784405480341
243.32967731251955
241.1171159250072
245.88954860176392
247.31925742891622
254.9135666726819
259.6252214355617
251.1340563466985
253.9639117513901
255.70219599328777
247.78561069495626
248.78567911261032
253.66286980208136
259.77829926978126
261.0537191094669
252.38789133362278
256.32107159755736
256.07463256045634
259.2605041360153
258.06238407500734
261.8943016458111
261.02168932820615
260.99327712557147
251.85504444285687
257.65057906981315
257.09511416249154
256.62340408384296
254.0442254640803
254.37131616234063
261.0559141021742
254.11494917823075
261.61886982167675
260.99007809481617
257.3095971562188
257.02760723351696
256.8870981836497
251.548992269197
252.5113630875448
245.75527200602394
248.6770031156507
248.64730182250565
248.1069926685236
246.49375862953661
244.85288825439642
242.54608940698884
237.55715453510084
229.29514832650185
230.05301475784867
225.18017228694913
217.41261129865904
213.5783556391696
213.62819086327102
215.79560599829168
218.92792444965397
219.25963939636293
221.55896932924375
221.52371489413306
222.2073555906758
225.3847053281854
225.54455278575523
233.44905383136967
232.19760468291952
224.7401470077314
224.85283459334573
223.04392997263434
224.4729756498135
222.6426470026959
215.95692300853287
215.63783475269642
218.07629515154684
219.73372160860796
219.07404653684068
218.1036212794406
222.05685686595413
222.07908903242546
222.00693758823718
222.05575719852584
229.43617577040945
225.81305177594922
227.91934395875435
228.63047624741253
229.30149883031874
228.95858335661052
231.40510160986565
238.25453843366301
238.06260888343624
235.58249592304153
232.7617357816561
231.8988355714308
228.59911415587356
228.85223896084636
235.15205827151945
232.79616516778748
232.57851615996796
227.5919149409889
226.59555272532154
223.17042556914143
219.2379551702405
226.4418846409134
219.5879314639601
219.69227029123417
218.6977853288564
224.76574708347758
231.0634635436836
230.8347225236911
223.44609606959182
223.34075420536988
221.5633542101036
215.59405132732422
211.63011548313204
206.3973112193963
212.78976304715468
210.28955077115523
213.57882380845476
213.67312566404811
212.53841800632304
212.56673525548842
219.3185023267575
221.74145520456526
216.17720981769108
216.07119906188146
216.1898761583738
215.06215973755704
215.1493664513015
214.94162162211376
214.66897836116758
221.3777620841922
222.20208178798413
215.7306580998914
209.06580291671136
207.19166461246326
210.33147151541993
206.61944857210423
211.1409060738298
214.46162657400035
213.8002372459167
220.23462951362714
220.01896693240542
223.3373873428409
217.97447121957862
223.00403086523028
223.93522172854261
221.42594452904882
222.38299844914457
217.06823582910923
219.39808246773302
219.4491806725969
216.5153344894304
215.96346248622453
217.24729673536334
220.75431417702
220.68080890793715
223.39241924381565
220.29560125291619
226.55311789919278
223.80936098075296
224.69521562046577
224.65074752798134
225.43208656899222
225.17781009281794
225.7755012578781
232.179481427017
225.29219925987397
228.7863263790261
234.13011953283387
241.25688404832647
237.99097604698645
237.96027564889948
236.34780452412394
235.01455925667995
228.8739548841576
234.89382734768446
234.36155558945578
233.50135373841306
233.42050127565906
237.38158436012543
243.45611902560194
237.5514073589448
237.4846407949044
240.7889447248719
239.24958514237576
235.64152306604058
231.59810185766096
231.56328487103795
230.40100912226578
229.70085977069814
222.4714161340818
223.9393794527627
228.30288597492788
223.00561242476644
219.062958694886
225.48711057545034
225.65658397227784
232.54173959533725
231.59692229560576
228.3445335913
231.52911977273547
226.80096256769173
228.14337568987258
226.2991414478599
227.13577669118723
229.61987454402106
231.35925141912873
238.08687616936015
234.68802697756934
239.13013588871502
246.03842253535504
242.78806641471252
242.65201787213255
234.5704062961722
235.6588092898815
229.76487864302348
236.20143537421953
235.0856088949179
232.2612411525874
230.8072595519695
228.97884348854348
226.2074673227074
225.2193133877423
227.4335272671589
226.55036862788418
227.46928681033842
229.22620248561404
233.00405867721207
231.63566484463644
229.66976738154634
225.23825946797243
231.96775485310985
238.86925936248343
239.50782459656273
231.7431450003035
223.83970415082433
224.12165249907534
228.7059009885618
234.11157620249176
229.2912751615051
230.3357362104762
230.1414783452925
235.57233130834362
233.1606014093941
237.63933788130828
232.93998373480107
236.4277313377867
243.14974550592166
236.71528600644058
241.34460916961658
241.54005840359025
241.37265674764848
235.4195617387756
233.1213307171096
231.56571526140067
229.72240094753167
234.8664489882995
237.73727129754923
242.86984515163732
239.32686348007454
236.6581079761732
235.8191039990458
235.6766408577263
235.1365980225693
232.82296713290614
230.27104044398155
225.5491436957319
224.88510471768652
224.5777674445917
225.96797286617098
226.01216248615816
231.28614619563308
226.0752276645868
226.27869052056764
228.693361017897
222.87928873510518
229.27383943467763
227.53534018205698
221.4065885386934
220.60745159955252
214.06510600422953
215.1093321827061
214.14688251529876
220.9640974963475
217.2656799895486
218.9999014645309
221.41658707851158
222.23085438355832
216.44110197224688
223.9691539932926
220.92790003308696
221.3634032608349
221.71778733928636
222.19777156381994
225.69717913876568
227.5463475029369
224.33257764704447
230.43901879209147
225.87966873413995
223.64805733645022
220.69190618847318
215.3952296519879
213.09070151372333
216.70770633831725
216.73489288878542
218.57171732207877
218.7464936666703
224.798734381463
225.00372563071224
228.44235474186672
236.23011266114918
235.10309373024364
237.14180040549147
233.35459061010567
233.2332431666435
235.40492034817166
236.06246644465557
236.6532819638141
240.2940388411475
235.54111813151476
235.5902431268851
237.34656112097403
242.04807794304267
234.82230000176003
234.37445008103847
237.94002212013464
237.0940202046098
230.03607968980296
235.135824589931
238.4509620967132
235.8261986744324
237.64358565459375
234.24130389154882
242.26539476976663
246.84822115654805
246.80846698899146
250.34287019935695
254.78986026346035
248.4960550289395
240.76686702892422
243.91444818762005
243.5605999745922
235.77171938764894
235.51960616562206
234.24153213703067
233.9619305003077
233.9914607816587
230.8582994795981
226.77165540084744
220.21360365292975
220.92408658353207
221.389337702303
227.00995460036717
229.53920549851162
229.32504918932273
229.52753178023525
225.8101322938465
218.0685208761537
219.59380989942284
220.02860624440643
220.1179124280006
225.88530307380753
228.44796934498206
228.6739661209329
234.70331786242036
230.9536781443511
227.23856759649186
234.9600529595024
231.25686351475568
228.88593220577607
227.45212760428444
224.2829320606702
220.96300893301716
220.6793502912147
219.7706866675726
217.00353995295328
216.6316253043217
214.53119429733013
211.2309250585653
213.1381703303523
215.32168136440765
219.85437446695119
220.1212473737516
220.59081688288813
213.77964900137925
218.52355249768502
213.62100707798152
216.33430601510761
221.59190163227163
226.84239368856413
228.26209048434612
228.68622865676065
221.47350183444624
224.2747495295873
