2 0 0.0 1.991755476408771 5186.833410113687 2.226292714714471
232.8994177750255 231.62506958066135
224.3648836987915
218.62326547067758
216.0297195242869
215.52995634300453
207.97476025528272
205.5743899646498
208.41513211686518
212.7091541695797
212.6651116264687
215.18706837122423
221.8829880285423
222.15053525084303
225.66533840634318
223.2288695559752
223.93796657623048
227.86669196338025
231.9890434671276
224.99773162679975
229.43148553185574
223.40725548382588
226.21228048621654
224.59700662962632
224.88228979846164
218.03585705920852
222.65774781606837
220.69914911082827
216.73500327386847
216.76379530192614
216.9973630326333
217.07876773500698
217.37748805174408
223.56734269843477
227.59835165856856
225.85735728489715
223.48827004356616
222.85832721582884
220.31406351279531
219.8080254443057
216.993121373989
223.86995162683448
216.95906786597146
214.66841655160377
214.4603828091429
212.49826677145336
213.8681780002345
213.78100013629563
212.91187900907596
210.6556457796862
210.01046029685267
209.50817437082245
206.6263541498235
201.27880891035076
206.04895621201402
203.7221689777902
204.12364038367113
201.40460664294767
203.2325137728391
206.34387025593486
205.69295638369474
212.02994762991636
219.29125840601873
219.53356685235198
216.13733169417645
212.07233182258122
216.1875153778063
216.55962424635172
211.69809460396903
212.12651299822434
214.9560040548607
213.65583680472201
209.76953161836508
216.93878542513903
212.76185739105273
206.65791886909415
210.67461108212234
208.4179055505299
206.04706819473458
206.72699031037058
205.55222050602205
203.15608938133835
199.38503693399537
204.87330001555435
206.03831689696128
206.46261729371105
202.68177938574237
198.011296831
191.25794715891288
191.55975626608378
194.90322191007934
197.85799016173976
203.54842082881285
204.52340547936274
210.45844537945757
212.6259375168289
205.5849008812246
210.11101381227581
211.6083815792289
212.40000820665117
209.13308378536868
205.83609042738152
207.00340237860598
208.01797476504416
205.21632052541756
198.29558031433996
198.26526182949362
198.3180155246531
197.2166459203513
201.56992751903095
201.87661773789293
196.03579477573905
198.04643592900126
198.57994692400982
201.68246999934175
205.83980616850445
208.08918735306156
204.67463272089978
200.4199583577555
202.51178633423967
196.52856499577717
193.8736868113841
192.38651356411424
193.1883694735799
193.85623747196715
194.55930124479605
195.79775885447154
197.49714651098805
198.28334016819787
197.29804267519353
203.69887463006475
197.3499579420831
198.66108272000673
198.13555806742255
196.54705761223576
200.8147444557465
201.6452086250813
201.6211415563765
206.82362636773877
210.6060804074125
211.18932916661345
213.93954017954383
214.59268948788383
211.89125851271862
212.69255736142438
219.07283259703675
224.97436038446884
226.5989248485959
229.76241584895246
226.64378598539776
224.07759396906425
222.80018355431093
217.10057111452568
215.64995114765085
215.62524046935445
222.90810962466637
217.42851463698182
209.8056814319287
211.9362088354086
205.26412594647184
203.49263678067805
203.37529859996596
207.45023848872225
205.85914722639177
210.02936406019685
214.0860814406127
214.10779132511755
216.63277767393396
212.24920655814998
218.31721235634342
211.3517855296938
210.50494555079135
216.06994189628637
210.5447350556425
210.69378714532235
206.53108463779026
207.16867732647776
211.371532213693
213.13579990240405
214.71715538937272
215.2839925137347
217.89888383026684
224.68929826407916
232.22889279835994
239.34281999698408
242.9654262658122
236.5991559127084
230.73120329061496
235.20227501493844
243.12435616043933
248.42014243942668
246.68401337578783
247.180767379983
240.9326675634814
245.7101812912626
244.80168535947507
251.02941413302622
252.4587558114978
247.19286999853935
241.3104969867106
236.40252217893516
228.4751496058599
223.73995919955
223.13007788761837
219.10759572105238
214.66826754576795
210.67904278222716
210.4726511481354
211.16071147159505
208.32880696294555
207.1236084393847
205.99734856288467
204.13506730108912
206.84736805789987
209.65252147704405
210.11220681244015
209.48539170990549
216.04067118161743
210.17711068511878
215.07871141712624
217.38001670739857
213.5285800004444
208.70882267065116
201.71137611561414
195.88488887670044
195.29890813049857
189.32038031512272
190.46855693583686
195.7108393706777
195.86344137474822
196.53264097260956
194.99497900907508
195.69351331887253
200.58852187274059
207.5380828165454
208.66513865981742
207.53671645422742
213.86870545475205
219.32939885701012
224.08174269064153
223.99087038928445
223.62584187906558
223.4531854459391
222.26837998819934
217.89767292424355
214.62968369729572
208.69678428381098
208.33885623092306
205.1342093922676
200.74363961128262
200.88243218819173
205.31042067340914
211.86103612986716
206.89199846170658
206.3083090799621
200.4541904745834
200.21602549870929
194.52893808694793
194.6605766954669
194.29768600158607
197.03091380550353
199.03810390066468
201.4896675626334
203.3361405449765
204.71080641932943
209.33085640769235
215.99078347376388
215.53036456791023
208.33591450016078
203.51797529455808
203.03095642409457
199.00837485957922
204.48587209028787
203.93073568926476
203.88853300186082
200.87985733316614
200.9021165869514
197.81195192831524
195.35779619215376
199.54003527569384
194.2595576409868
191.8300692384657
191.87160158644494
190.39867581353053
190.71061571168678
191.82511528018753
196.8226814044123
201.4119018043867
201.3006708485747
207.29298202429405
203.0341526238684
200.068559341478
199.64614400467318
206.60419723622837
206.92601558713702
214.03908266667202
212.51438875904404
210.74727476299026
209.58437764935312
204.05025904028747
204.91851612155048
205.73626657672088
204.618778494972
204.64010017444588
198.13935732731517
199.6918384696593
200.35238429373135
202.21410746149058
207.12956500532277
202.1652792389234
206.8198669963387
202.50003009915633
209.33691379451926
210.90809082556785
216.36267534897598
220.74243064365257
221.59096328240372
216.83436774763334
211.77747602603657
211.67255422448494
216.35874237776932
218.25675136262015
218.3228186628195
219.14100853399796
217.9206652458093
216.44316028825165
223.18833375710037
224.07718348100698
220.28417886516746
220.13988644562806
217.31533681262235
219.06028656469368
218.41218178561385
221.6733114725178
220.31557919033872
220.1547012559157
218.99704055895404
215.30069900949084
217.10811208065113
217.70097198184308
225.15084283652115
222.05249541674567
218.58600626962868
225.24205804861572
220.87949663430135
225.57102703929206
227.71384879029964
222.4986394638529
227.36553590215595
234.87453056177552
229.75159640439927
224.46073116948745
224.1091352125454
219.7158354762858
219.75462377947508
220.44961834079763
222.1597296757188
221.35219598855554
226.48531709917896
222.5608561525694
219.17965689337314
219.23279574297197
219.8105727252315
225.7499748101367
230.7322774458345
224.68628652049034
219.21019853650668
217.92860244667895
214.87754927241284
215.2195754440437
213.70009177523815
209.56997242721232
205.0481951455488
207.81744020868965
208.4364865705499
210.25651932770242
210.0730928302046
209.96419648158457
212.77707506401882
206.63835493774857
208.49047022834435
213.45806611922018
216.67111544816632
210.63679901779034
204.30103062039976
203.35613436273266
204.1187253664355
205.44788188488252
200.39841810396845
204.6659552871159
209.97284191939985
211.56706902386213
209.372031797808
204.01970982878643
205.85248578995987
211.63594155118315
210.2671879349489
210.37884647157583
210.1891819885592
210.97115117834056
214.70397638350508
219.63512711314837
221.19735674405715
224.68031207904522
222.92498253578802
221.04901683332852
220.6233211428787
216.77699057766029
214.3847108576251
214.44537299516296
211.74782597733676
211.69209037960496
207.43049952354713
201.20484442935285
205.80044929642037
204.10868291505514
203.32200036927168
199.55036746057834
199.57222410102136
204.84908834513547
209.0454508153306
211.92145397168912
206.79697767035353
206.91296862172845
207.33336879209926
208.28211359812326
211.77445628367133
217.95898090833825
217.5866652905968
214.82782349728643
214.7176626997833
210.19890621878625
204.5533615351121
204.88037224375762
204.7435048045914
202.91549711781775
202.7651658322882
199.12597311837578
204.28497480174013
201.43469762485648
203.96647483713335
206.45599184548814
206.3064444902847
201.45856907261862
206.04761865989227
204.64253960176745
205.0254516609561
212.17419668226782
211.4706400233119
211.51653351879565
212.03172285305885
208.9592076007558
204.80020304811939
209.20216191569162
212.8804818117248
217.05131607458955
210.90424195511673
215.10277162662194
214.839049239187
214.9181997800524
215.54146199747757
217.14135341666048
216.6361894287699
210.31590981830755
213.66801764006874
213.78187566147272
216.083780745981
215.27118949316036
212.01877844869404
212.9352957509477
209.54418943994264
213.029479816397
214.55307398582204
207.07609801380124
214.27231333458315
213.02775598337792
205.878932094022
209.55267860939676
204.54801188320997
205.0329244581087
205.7288760200507
207.4871856781286
208.80652955410196
212.39173744650245
206.60909936042293
207.05501688591795
208.92478417163613
205.09928033832406
199.5802173745168
195.75280929911423
195.95226828090154
197.9659442085466
198.91447560233118
200.66293458448618
206.66804229179536
206.72076460995322
211.30237941080375
215.76487042473585
214.68534398368058
214.97786745371053
220.5302174085253
218.9581921083934
217.47976269328726
210.07441502719144
209.40657695097434
202.46373893628603
204.85091443265833
204.40585449423432
203.91534969283617
204.83985748313242
198.62331590476236
198.77355494535072
205.43473174942753
205.33545254832438
208.45891380263487
211.43352178459187
216.91303161404275
213.37744730178946
211.1782276076211
210.28174546231344
204.4231648637354
204.21847982658667
201.10598840906056
199.55617370720097
195.55608901031985
197.2272225310162
200.73063648775116
200.26888546271468
201.88256765280488
202.35513161839447
200.51810732599267
198.99483270989958
196.27875868463914
199.51739351895424
202.39536103575094
201.07700566991184
195.6340237982259
199.10789839593156
204.14494558054977
198.40068782653782
199.37161920997946
205.1978241081588
212.3127552815697
205.30030324851157
208.20748553692232
208.80445458607676
204.42729965845842
209.74299585478084
208.46030197949366
205.28946753658616
201.46470369036652
201.67565885442536
207.83984664344362
203.15837376926072
206.67392938758348
210.5577944197195
205.6230035819554
204.0592386499282
209.84203865304661
205.49593499556573
206.518552002095
209.7448402990313
215.8490668850032
214.36291591526577
219.40587954872743
214.28322537774366
208.05839669613584
207.7191149026723
210.49250619749665
206.33821531382748
205.60471875481252
204.20239029178708
200.71793268043893
206.7478222502677
206.70534688255353
206.51946338380748
206.90429125703534
200.537120449846
200.65993990846388
200.6855947413668
197.8665092694343
201.46218270079183
202.5708622799855
202.6634917128924
205.39600082473166
205.96897202368027
203.59463244295708
203.287921652416
204.34089960637547
202.02964332222638
197.11044123619365
193.45620792235468
187.7149754038848
192.90424146395128
197.05365072054389
197.51139210981125
198.76876990993125
193.56636309809767
194.3377197966061
193.13029934320198
186.44223357187667
185.80621254297682
183.9995484515769
185.46039950520174
189.4060339799782
193.76839555229907
198.4208538311236
196.15639648215299
192.93790417236843
195.24035746937392
198.60846226481922
197.81324324548555
197.92025922773826
194.23704873165534
198.59499418536078
198.90427770973048
200.61951865561898
200.08884033447723
199.85092196257577
200.3179771604349
197.1017057931962
203.21381356146196
204.04980018931292
204.0286413580692
198.67624454765874
193.31448467398667
195.64536549107854
202.0722273510904
202.5980226988815
200.71701708426048
199.04556064426922
201.48584865596686
204.73787112161278
199.14736550039498
200.75310642720473
203.99737785287357
208.71590001689506
205.76975188060217
207.6605738354942
207.68140603554528
213.36614034136127
206.9573417612529
214.14355525163344
215.78023327368768
212.83624875811554
211.343798910943
206.3731329802627
200.48893620634698
202.94238670798143
204.2412671758627
201.4142692589984
202.91657433591723
207.17642780245222
205.91786919848568
205.2979052636483
202.23720844629534
202.40594745070402
202.20426531448248
206.17908578793043
206.20354830264094
200.4741331307356
194.93220821805627
195.0902297557776
191.4129716115668
196.54255323260276
196.63064727514273
197.79934476652738
194.1557203589618
196.34836235650593
198.0678353375069
204.64629403886835
205.20761249774623
205.01285216147994
208.72086159277623
210.31206115379487
211.2996484919755
211.71852097863106
205.34118735719375
199.98907470966165
196.2921412194746
199.6641202784841
201.2057150902498
196.49566753701103
197.59951997296085
197.62216035544859
196.71793286812348
197.8276678563607
198.43457152714947
201.61768191729092
200.998860842512
204.56453375952577
202.300687986979
198.86487385317992
198.22116517839686
195.7463399082833
195.05546619977048
200.23809460536262
197.91873369476932
196.14064912435745
189.90987424066117
194.8563108632383
195.20032159831564
194.90945841512456
191.10377529957591
196.10653031714
201.84358239333878
198.37881284467142
191.72931263972816
188.42389772596914
193.63494837500255
198.64184630346642
195.818950082885
197.87747926406695
201.3692663329663
202.1974870660539
201.02347189756404
207.5481832516231
206.71533564317994
206.194028521707
205.34496307987857
209.10436941908188
206.41815822035525
203.35649669578356
203.30432921119487
209.10132976667202
208.12704931594772
211.6528043317756
206.83789666977745
207.16323147372893
211.75948095792336
208.40863702944665
206.71652591219706
212.91755327956034
208.33310573060044
208.01914292811404
207.33477078121413
202.5878566144026
207.99929144837716
206.83236156221236
200.32910201144563
207.29236558047796
207.3147770781679
213.83849601457038
214.00208520013126
207.53805672506886
207.14275370688046
207.02118146733932
209.73540031403382
207.31699890596593
203.03426701606622
207.69566997486572
209.2851985789879
211.8916192450949
208.3266403111338
215.44840362500335
209.01558412606514
209.2640514445065
207.12623944673913
209.72103214207752
216.54529054524122
211.7081200531464
218.10103588502716
211.2798041899403
211.31316775456182
205.9417088216646
206.0320687523256
201.37186786642695
201.70628104643754
203.08259091533077
204.8727221736126
207.930583565548
207.62558103621978
207.5292290715703
210.9528363477852
205.02320442579142
206.9975115085116
206.8170793352944
200.7200202022841
205.27693795896198
199.85283355735308
201.58995975438748
198.03027209848236
199.1102897572565
193.38796510508803
199.87647520581072
200.0168034368194
199.790488793092
199.75455324636414
200.48651320219264
198.12446013268888
202.16959894680406
201.1055788899619
201.74616467302033
198.20389802912504
197.90069975700223
198.9946249513069
203.37589496930127
201.68577818263734
203.23911200279116
207.49455532009242
209.35994041839413
208.30076011513458
206.65600305026027
207.58882595590111
205.05917707771962
201.24838078171953
200.71613551961664
205.77807156965312
202.89007595074025
207.4803060780033
203.64279065742005
203.49124497403938
202.54681588174358
202.09566731715523
204.61443353795363
204.40268573664625
204.04695350526683
197.00115394558964
203.23588539472897
206.0049649697528
203.90543815493191
204.8802269297085
201.54565554439614
201.52440208868188
201.41478736627656
201.05597882104678
196.0074927369261
197.97825559277967
192.12276830760933
193.21587542300682
191.9250011772856
186.9767254974507
188.02090982848065
187.96916237205463
189.22942428780837
193.80223615985815
188.43622961054263
189.78137679536107
189.99920869297145
189.97840586160552
190.42847810765176
193.59053035117245
193.72977566594878
194.46917902986556
192.3682804077106
188.64453500450782
189.68787838665716
191.72617354149463
192.0919254501363
186.8250791481101
187.10346958613448
188.76332344314375
190.33684550604525
189.4019573939147
184.74179973248872
187.51914886615103
188.21202215360708
190.2844600097465
194.0314366450921
191.67766702730248
195.83567832002925
196.2254680569953
195.58602807234493
197.20389207869243
197.4912581455446
192.92019623473917
198.85747906551507
198.80021043418924
203.786405864782
207.67364053499475
206.71217122482807
206.31611477045044
205.76518384180227
205.5106172812316
200.61753300133964
206.2400789797024
201.06518929325836
200.98544206579393
197.2299518033642
193.93747092143695
194.00650013875392
194.42255798508137
196.8975069629924
198.03317020455756
204.357991059715
203.5244512480604
205.58783230778215
200.90615580708527
207.72634796298325
213.44869504130378
216.82620366552618
215.94485553181832
216.05414042558107
216.0832914778468
217.9720651600401
216.38290379030914
213.4842770100103
219.62380325030676
218.50840560275356
217.8335291767665
221.46489843248892
220.59505533716072
220.33943110245076
214.09625104196678
214.06419301171653
211.46729983079967
208.9766082114391
207.50016931621337
207.13578133829716
206.15797310799041
206.7277224581462
206.9669663439032
204.00516953908556
202.81971645232522
205.96701712781703
202.07428012196866
201.5972865939298
203.76066095743136
207.55601227285308
214.76171016889677
211.41281257067376
210.19813904828166
212.57501435912928
212.7432452317268
211.27989148902006
212.56540699214696
217.08716133043464
218.2568871049601
214.29018511412016
215.14815358265005
218.3803078291571
221.06842047719152
227.8873330214106
227.33344016155812
227.1041896562813
228.660140441805
228.1318327845886
226.83789102791474
222.31735143815243
218.1076340081583
221.9728132211947
220.69726776701083
225.34972703733044
224.6209222746428
225.6589907588726
224.46727577359815
222.3300360940912
222.56485749190355
222.9853842373831
222.16786588640392
228.88883127012545
227.73899868309684
232.88728413240065
234.22773412679132
233.9463522989983
237.0924193722972
237.13478990769286
230.0199868350317
229.26073064045423
231.9267183072988
234.18535807738698
237.15765527929676
231.99824058750957
232.02442304739265
230.29327502347041
231.4729893461655
235.33751808567973
227.18958957093247
235.06229393832038
226.91907155645447
225.9344763213789
231.3947223998785
231.5123236897327
232.69113959847132
236.32513017296603
234.37884367985882
232.2588808318133
236.55988771109688
231.23918466766062
237.06538960302615
232.0848580400591
224.26196077568378
225.3592208318563
220.4391687285684
216.74525302771713
221.38021845467514
227.67665557699715
234.99324726953725
228.61542728661635
232.14449756165018
224.00440025716745
230.18221253247148
231.01193850763482
238.10864530795345
233.2693039387502
228.66237716239178
221.77478440380207
222.62590355784207
227.87278707355375
234.83331359711497
236.73172322763062
235.1435955452102
238.6567079431459
235.27442998702057
238.55214640335598
245.08776638598306
245.28247963958353
239.62727390427634
240.24858089552626
238.9384390941576
240.51219021071884
243.34131853679278
243.71855378728273
246.6600608766704
246.51122790484115
245.67062075845078
242.47900420306067
237.01646624424862
236.09610129467598
232.80658236418907
231.04091926181533
232.59406488775977
234.14668698397372
233.66329226596102
227.8643222762485
227.9669189696375
229.70706189731268
231.40452366383852
236.88136673016803
237.042422811774
241.57468593361506
241.70492094121076
238.97698712468775
239.2707903034859
241.8525737378434
239.47425644958403
244.09813300067668
244.0664220439266
245.92614436859893
246.68691480512922
251.75461491322991
248.96796314912746
245.0326453954262
245.90532429740887
239.85752811267358
239.90357332035362
247.5488023605398
240.06619930124083
237.041029998951
237.90095863051954
236.32191371703257
228.73084596847735
231.60828081712302
231.6513180123212
237.3133978237264
237.76555879094724
235.0864033047438
236.62755599327184
242.0627378934685
237.9514128062454
237.499079064926
233.04982565898666
226.9776017996965
226.48175943781067
227.42559969294604
227.71148002346655
224.84236600996422
227.61741932579295
233.62457534063253
233.6722762938542
239.32951969838402
235.3940799979825
237.73642431000025
242.07768205572125
244.93771981928364
239.40664882520397
244.66614558518296
245.0361844674361
241.9703560895724
234.74811105583902
236.49228995517248
243.46803664488846
243.04374871445322
236.4213384422422
236.48286700799466
238.78356598219548
241.4458026859161
233.1801003726656
226.2511018893045
224.36825692153312
231.290829300187
227.3387131733756
223.93324041155054
227.7791415871919
220.9534341876096
220.01850400432554
219.99436544628963
224.1852603118486
225.23382257283316
223.5790966970582
218.02756294829763
223.80400695274182
221.16629121366154
217.15302051195155
218.5970722003624
222.3534189256967
218.84289345558744
213.22212093217365
214.1728138517941
210.22672720567655
206.56369837818616
202.57451328896803
199.816886669859
206.5190676242297
201.60601321308613
200.94329522076703
201.86114274598924
203.08798202295466
205.38595460025502
207.78721783022627
203.80800988022008
210.72249772223424
210.32232634511226
210.51405038889587
217.26516436237816
217.16685708778695
213.50110626554488
213.25583425576238
206.4102201196296
210.07275532293946
215.60879355578305
213.9890361857222
220.55516532399167
217.80742389786664
220.39161815116154
224.80811325694765
226.15915098593214
228.1893677652425
231.386793879542
223.80083004258702
224.9108697248801
221.65391872134472
215.43954667932755
220.10499456342174
216.72537991265997
221.73853358805908
224.63236222689724
230.10651737448538
236.05152992923266
233.98356256372472
236.4640698842913
243.45998755369376
236.84906078284604
229.19491772107813
221.64751167323848
214.14595189499857
212.9858046987908
208.8508335516945
209.05904174677184
208.62536991322003
211.24567952262893
214.44745670011454
213.37203857667254
218.13660191599803
217.42433581039285
218.40914749847246
218.73863781441923
219.97521578301337
223.27245767438552
221.1163033282481
217.45159465981723
218.22029834071355
224.23886864873268
221.57079184897947
216.40663955610094
210.1711698623297
207.98082024019484
204.532975996262
198.36551156990726
203.30636212997337
204.80253768651053
206.64854170668022
205.97252480501663
206.53539768721842
207.04653239585693
212.49404886008602
213.15960317208277
215.17123096610754
216.07903719323454
216.22058321806136
215.9249742931414
213.77265061646693
220.14950139732886
216.479288534274
213.11347560086475
213.13671426276443
213.8636888043171
215.9743378288117
211.25664325442156
205.39675524904848
206.05895970524978
203.62426995719954
199.97274623531223
202.1555849344953
200.46589077531064
197.62819249859967
199.81492290534345
205.48531941976015
206.6539604877297
211.42594307554688
210.08254113982014
211.11281101125354
213.24300446239207
214.27480557078687
210.92353360683637
211.0894912869916
211.6856271010519
210.3094470868098
210.6476925508226
208.47901027486225
208.02808596533694
207.98419042085627
207.8280189033012
201.03616737859446
200.68388146794055
202.82509552018064
203.70935692409185
204.36325326780417
199.86916903884668
200.1250463652668
200.14869958620616
204.13287194692035
207.88113685016836
207.96022570897182
207.59971440373
209.92828015711729
210.26803652093625
214.37372993985272
207.3210318013633
211.36528482311263
212.01602920341696
208.5649007062697
208.65883719319038
210.83527663651108
208.43538280689933
208.86448394271926
210.1283834995989
213.3288210631623
212.81113987510304
215.08174890701014
212.64690507697088
207.95607569645026
202.1698461781313
202.2717304240586
197.60988338872724
204.10428200983696
200.88456075029058
201.0734647012336
203.2026659947001
207.13825094475055
208.0093310696184
211.86765876092952
210.39742836460024
212.6472967373054
214.7011803170404
215.2939662383894
219.9138201033457
215.68017225496777
215.20929044345218
214.4457012312891
211.62314952171016
211.72399827440427
210.66010094880238
203.80328378773555
201.13333667750044
205.57556331626355
201.98927333229182
206.55174052302178
206.07857813582393
205.7891553105257
200.97368563496616
204.1738805161207
201.54045481542911
200.53680021800665
201.53617181619012
200.90074504504818
205.37801778850275
199.5992524072169
192.92253434900684
195.57675196837934
195.5440665500758
194.00720500129003
192.42338964343097
198.51776891775094
198.45672357762876
198.47861975367496
194.210498948336
194.36730700155124
190.25987432658508
194.74945037701104
189.99708125770363
189.6026067982137
190.26519794319623
186.54456512446967
181.3386339701248
183.70169938644005
183.97644410451255
188.66661344607456
195.21688693178322
196.74896554477863
196.78275811285607
198.12949099215996
194.58078345869788
195.1331467161172
195.87400370594312
196.4922664970835
193.4956384445931
188.7307114866489
192.81338471822625
192.83916904402045
195.4391820477903
193.2425171904453
197.2451787959026
192.23334546471202
198.31240064710303
196.83058291452295
197.81324950476878
198.7862126640162
197.94222769414523
191.44388998884176
191.73291444467938
197.13983712117349
194.86737419904753
192.8537805752519
193.69866548587035
198.18653020400578
204.71023776482133
207.95390587397583
206.99003789089633
205.7538612165948
208.36890313489016
206.81889002626747
205.78683287060275
207.65264409357917
202.92844571871348
200.8821444492988
199.89425084400523
198.7925212067183
198.5194205527591
201.04421318196054
202.874835596817
196.95057075164794
197.5106342386629
202.13216125912905
205.2548163473305
208.89605854495883
215.03502654899754
210.09376363794928
209.59899192763223
209.46649472493476
216.78691747065804
213.58848528924324
217.7701848770453
214.79683670833327
214.52864719761368
214.13026462516368
212.34256513786625
212.0812600009365
206.80179498454385
212.01394425478458
206.08209085337523
202.20704980541552
200.17105485277116
199.63987930681552
198.6416374367472
198.6991785226713
195.67169159562835
198.29964153729858
198.9945245192251
203.75355836911444
197.34634324924141
198.43117469250424
199.66862072273935
201.2875970550603
201.44539008251166
203.6309547034043
205.4612401380956
210.43779198617736
210.07663294124737
205.61934796449944
207.18344124400045
207.37707045097082
207.2530570604772
210.82885815105777
206.27391464883934
211.599103974109
213.99270193511865
212.69389124512472
212.48969024657782
212.5561350215766
219.90044609357116
213.19842680598788
212.82207122774744
