0 0.0
320.07318291986854 320.0384747299361
320.0384747299361 318.61596950287264
318.61596950287264 318.79934850766455
318.79934850766455 318.30395728587126
318.30395728587126 318.4182348416677
318.4182348416677 318.4661344272679
318.4661344272679 318.4981321247199
318.4981321247199 318.53640561915637
318.53640561915637 318.8693722857737
318.8693722857737 319.7471971559541
319.7471971559541 319.6717038047704
319.6717038047704 319.704185520147
319.704185520147 318.3572948388172
318.3572948388172 318.4999460779851
318.4999460779851 319.1575768789391
319.1575768789391 320.5540315022174
320.5540315022174 320.85804247683365
320.85804247683365 321.26831937958866
321.26831937958866 320.4512631090517
320.4512631090517 320.48334648306644
320.48334648306644 320.1988105765975
320.1988105765975 320.25935487669636
320.25935487669636 320.2971965117729
320.2971965117729 320.79147442314587
320.79147442314587 322.2516856097022
322.2516856097022 322.55140305343787
322.55140305343787 322.40473157526117
322.40473157526117 322.13085177164146
322.13085177164146 322.0912186030481
322.0912186030481 322.50134056776557
322.50134056776557 322.13802472132244
322.13802472132244 322.04789404674773
322.04789404674773 322.697877041856
322.697877041856 321.63850979668825
321.63850979668825 321.5817185735299
321.5817185735299 320.30472088988455
320.30472088988455 321.4179785102139
321.4179785102139 320.85417030157447
320.85417030157447 319.3568956495541
319.3568956495541 318.55389525298995
318.55389525298995 319.0223585395235
319.0223585395235 318.4642009546439
318.4642009546439 318.85810540366555
318.85810540366555 318.53981368547215
318.53981368547215 317.96139526718514
317.96139526718514 317.0344284611754
317.0344284611754 316.9881071129558
316.9881071129558 317.5825184046541
317.5825184046541 318.65902257639726
318.65902257639726 319.87711179505845
319.87711179505845 321.48918799450644
321.48918799450644 322.6042078507841
322.6042078507841 321.6501507128076
321.6501507128076 322.2204625895403
322.2204625895403 322.1849140585624
322.1849140585624 322.136904890997
322.136904890997 321.16059913357554
321.16059913357554 321.0511481975737
321.0511481975737 319.4341432797997
319.4341432797997 318.5554104111245
318.5554104111245 317.66164406834025
317.66164406834025 317.48085314160585
317.48085314160585 317.2697869403291
317.2697869403291 316.58409436085685
316.58409436085685 316.531884958365
316.531884958365 316.63962311904976
316.63962311904976 317.78905264739615
317.78905264739615 318.14716918731267
318.14716918731267 318.7405129170595
318.7405129170595 319.50269852279996
319.50269852279996 318.93896644270933
318.93896644270933 317.9771602016449
317.9771602016449 318.4802909041128
318.4802909041128 320.0803050256022
320.0803050256022 320.26100320857995
320.26100320857995 320.69112102667947
320.69112102667947 320.9878041712435
320.9878041712435 320.8819081086088
320.8819081086088 320.9293856015145
320.9293856015145 319.7077822262714
319.7077822262714 319.6378914294287
319.6378914294287 318.6265290862717
318.6265290862717 318.72067713614985
318.72067713614985 318.269129907591
318.269129907591 319.791071335583
319.791071335583 318.75546482389876
318.75546482389876 318.7917890825326
318.7917890825326 318.1656529925299
318.1656529925299 319.6453113167682
319.6453113167682 319.7259069293344
319.7259069293344 318.7259959270839
318.7259959270839 319.28474642893747
319.28474642893747 319.15874197189925
319.15874197189925 320.2468473916202
320.2468473916202 321.6484741102244
321.6484741102244 321.4502566116991
321.4502566116991 320.11786573800805
320.11786573800805 319.65281761221587
319.65281761221587 318.7447493862017
318.7447493862017 319.9332521947751
319.9332521947751 318.7070719036699
318.7070719036699 318.4524385372557
318.4524385372557 317.83822758547706
317.83822758547706 317.7969922902257
317.7969922902257 318.87063216035347
318.87063216035347 319.36788482435315
319.36788482435315 318.8675305446849
318.8675305446849 320.03335037238116
320.03335037238116 319.4940994838404
319.4940994838404 318.09878811778754
318.09878811778754 318.2949036367339
318.2949036367339 319.0237674981424
319.0237674981424 319.48956400871407
319.48956400871407 318.7238909054429
318.7238909054429 318.84236422830287
318.84236422830287 317.7893894819998
317.7893894819998 318.7917623485254
318.7917623485254 319.36825076424196
319.36825076424196 319.94912775353566
319.94912775353566 319.9142769121001
319.9142769121001 321.32720289398765
321.32720289398765 321.0976295335762
321.0976295335762 322.0616210043475
322.0616210043475 321.38535242008834
321.38535242008834 322.9449649099582
322.9449649099582 321.9731522410037
321.9731522410037 321.26614655366825
321.26614655366825 321.2207951966644
321.2207951966644 321.606833168491
321.606833168491 321.2769341063732
321.2769341063732 320.1513968235143
320.1513968235143 320.23744075730485
320.23744075730485 318.65023334772377
318.65023334772377 319.9061100340169
319.9061100340169 320.5538497085641
320.5538497085641 321.1056685144718
321.1056685144718 322.36524810094903
322.36524810094903 321.3967388490758
321.3967388490758 319.9288382300813
319.9288382300813 320.2975165430216
320.2975165430216 320.6698065591348
320.6698065591348 319.27760805901846
319.27760805901846 319.6237311876734
319.6237311876734 319.58814756435396
319.58814756435396 320.10863457224906
320.10863457224906 319.120084185718
319.120084185718 319.63633427638143
319.63633427638143 319.80098423882976
319.80098423882976 320.2040764374475
320.2040764374475 321.70726977456263
321.70726977456263 321.11610401183566
321.11610401183566 321.2780988433583
321.2780988433583 321.47362145672224
321.47362145672224 321.03954716492524
321.03954716492524 321.58517381679525
321.58517381679525 322.6332727799844
322.6332727799844 323.56405880726106
323.56405880726106 323.6443732652684
323.6443732652684 322.3252516945762
322.3252516945762 323.8934066598566
323.8934066598566 325.12113046469534
325.12113046469534 326.2119963405461
326.2119963405461 325.2333517386392
325.2333517386392 323.6250198699411
323.6250198699411 322.4460834013292
322.4460834013292 321.9488812672871
321.9488812672871 320.54919849432184
320.54919849432184 320.2407687805574
320.2407687805574 319.069100332988
319.069100332988 319.8137200334044
319.8137200334044 319.1584122473471
319.1584122473471 319.19759517695275
319.19759517695275 320.11034357927247
320.11034357927247 321.0379765748995
321.0379765748995 319.61328938912106
319.61328938912106 318.5254582414224
318.5254582414224 318.89425771788643
318.89425771788643 318.9271591694307
318.9271591694307 319.6560414862153
319.6560414862153 320.78495099461105
320.78495099461105 321.01244972234423
321.01244972234423 322.4711431129664
322.4711431129664 322.54766819032346
322.54766819032346 322.2917928549504
322.2917928549504 322.18808813736
322.18808813736 320.81856180046145
320.81856180046145 321.7545111124832
321.7545111124832 321.68841823371383
321.68841823371383 321.5047858253316
321.5047858253316 321.1258146255254
321.1258146255254 320.93104700432195
320.93104700432195 319.9253795439957
319.9253795439957 320.68250938322507
320.68250938322507 319.2044897955203
319.2044897955203 320.1324341656115
320.1324341656115 320.20459019048184
320.20459019048184 319.6137197376756
319.6137197376756 319.9712826551311
319.9712826551311 320.855759936025
320.855759936025 319.7711072448436
319.7711072448436 320.5491012825153
320.5491012825153 320.68041443059536
320.68041443059536 322.2852064290657
322.2852064290657 322.40523344776267
322.40523344776267 321.49573078939915
321.49573078939915 321.01311930142896
321.01311930142896 320.09449386824724
320.09449386824724 320.61165723305834
320.61165723305834 321.6351786971122
321.6351786971122 320.7962655503447
320.7962655503447 319.99186978638335
319.99186978638335 320.9510332392526
320.9510332392526 321.0169104202121
321.0169104202121 321.28543788986104
321.28543788986104 322.5266396723062
322.5266396723062 322.19322234339336
322.19322234339336 321.1058976748585
321.1058976748585 321.0515574429912
321.0515574429912 321.78288763972955
321.78288763972955 320.80395547710003
320.80395547710003 320.5908371081
320.5908371081 320.189983188945
320.189983188945 319.25263503384633
319.25263503384633 319.0886618823893
319.0886618823893 320.42832439170036
320.42832439170036 319.8347706702522
319.8347706702522 319.2095194931748
319.2095194931748 319.6881205171861
319.6881205171861 319.64685787992687
319.64685787992687 319.9689251529695
319.9689251529695 318.8018207688565
318.8018207688565 319.1546452666272
319.1546452666272 318.35786118822875
318.35786118822875 317.357444167351
317.357444167351 317.5253235074962
317.5253235074962 317.72800775451316
317.72800775451316 317.81864590127356
317.81864590127356 318.067485475872
318.067485475872 318.8878147791686
318.8878147791686 318.99264720644
318.99264720644 320.2982642016433
320.2982642016433 321.3299196140296
321.3299196140296 320.1321715833035
320.1321715833035 320.55059553036386
320.55059553036386 320.8880105726007
320.8880105726007 320.0160826761246
320.0160826761246 320.91123204765404
320.91123204765404 322.19829552559617
322.19829552559617 322.24407401825835
322.24407401825835 322.08924499592905
322.08924499592905 320.85195764042976
320.85195764042976 321.11079752360996
321.11079752360996 320.1722455161315
320.1722455161315 320.01780391229937
320.01780391229937 319.98069240769166
319.98069240769166 320.0163396632241
320.0163396632241 319.03569829955364
319.03569829955364 319.06764783884836
319.06764783884836 320.3736467267079
320.3736467267079 320.276676504674
320.276676504674 319.90727022085645
319.90727022085645 318.5752765816928
318.5752765816928 320.0655249283945
320.0655249283945 318.99563121896836
318.99563121896836 320.34941858291626
320.34941858291626 320.8479942668339
320.8479942668339 320.0742364581222
320.0742364581222 320.22914550536296
320.22914550536296 320.58691812735265
320.58691812735265 321.1519064674552
321.1519064674552 321.9673545157763
321.9673545157763 321.9162480806156
321.9162480806156 320.2774315278426
320.2774315278426 319.49310137786983
319.49310137786983 318.65797205373906
318.65797205373906 318.2984997456521
318.2984997456521 316.999341166464
316.999341166464 317.10805446978225
317.10805446978225 318.49125809487555
318.49125809487555 317.4872704850246
317.4872704850246 318.23523777843315
318.23523777843315 319.68075426388555
319.68075426388555 321.22225994792353
321.22225994792353 320.8949843341325
320.8949843341325 321.5906546619263
321.5906546619263 322.8789152834083
322.8789152834083 322.79965692808264
322.79965692808264 321.63800879530675
321.63800879530675 321.1057141152996
321.1057141152996 321.1425132663428
321.1425132663428 321.40085508849086
321.40085508849086 321.147789152973
321.147789152973 321.7569969341577
321.7569969341577 320.8882339752241
320.8882339752241 321.47127401489627
321.47127401489627 321.61484693126727
321.61484693126727 320.5797885148693
320.5797885148693 320.619853252885
320.619853252885 320.5851561041234
320.5851561041234 319.29512117574245
319.29512117574245 319.3596003879143
319.3596003879143 319.22875780484526
319.22875780484526 319.79792404557435
319.79792404557435 320.4880796969318
320.4880796969318 321.9224381367025
321.9224381367025 321.67715788414785
321.67715788414785 321.77583758807765
321.77583758807765 321.5651332838166
321.5651332838166 321.4882686176228
321.4882686176228 320.5881843076692
320.5881843076692 320.097666004152
320.097666004152 319.57473874360085
319.57473874360085 319.44520366770064
319.44520366770064 319.37165989760354
319.37165989760354 319.47565238034514
319.47565238034514 319.52962332109337
319.52962332109337 318.48260773075145
318.48260773075145 316.9861463604336
316.9861463604336 315.6413263010361
315.6413263010361 316.498206133638
316.498206133638 317.690505423129
317.690505423129 317.6319458530752
317.6319458530752 316.3544367398222
316.3544367398222 317.03875304731736
317.03875304731736 317.4615207554454
317.4615207554454 316.30878496204775
316.30878496204775 316.84403626661225
316.84403626661225 317.1318622474008
317.1318622474008 317.3179512550299
317.3179512550299 316.3319095109898
316.3319095109898 316.4811911047254
316.4811911047254 316.6302483871897
316.6302483871897 316.7728000741349
316.7728000741349 317.6108074208107
317.6108074208107 319.1956979840842
319.1956979840842 319.5377958057099
319.5377958057099 318.960854479622
318.960854479622 318.47893122606007
318.47893122606007 319.2613961737
319.2613961737 318.0126835649155
318.0126835649155 319.3210783139989
319.3210783139989 319.5484083622613
319.5484083622613 319.29260601267976
319.29260601267976 320.55911872983074
320.55911872983074 320.5091996899891
320.5091996899891 320.2210818070737
320.2210818070737 319.52550457887395
319.52550457887395 319.5711454824615
319.5711454824615 319.66109103326954
319.66109103326954 319.52896460159707
319.52896460159707 319.1300707868227
319.1300707868227 319.52330311525526
319.52330311525526 320.8710060111677
320.8710060111677 320.8240407166989
320.8240407166989 320.4481122349598
320.4481122349598 319.46533561670776
319.46533561670776 319.08938309113773
319.08938309113773 318.8428752466582
318.8428752466582 319.29991581675307
319.29991581675307 320.78406773784366
320.78406773784366 319.7450187101476
319.7450187101476 319.13264144176236
319.13264144176236 318.7599313579769
318.7599313579769 319.7101438528504
319.7101438528504 320.0825604229619
320.0825604229619 319.64771340645586
319.64771340645586 318.0377370681004
318.0377370681004 317.2740377744636
317.2740377744636 318.1659912987437
318.1659912987437 317.017590743499
317.017590743499 318.0396975207051
318.0396975207051 317.7312131469958
317.7312131469958 316.7594004724217
316.7594004724217 315.6219253816264
315.6219253816264 315.4770170585197
315.4770170585197 316.2972237995054
316.2972237995054 316.18259431546824
316.18259431546824 317.1811333722752
317.1811333722752 317.04689475019694
317.04689475019694 317.535519455038
317.535519455038 318.45114875047545
318.45114875047545 317.7160329102176
317.7160329102176 317.32877626989335
317.32877626989335 316.2708402389618
316.2708402389618 316.1841495127006
316.1841495127006 316.34590362705734
316.34590362705734 316.42769126000496
316.42769126000496 315.61761799233267
315.61761799233267 316.5094840367196
316.5094840367196 316.66214457979027
316.66214457979027 316.85060536127935
316.85060536127935 318.28888215839004
318.28888215839004 318.8362658971235
318.8362658971235 319.93562132988154
319.93562132988154 319.77800214492333
319.77800214492333 319.21526930155704
319.21526930155704 320.55732012828065
320.55732012828065 321.768627956681
321.768627956681 322.7788190211816
322.7788190211816 321.8297221965363
321.8297221965363 321.6369315166609
321.6369315166609 320.58926597548356
320.58926597548356 319.1123287604027
319.1123287604027 319.51169818137214
319.51169818137214 318.6172947915539
318.6172947915539 317.4405424072972
317.4405424072972 318.0804937915668
318.0804937915668 318.1136146577709
318.1136146577709 319.6796447695349
319.6796447695349 320.4878031752782
320.4878031752782 318.9345726635759
318.9345726635759 319.04505134771625
319.04505134771625 319.0932190011876
319.0932190011876 319.0605155136788
319.0605155136788 319.0006503408467
319.0006503408467 319.72356210171466
319.72356210171466 319.45557061953366
319.45557061953366 317.84669994047533
317.84669994047533 317.6162197820312
317.6162197820312 316.8594753818378
316.8594753818378 317.4998580327184
317.4998580327184 317.3150680953446
317.3150680953446 317.2763277671433
317.2763277671433 317.2377610448581
317.2377610448581 317.4232739235126
317.4232739235126 318.500175349955
318.500175349955 319.31129009775833
319.31129009775833 319.987378381421
319.987378381421 318.7666805264071
318.7666805264071 318.6031449181819
318.6031449181819 318.7378021421159
318.7378021421159 319.69987289358806
319.69987289358806 319.7930145172303
319.7930145172303 319.33757698262883
319.33757698262883 319.3988972801201
319.3988972801201 318.6692586545465
318.6692586545465 319.7174223229098
319.7174223229098 318.54804737177636
318.54804737177636 319.3256096033332
319.3256096033332 320.53805858970674
320.53805858970674 320.36845343907413
320.36845343907413 320.1740201166388
320.1740201166388 321.02507148585323
321.02507148585323 321.2169438566981
321.2169438566981 320.02704141534264
320.02704141534264 318.6022948592997
318.6022948592997 319.0853685208212
319.0853685208212 319.11729085166746
319.11729085166746 318.9937539337219
318.9937539337219 318.7978541153989
318.7978541153989 320.151325146903
320.151325146903 320.1869193265266
320.1869193265266 320.4046054574192
320.4046054574192 321.7439744346369
321.7439744346369 323.2289445344862
323.2289445344862 323.26185357445985
323.26185357445985 322.09612925810757
322.09612925810757 320.6993654658969
320.6993654658969 321.1190040457659
321.1190040457659 320.08265956374095
320.08265956374095 321.2320425251232
321.2320425251232 319.8139565905329
319.8139565905329 319.4330396004674
319.4330396004674 318.86759625625086
318.86759625625086 318.0395289996308
318.0395289996308 318.29171300655594
318.29171300655594 319.28442423488707
319.28442423488707 319.998224237164
319.998224237164 319.0381340102173
319.0381340102173 318.4277708361962
318.4277708361962 319.51175354528266
319.51175354528266 320.4209767775915
320.4209767775915 320.07604790694745
320.07604790694745 319.8520619494913
319.8520619494913 319.88408005337294
319.88408005337294 320.56629431828696
320.56629431828696 320.94340561052155
320.94340561052155 320.0143011013045
320.0143011013045 320.9965434647028
320.9965434647028 321.2741053328887
321.2741053328887 321.4807968767536
321.4807968767536 321.2426342947002
321.2426342947002 321.87770930213986
321.87770930213986 321.7398755442019
321.7398755442019 322.8202832550845
322.8202832550845 321.2835851537364
321.2835851537364 319.8501098049232
319.8501098049232 320.4532758469712
320.4532758469712 318.99201270954615
318.99201270954615 320.1329901426041
320.1329901426041 319.7773214793785
319.7773214793785 321.1355166494788
321.1355166494788 321.17143876382016
321.17143876382016 320.35576718999357
320.35576718999357 320.2506095366443
320.2506095366443 319.4330030204436
319.4330030204436 321.0441242256258
321.0441242256258 319.9851209337949
319.9851209337949 319.5457706373766
319.5457706373766 320.4282337740156
320.4282337740156 321.2695112947846
321.2695112947846 322.3763434448099
322.3763434448099 322.25774942989455
322.25774942989455 323.6628157185005
323.6628157185005 322.4121924738492
322.4121924738492 321.32383392416864
321.32383392416864 321.6370516835015
321.6370516835015 322.582517654106
322.582517654106 321.6204942676999
321.6204942676999 321.32850844033294
321.32850844033294 321.03214873475974
321.03214873475974 320.8995911107775
320.8995911107775 320.56850739287444
320.56850739287444 320.2174211016604
320.2174211016604 319.8083730589668
319.8083730589668 320.766605483665
320.766605483665 320.44887748999906
320.44887748999906 321.6408649865818
321.6408649865818 321.19395085404153
321.19395085404153 320.73942637449335
320.73942637449335 319.4924830627428
319.4924830627428 317.9991275388266
317.9991275388266 317.68807184740655
317.68807184740655 318.6372512146623
318.6372512146623 319.68317815643184
319.68317815643184 320.6702290491665
320.6702290491665 320.10093433963084
320.10093433963084 321.28663329017945
321.28663329017945 322.3968519092059
322.3968519092059 323.18968542697064
323.18968542697064 322.38313114938734
322.38313114938734 322.4886147938695
322.4886147938695 321.15384067945814
321.15384067945814 320.99232393208405
320.99232393208405 320.5471156476528
320.5471156476528 320.6279174302625
320.6279174302625 320.4888716376769
320.4888716376769 319.5462968155695
319.5462968155695 320.8474601995233
320.8474601995233 319.78642149889447
319.78642149889447 320.20343876155005
320.20343876155005 320.42196131003686
320.42196131003686 320.3730222544707
320.3730222544707 319.9656888343084
319.9656888343084 320.0973344562199
320.0973344562199 320.14614466372694
320.14614466372694 320.0257861969609
320.0257861969609 321.5982058119546
321.5982058119546 322.68833400938126
322.68833400938126 321.387705809221
321.387705809221 321.60896080953603
321.60896080953603 322.784482088501
322.784482088501 322.699621765822
322.699621765822 323.0283437605978
323.0283437605978 324.54594386381524
324.54594386381524 325.7500905420916
325.7500905420916 325.4910098534702
325.4910098534702 326.5960582447593
326.5960582447593 327.4004101058523
327.4004101058523 327.53929260497773
327.53929260497773 326.02724232509775
326.02724232509775 326.6143718229454
326.6143718229454 325.5522781414554
325.5522781414554 324.0413788879773
324.0413788879773 323.4494250200994
323.4494250200994 322.6262532312724
322.6262532312724 321.36518981309047
321.36518981309047 319.936173526168
319.936173526168 320.9972307821702
320.9972307821702 322.06661810366774
322.06661810366774 322.17986810024655
322.17986810024655 321.11126876031625
321.11126876031625 322.30436440417526
322.30436440417526 320.678510959308
320.678510959308 321.8384788845201
321.8384788845201 323.31657428557105
323.31657428557105 322.4871061741488
322.4871061741488 323.9292108024698
323.9292108024698 323.6983866872308
323.6983866872308 323.61750576967927
323.61750576967927 324.31861051565556
324.31861051565556 325.43416757037863
325.43416757037863 325.3444045244901
325.3444045244901 325.0313281938538
325.0313281938538 324.64665083135554
324.64665083135554 323.8023922719209
323.8023922719209 325.28968741932084
325.28968741932084 324.7998231028988
324.7998231028988 324.6794444769277
324.6794444769277 324.56426759418474
324.56426759418474 324.01788761779125
324.01788761779125 323.91535661233473
323.91535661233473 323.2850576010823
323.2850576010823 321.78567950225363
321.78567950225363 320.76430313731476
320.76430313731476 320.8723533464951
320.8723533464951 320.35896335291056
320.35896335291056 320.7274838275583
320.7274838275583 321.16671003887274
321.16671003887274 321.2540058347407
321.2540058347407 321.8045163388329
321.8045163388329 323.3348998544864
323.3348998544864 323.66311930920125
323.66311930920125 325.04737959113686
325.04737959113686 325.48496371463773
325.48496371463773 326.317250027219
326.317250027219 326.6295030468011
326.6295030468011 327.30149065308206
327.30149065308206 327.610331910135
327.610331910135 327.70255598740954
327.70255598740954 327.74715550562416
327.74715550562416 327.6796895833135
327.6796895833135 328.7940544486146
328.7940544486146 328.74687777073217
328.74687777073217 328.30382089942526
328.30382089942526 327.7337966770969
327.7337966770969 327.9491195208474
327.9491195208474 327.67360940610746
327.67360940610746 327.2664309850167
327.2664309850167 326.8266959269216
326.8266959269216 328.4079290074616
328.4079290074616 326.90904758592393
326.90904758592393 325.3949333089133
325.3949333089133 325.3378003692983
325.3378003692983 323.6816967622084
323.6816967622084 322.9337005759363
322.9337005759363 324.15921902765183
324.15921902765183 325.291742988018
325.291742988018 325.1999411626463
325.1999411626463 325.16491926551464
325.16491926551464 324.5435336232991
324.5435336232991 324.50800218328624
324.50800218328624 324.634202251066
324.634202251066 325.13342661001707
325.13342661001707 324.3578504055492
324.3578504055492 324.53495965982205
324.53495965982205 324.33855952471725
324.33855952471725 324.54537999021113
324.54537999021113 323.53230675244095
323.53230675244095 324.63716618686647
324.63716618686647 323.89543494626975
323.89543494626975 324.3656502290901
324.3656502290901 324.2630141473397
324.2630141473397 324.6321877012604
324.6321877012604 323.76679780777124
323.76679780777124 323.9392335174343
323.9392335174343 325.07064599338275
325.07064599338275 324.99480540464043
324.99480540464043 325.0461118038729
325.0461118038729 325.2175659350407
325.2175659350407 325.87154161235406
325.87154161235406 324.9442105104814
324.9442105104814 325.34109867142155
325.34109867142155 326.09166541302915
326.09166541302915 326.86677954755555
326.86677954755555 327.4379268315472
327.4379268315472 327.6486939995099
327.6486939995099 327.51828235135514
327.51828235135514 326.25255440490076
326.25255440490076 325.80133564437483
325.80133564437483 325.48113335555684
325.48113335555684 325.24258172349727
325.24258172349727 324.7884252137656
324.7884252137656 324.5814511696519
324.5814511696519 323.5569380247757
323.5569380247757 323.7023183699664
323.7023183699664 323.4085679809911
323.4085679809911 323.69981922366264
323.69981922366264 324.43366809888045
324.43366809888045 324.5655900555703
324.5655900555703 323.1474788790447
323.1474788790447 323.54351172603685
323.54351172603685 324.87024891193033
324.87024891193033 324.80688483541695
324.80688483541695 323.5818690946698
323.5818690946698 324.3847344322636
324.3847344322636 324.50046389865713
324.50046389865713 324.85911345692205
324.85911345692205 326.0604469782577
326.0604469782577 325.31695237758987
325.31695237758987 326.70323042532664
326.70323042532664 326.29245710237643
326.29245710237643 325.8381726849192
325.8381726849192 326.0036429258732
326.0036429258732 324.66990112350743
324.66990112350743 324.88789743218894
324.88789743218894 324.99869741513544
324.99869741513544 325.15193755348616
325.15193755348616 325.36717746690124
325.36717746690124 325.67470378939726
325.67470378939726 326.39509625473147
326.39509625473147 326.49657453994377
326.49657453994377 326.30846147610185
326.30846147610185 326.03028863122563
326.03028863122563 325.70372636221873
325.70372636221873 324.72910915141836
324.72910915141836 324.6029271654451
324.6029271654451 323.7228512206919
323.7228512206919 323.29978778501004
323.29978778501004 323.6688279218495
323.6688279218495 322.53492164819795
322.53492164819795 322.6294211707081
322.6294211707081 323.5820557727766
323.5820557727766 323.32579591380335
323.32579591380335 322.6212049937295
322.6212049937295 321.0861722079722
321.0861722079722 320.2640801607877
320.2640801607877 321.88539835750987
321.88539835750987 322.0040379299356
322.0040379299356 322.43941948138075
322.43941948138075 323.0574410812073
323.0574410812073 322.108937511082
322.108937511082 322.489135642409
322.489135642409 322.59740688303043
322.59740688303043 322.6685584106718
322.6685584106718 323.0864494666832
323.0864494666832 323.490279961199
323.490279961199 324.2999246215517
324.2999246215517 324.6020764859803
324.6020764859803 323.5606497856979
323.5606497856979 324.0959521611792
324.0959521611792 324.43617886365473
324.43617886365473 323.0593785376435
323.0593785376435 322.8871590445865
322.8871590445865 323.1003037554013
323.1003037554013 323.1414827481502
323.1414827481502 322.66357710483135
322.66357710483135 322.7178337168657
322.7178337168657 323.04863744530996
323.04863744530996 323.80479447103977
323.80479447103977 324.4152243816924
324.4152243816924 324.23761125710683
324.23761125710683 324.3926559942383
324.3926559942383 324.7022632879986
324.7022632879986 324.62118178226007
324.62118178226007 325.936468945622
325.936468945622 326.144114880131
326.144114880131 325.0374078227872
325.0374078227872 323.62513841492074
323.62513841492074 323.158740704704
323.158740704704 322.67615036680587
322.67615036680587 323.49703359871523
323.49703359871523 323.55320213664515
323.55320213664515 322.16299288120564
322.16299288120564 323.3744343354116
323.3744343354116 323.2370773187906
323.2370773187906 322.10860775613406
322.10860775613406 320.76183798493105
320.76183798493105 320.8055962225577
320.8055962225577 321.3524534666998
321.3524534666998 320.8334269234396
320.8334269234396 320.8672803310477
320.8672803310477 321.9432732236018
321.9432732236018 323.276317326363
323.276317326363 322.34525392760344
322.34525392760344 322.1211929457572
322.1211929457572 322.16752979306307
322.16752979306307 322.13523952438305
322.13523952438305 322.49236137699046
322.49236137699046 322.2328817184679
322.2328817184679 322.77983172034385
322.77983172034385 323.88187137961194
323.88187137961194 323.57830661175643
323.57830661175643 322.41483287673174
322.41483287673174 322.15790271608387
322.15790271608387 322.40549774498055
322.40549774498055 322.35353202193625
322.35353202193625 321.43307130188043
321.43307130188043 321.6621890411718
321.6621890411718 322.2838511316497
322.2838511316497 322.8964903801381
322.8964903801381 322.03385513977986
322.03385513977986 322.8063779070807
322.8063779070807 324.1965607189726
324.1965607189726 324.1282640165543
324.1282640165543 324.2605182767573
324.2605182767573 324.22467529331544
324.22467529331544 324.5294213460215
324.5294213460215 323.9037954019231
323.9037954019231 324.9914735031159
324.9914735031159 325.698213682634
325.698213682634 324.2204670349511
324.2204670349511 323.08191153124517
323.08191153124517 322.9994325255368
322.9994325255368 322.93729822037034
322.93729822037034 322.73502540123144
322.73502540123144 321.6836394966852
321.6836394966852 321.63053596023275
321.63053596023275 322.3466287219411
322.3466287219411 322.22374986519185
322.22374986519185 323.02850914330344
323.02850914330344 324.1796872765608
324.1796872765608 324.9221476193212
324.9221476193212 325.6643242493131
325.6643242493131 324.97727572814165
324.97727572814165 324.26055264959405
324.26055264959405 324.22485333353563
324.22485333353563 325.18210753696826
325.18210753696826 325.51729674749816
325.51729674749816 326.83282379226546
326.83282379226546 325.6300492286252
325.6300492286252 324.14230642215284
324.14230642215284 325.1746210495906
325.1746210495906 325.1189990689464
325.1189990689464 324.49529473145185
324.49529473145185 324.3269148243246
324.3269148243246 323.9153688203561
323.9153688203561 323.0776505673456
323.0776505673456 323.60292821654645
323.60292821654645 323.7532710279401
323.7532710279401 324.9151378148995
324.9151378148995 324.61929959609824
324.61929959609824 325.7248376211041
325.7248376211041 325.68535671248986
325.68535671248986 327.2334917054011
327.2334917054011 327.01914647628655
327.01914647628655 328.07310946262817
328.07310946262817 328.113901370347
328.113901370347 328.5853435885288
328.5853435885288 327.42840609407745
327.42840609407745 327.37061658490416
327.37061658490416 327.12583968938713
327.12583968938713 326.37175953738847
326.37175953738847 325.6131531712281
325.6131531712281 325.11847111400573
325.11847111400573 325.082849257637
325.082849257637 324.74211629858803
324.74211629858803 325.1862042463346
325.1862042463346 325.30508980877124
325.30508980877124 325.25492801908564
325.25492801908564 325.1730638486005
325.1730638486005 324.5551159402801
324.5551159402801 324.9713318776112
324.9713318776112 324.9107174483572
324.9107174483572 324.9829393938963
324.9829393938963 324.66581731904375
324.66581731904375 325.9745774347493
325.9745774347493 325.9392380186842
325.9392380186842 325.6430373632349
325.6430373632349 325.16780253213983
325.16780253213983 324.8674843531334
324.8674843531334 325.1888607680662
325.1888607680662 324.5663639683812
324.5663639683812 324.4209222427954
324.4209222427954 323.0453926451352
323.0453926451352 323.50444647876026
323.50444647876026 324.3588844108392
324.3588844108392 324.41031353494276
324.41031353494276 324.9668228558582
324.9668228558582 324.83355573832955
324.83355573832955 324.94728930728706
324.94728930728706 323.2986560772719
323.2986560772719 323.1554193392717
323.1554193392717 323.3261206514584
323.3261206514584 323.68294290248673
323.68294290248673 323.7736100326079
323.7736100326079 322.9065784991403
322.9065784991403 322.9993144842955
322.9993144842955 323.125917514418
323.125917514418 322.77886504700774
322.77886504700774 322.81922882209216
322.81922882209216 323.01734470397724
323.01734470397724 323.4953014036087
323.4953014036087 323.57494543394114
323.57494543394114 324.48565313194496
324.48565313194496 324.3771312719899
324.3771312719899 323.9848388947142
323.9848388947142 322.3467250631307
322.3467250631307 322.415342816228
322.415342816228 323.3707801841523
323.3707801841523 323.5700584368608
323.5700584368608 324.04835372738125
324.04835372738125 324.7355223042308
324.7355223042308 324.2404846841358
324.2404846841358 324.06161191272935
324.06161191272935 325.3434349076477
325.3434349076477 326.4907311240714
326.4907311240714 326.68322584951227
326.68322584951227 326.30444247647597
326.30444247647597 325.0137601679064
325.0137601679064 324.98103451944894
324.98103451944894 324.81904422454414
324.81904422454414 326.01079099182454
326.01079099182454 324.39664903376365
324.39664903376365 324.3471535868343
324.3471535868343 325.56022812326006
325.56022812326006 325.4586654473919
325.4586654473919 323.87875778320233
323.87875778320233 324.02052260093177
324.02052260093177 324.05416497568143
324.05416497568143 323.99229920414984
323.99229920414984 325.256781738176
325.256781738176 325.1240438883245
325.1240438883245 323.78736122951216
323.78736122951216 324.53303806927437
324.53303806927437 323.5389924309235
323.5389924309235 322.43452643285354
322.43452643285354 322.8156758150372
322.8156758150372 324.1183146038442
324.1183146038442 324.9095202926845
324.9095202926845 324.11636572528437
324.11636572528437 325.53449644116995
325.53449644116995 327.0612050404151
327.0612050404151 327.3719403902658
327.3719403902658 327.29845491754554
327.29845491754554 327.34663349651805
327.34663349651805 326.88180519174813
326.88180519174813 325.7754086367321
325.7754086367321 325.96250258959554
325.96250258959554 327.12968078774946
327.12968078774946 327.2222151126778
327.2222151126778 326.9426863089773
326.9426863089773 327.2219885427817
327.2219885427817 327.34788935374127
327.34788935374127 325.84627852544577
325.84627852544577 324.413996153768
324.413996153768 325.067458726797
325.067458726797 326.15648425391163
326.15648425391163 326.8715866503711
326.8715866503711 327.1817707642228
327.1817707642228 325.5895273405454
325.5895273405454 325.98023894340054
325.98023894340054 325.0319161448392
325.0319161448392 326.5010400085357
326.5010400085357 326.16129654684914
326.16129654684914 325.1421951014817
325.1421951014817 325.3597263999407
325.3597263999407 325.1187237160986
325.1187237160986 326.4529361792331
326.4529361792331 328.10958895358806
328.10958895358806 327.841371137993
327.841371137993 327.77754513264915
327.77754513264915 327.43338137718234
327.43338137718234 327.3924886443162
327.3924886443162 327.3021238416194
327.3021238416194 326.8681190674566
326.8681190674566 326.8354045819782
326.8354045819782 326.7248873326052
326.7248873326052 326.46171391989014
326.46171391989014 325.4367822207825
325.4367822207825 326.60931188286406
326.60931188286406 328.14452356385186
328.14452356385186 327.689115783085
327.689115783085 327.58763971816035
327.58763971816035 326.80060814498944
326.80060814498944 326.0109425181113
326.0109425181113 324.6995853319786
324.6995853319786 324.9531163118039
324.9531163118039 325.2539046750967
325.2539046750967 326.65279964787555
326.65279964787555 325.82953744544744
325.82953744544744 326.3044149562318
326.3044149562318 326.35839447667166
326.35839447667166 326.90643567139216
326.90643567139216 326.59203657222093
326.59203657222093 325.2278284929175
325.2278284929175 325.9016800356227
325.9016800356227 327.11298376806053
327.11298376806053 327.5926863846968
327.5926863846968 328.74614091936337
328.74614091936337 329.23402286197364
329.23402286197364 328.78059137350243
328.78059137350243 328.28501574880113
328.28501574880113 328.6080401585816
328.6080401585816 328.26529009411905
328.26529009411905 327.5341379547016
327.5341379547016 328.2874304725857
328.2874304725857 326.9939056681025
326.9939056681025 326.1722952650523
326.1722952650523 325.6776529968139
325.6776529968139 326.1769866206119
326.1769866206119 327.537838926081
327.537838926081 327.49396892545417
327.49396892545417 327.53255481393495
327.53255481393495 327.34494113562755
327.34494113562755 327.4576935310991
327.4576935310991 327.4035734690999
327.4035734690999 327.65549863214983
327.65549863214983 327.06281328114585
327.06281328114585 327.26292322546493
327.26292322546493 327.1068269869118
327.1068269869118 326.3330984567262
326.3330984567262 326.63004507419527
326.63004507419527 327.3918109512937
327.3918109512937 328.55792857862616
328.55792857862616 327.65471369466394
327.65471369466394 329.0833652735874
329.0833652735874 330.1759633288231
330.1759633288231 329.7918692028169
329.7918692028169 329.14710217419645
329.14710217419645 329.7419674089783
329.7419674089783 329.3881000790075
329.3881000790075 328.5448470467307
328.5448470467307 329.1020991745346
329.1020991745346 328.7906702799538
328.7906702799538 328.49271389118894
328.49271389118894 328.52889119106345
328.52889119106345 329.44492894022505
329.44492894022505 328.2105161179573
328.2105161179573 328.94964899330074
328.94964899330074 328.91468526652085
328.91468526652085 329.63130559474985
329.63130559474985 329.579645988763
329.579645988763 328.1010497264869
328.1010497264869 328.2706467376691
328.2706467376691 328.58657859169057
328.58657859169057 328.6669343935157
328.6669343935157 328.4187864879232
328.4187864879232 327.0966551558145
327.0966551558145 328.3378596978819
328.3378596978819 328.06476892643826
328.06476892643826 327.98341683857865
327.98341683857865 327.74666238903245
327.74666238903245 326.7951756649437
326.7951756649437 328.4338161796712
328.4338161796712 328.21045810952336
328.21045810952336 328.71474886188656
328.71474886188656 329.034220315184
329.034220315184 328.9889186874402
328.9889186874402 329.4064717983301
329.4064717983301 329.6467944872939
329.6467944872939 330.27185922439355
330.27185922439355 331.27548080494853
331.27548080494853 331.63176364115157
331.63176364115157 331.36780780325154
331.36780780325154 329.9021382994129
329.9021382994129 331.08501096051157
331.08501096051157 330.7093350969366
330.7093350969366 330.4154676233752
330.4154676233752 330.05222717692084
330.05222717692084 330.008620642233
330.008620642233 328.98485896250344
328.98485896250344 327.38348414870103
327.38348414870103 326.3859794928055
326.3859794928055 326.4771225907725
326.4771225907725 326.4288832233436
326.4288832233436 326.58373685472344
326.58373685472344 327.0485115550405
327.0485115550405 327.4016701737002
327.4016701737002 327.446788084258
327.446788084258 327.75388035768344
327.75388035768344 327.97024793495757
327.97024793495757 327.19834863227226
327.19834863227226 325.85969553165546
325.85969553165546 325.5231449228338
325.5231449228338 325.3417662868959
325.3417662868959 326.043599695401
326.043599695401 325.1772945202566
325.1772945202566 325.23668266193516
325.23668266193516 324.61650458083983
324.61650458083983 323.0968619154516
323.0968619154516 322.7186211201421
322.7186211201421 322.48663344317976
322.48663344317976 321.7596200892489
321.7596200892489 320.31367207137396
320.31367207137396 320.58680247748583
320.58680247748583 320.48618313746414
320.48618313746414 321.49403348424397
321.49403348424397 321.55074810699097
321.55074810699097 322.64191033210324
322.64191033210324 323.2042781494762
323.2042781494762 323.34758053027826
323.34758053027826 324.35829805432724
324.35829805432724 325.088204576218
325.088204576218 324.3642682108588
324.3642682108588 324.7333888978108
324.7333888978108 326.25917785053264
326.25917785053264 326.2072830603052
326.2072830603052 326.1157538066302
326.1157538066302 327.4909613418801
327.4909613418801 327.0653539919967
327.0653539919967 325.4814176665224
325.4814176665224 325.8808628201148
325.8808628201148 325.40133702459804
325.40133702459804 325.757389823876
325.757389823876 324.48027200474417
324.48027200474417 324.5932372190097
324.5932372190097 326.00058235544685
326.00058235544685 326.26253314667383
326.26253314667383 326.9515512280298
326.9515512280298 327.82559236694357
327.82559236694357 326.49767183167415
326.49767183167415 326.0728269918114
326.0728269918114 325.6881072282657
325.6881072282657 324.9784573269622
324.9784573269622 325.22730601655917
325.22730601655917 323.90757281296993
323.90757281296993 322.4554872041915
322.4554872041915 323.3847603095038
323.3847603095038 323.32146157682604
323.32146157682604 322.70553784901824
322.70553784901824 323.81964040304007
323.81964040304007 325.2793092835008
325.2793092835008 324.73743782319207
324.73743782319207 323.772722334335
323.772722334335 323.61760113536525
323.61760113536525 323.16485989715056
323.16485989715056 322.51962355898064
322.51962355898064 324.085856806189
324.085856806189 324.0042204378297
324.0042204378297 324.07319076852457
324.07319076852457 322.9360830044669
322.9360830044669 322.9974537180627
322.9974537180627 323.40863957838775
323.40863957838775 324.9557457712121
324.9557457712121 325.25074642689293
325.25074642689293 325.05707246158573
325.05707246158573 324.81836557498065
324.81836557498065 323.6448253566297
323.6448253566297 324.14158816227945
324.14158816227945 323.8221142592858
323.8221142592858 323.1457160991719
323.1457160991719 323.74843224800463
323.74843224800463 323.85923609701285
323.85923609701285 323.0356546485623
323.0356546485623 322.39324619372366
322.39324619372366 323.12467567568507
323.12467567568507 323.8953339030479
323.8953339030479 324.5320642519553
324.5320642519553 323.14663191147946
323.14663191147946 323.3525059358958
323.3525059358958 322.0532866593312
322.0532866593312 322.4146854089385
322.4146854089385 323.5927477018301
323.5927477018301 323.9371103832391
323.9371103832391 322.38855533007023
322.38855533007023 322.95606515653026
322.95606515653026 323.55305732290174
323.55305732290174 323.49514373797456
323.49514373797456 325.0168242929289
325.0168242929289 324.2886055211562
324.2886055211562 325.3266847100634
325.3266847100634 324.6033336395532
324.6033336395532 323.54014778232363
323.54014778232363 323.7143720785542
323.7143720785542 323.38206917310123
323.38206917310123 324.30551648124384
324.30551648124384 324.3959034828433
324.3959034828433 325.79531010915275
325.79531010915275 325.6761147543107
325.6761147543107 325.7497346943398
325.7497346943398 325.14430056844793
325.14430056844793 325.10568843172325
325.10568843172325 324.7235557851613
324.7235557851613 324.637399504908
324.637399504908 324.3578256233133
324.3578256233133 324.1560704999666
324.1560704999666 323.98602905637256
323.98602905637256 322.7447749296799
322.7447749296799 323.1122179875694
323.1122179875694 322.97097953634653
322.97097953634653 324.17734536189613
324.17734536189613 323.49546476013836
323.49546476013836 324.5577648451881
324.5577648451881 323.71774502162884
323.71774502162884 323.63484831039926
323.63484831039926 323.94313903862445
323.94313903862445 323.910627472165
323.910627472165 323.4482101549555
323.4482101549555 323.4098192170531
323.4098192170531 323.02185886184344
323.02185886184344 324.0421302498869
324.0421302498869 324.57965517368325
324.57965517368325 323.95004195308144
323.95004195308144 323.9087023919215
323.9087023919215 322.87131015776174
322.87131015776174 322.97892979493355
322.97892979493355 323.8367512652051
323.8367512652051 324.7973862351463
324.7973862351463 325.136981176094
325.136981176094 323.6843554788021
323.6843554788021 325.19900393787714
325.19900393787714 325.13259938651413
325.13259938651413 325.6958170864016
325.6958170864016 327.2145188749256
327.2145188749256 325.93436306008743
325.93436306008743 324.44162483669027
324.44162483669027 324.40760491861585
324.40760491861585 325.97327104494883
325.97327104494883 326.86459064771526
326.86459064771526 326.63574131305745
326.63574131305745 325.86015022118136
325.86015022118136 325.5268474880894
325.5268474880894 324.2401380584754
324.2401380584754 323.26028807591894
323.26028807591894 323.4075583814262
323.4075583814262 323.4886650014508
323.4886650014508 324.1927182583531
324.1927182583531 324.1514840971626
324.1514840971626 323.93712088826834
323.93712088826834 325.39749791378046
325.39749791378046 325.3076535027109
325.3076535027109 325.21620854806855
325.21620854806855 325.05832672129696
325.05832672129696 323.7039708639256
323.7039708639256 322.0719831348381
322.0719831348381 322.1268890063919
322.1268890063919 321.8919339218854
321.8919339218854 322.43185185015966
322.43185185015966 322.2546711787577
322.2546711787577 323.2155862329757
323.2155862329757 324.3684083786256
324.3684083786256 325.36793460196964
325.36793460196964 324.75414802700504
324.75414802700504 325.1590140637059
325.1590140637059 323.5928008513783
323.5928008513783 324.1923025753312
324.1923025753312 325.42313428880453
325.42313428880453 324.03814470963454
324.03814470963454 323.27443078240384
323.27443078240384 322.4614754882958
322.4614754882958 322.6912804630023
322.6912804630023 323.35960480286155
323.35960480286155 322.3967196503091
322.3967196503091 323.0701374623604
323.0701374623604 323.6565804800702
323.6565804800702 324.3674283446405
324.3674283446405 325.14561518329054
325.14561518329054 324.6784368438615
324.6784368438615 324.6362604567072
324.6362604567072 324.41749881528295
324.41749881528295 325.9271350258187
325.9271350258187 325.3585500141392
325.3585500141392 324.1855362888187
324.1855362888187 324.4491962076858
324.4491962076858 324.4847001828372
324.4847001828372 324.7612834861651
324.7612834861651 324.8300409824389
324.8300409824389 326.1499564957219
326.1499564957219 326.75427654676963
326.75427654676963 325.56083121233
325.56083121233 324.84759458312897
324.84759458312897 323.2331716265482
323.2331716265482 323.403717477477
323.403717477477 323.27265389471233
323.27265389471233 323.3134174791015
323.3134174791015 324.6567711398261
324.6567711398261 324.6056636953354
324.6056636953354 323.8083921982002
323.8083921982002 325.04651542875445
325.04651542875445 323.869571062411
323.869571062411 324.9662659991092
324.9662659991092 323.70874818136986
323.70874818136986 324.3453457373269
324.3453457373269 323.3211358133222
323.3211358133222 322.55567971080967
322.55567971080967 322.6419310009158
322.6419310009158 322.8357449829957
322.8357449829957 323.43072253002117
323.43072253002117 324.3257306387185
324.3257306387185 324.089987808244
324.089987808244 325.07430030996943
325.07430030996943 326.2862730427814
326.2862730427814 326.78641519092383
326.78641519092383 326.73534683897583
326.73534683897583 326.8952543412749
326.8952543412749 328.11271697149624
328.11271697149624 327.6009192749295
327.6009192749295 327.8927404188941
327.8927404188941 327.84987717126785
327.84987717126785 328.0392095419167
328.0392095419167 329.1670642300271
329.1670642300271 328.3201708259458
328.3201708259458 327.79019420473145
327.79019420473145 326.5187481531041
326.5187481531041 326.6324716446765
326.6324716446765 326.44102618686327
326.44102618686327 326.47388223202086
326.47388223202086 326.50773823183164
326.50773823183164 326.88583892194634
326.88583892194634 326.1056474102824
326.1056474102824 326.8352742230902
326.8352742230902 327.1855156279275
327.1855156279275 327.6230456659442
327.6230456659442 326.39405341517573
326.39405341517573 325.3953766653541
325.3953766653541 324.3597896240741
324.3597896240741 325.2508836906514
325.2508836906514 324.78681392006115
324.78681392006115 324.731757322805
324.731757322805 323.83371695731836
323.83371695731836 324.9582970941514
324.9582970941514 325.7911992283628
325.7911992283628 325.9159814219395
325.9159814219395 325.9838382673514
325.9838382673514 326.90636252020136
326.90636252020136 328.1905006101783
328.1905006101783 328.667551906457
328.667551906457 330.2387526642606
330.2387526642606 330.13663361015824
330.13663361015824 331.05981394665645
331.05981394665645 332.0661507540029
332.0661507540029 333.2526737759088
333.2526737759088 332.0052260533489
332.0052260533489 331.6734568723854
331.6734568723854 330.3754411251737
330.3754411251737 328.83797175329113
328.83797175329113 328.4758639152662
328.4758639152662 328.2822801839051
328.2822801839051 328.04597073192247
328.04597073192247 328.8421279251988
328.8421279251988 327.50833187629763
327.50833187629763 327.1874187867012
327.1874187867012 327.3959067959416
327.3959067959416 327.5012224440842
327.5012224440842 327.9002135966577
327.9002135966577 327.9780317073145
327.9780317073145 327.7861577613498
327.7861577613498 327.35758901310317
327.35758901310317 326.5291395431931
326.5291395431931 325.9214617253661
325.9214617253661 325.8652404406687
325.8652404406687 325.3282241282962
325.3282241282962 324.67904302718125
324.67904302718125 324.51534796049594
324.51534796049594 324.8222006220701
324.8222006220701 324.78554172516476
324.78554172516476 325.5329792681017
325.5329792681017 324.7275391061416
324.7275391061416 324.5033080063767
324.5033080063767 324.4503573538928
324.4503573538928 325.42722625233546
325.42722625233546 326.0999944125266
326.0999944125266 326.3811102139492
326.3811102139492 327.77044184041233
327.77044184041233 326.95309198347604
326.95309198347604 326.72320408621806
326.72320408621806 327.82768970184827
327.82768970184827 327.88533603999326
327.88533603999326 328.27934691919296
328.27934691919296 328.0740879259111
328.0740879259111 328.3120180015539
328.3120180015539 328.654136488209
328.654136488209 328.4751013200793
328.4751013200793 329.31926093281777
329.31926093281777 328.49319953939766
328.49319953939766 328.6397421813155
328.6397421813155 328.2670187932589
328.2670187932589 328.5757301546751
328.5757301546751 327.81715761221625
327.81715761221625 327.43979572713215
327.43979572713215 327.64321143900673
327.64321143900673 327.6841874734578
327.6841874734578 329.15152116762056
329.15152116762056 328.01109574061553
328.01109574061553 328.7491622180796
328.7491622180796 327.41942825022414
327.41942825022414 327.3155233635761
327.3155233635761 327.4831019951653
327.4831019951653 328.2407681127623
328.2407681127623 327.438717249291
327.438717249291 327.4044980252252
327.4044980252252 327.35256020191355
327.35256020191355 327.2255760485975
327.2255760485975 327.12296632079835
327.12296632079835 327.9432376495244
327.9432376495244 327.250060557136
327.250060557136 327.28310815600565
327.28310815600565 328.5747890875282
328.5747890875282 327.30205074900005
327.30205074900005 328.42036210751905
328.42036210751905 327.4033927046617
327.4033927046617 327.44174866247783
327.44174866247783 327.5178246433884
327.5178246433884 328.00852931467733
328.00852931467733 327.7183442824915
327.7183442824915 328.9819980151692
328.9819980151692 329.0307577632792
329.0307577632792 329.73875103163647
329.73875103163647 329.0496001738359
329.0496001738359 330.2574071883603
330.2574071883603 329.9703364203279
329.9703364203279 329.6398386392604
329.6398386392604 328.06663890235546
328.06663890235546 328.57658191150347
328.57658191150347 328.7328111899005
328.7328111899005 328.84059718208493
328.84059718208493 329.0533325732226
329.0533325732226 328.90919702038667
328.90919702038667 328.7531440848415
328.7531440848415 328.19839647583643
328.19839647583643 328.1115560874695
328.1115560874695 328.94057775982617
328.94057775982617 328.4881051689071
328.4881051689071 328.71288194152265
328.71288194152265 328.67520917006067
328.67520917006067 328.8906352389255
328.8906352389255 329.77587996450393
329.77587996450393 329.51718865185705
329.51718865185705 328.86881264236723
328.86881264236723 327.22646717385186
327.22646717385186 326.68180256481907
326.68180256481907 326.22027676944924
326.22027676944924 326.3562778078558
326.3562778078558 326.4342793187091
326.4342793187091 324.9880648773958
324.9880648773958 324.7005084458129
324.7005084458129 324.6351665029314
324.6351665029314 323.85314627629225
323.85314627629225 324.00167593556307
324.00167593556307 324.9132640784357
