4 0 0.0 1.5499999999999998 16331.728462503637 2.55
323.0346410206577 322.37053712285956
322.33728148090546
321.9175478580325
321.00690216987107
321.0832083896101
321.0305414365942
320.10975519948136
320.0597402793576
321.00937217049625
319.5228998069366
321.0175931811671
321.1382304243603
321.87851840898327
321.60522846544325
321.42869435474836
321.21868014835894
320.6172664437313
321.37372841812777
320.5137863084976
320.8584247954569
320.3090236946183
321.51574412420473
321.64725741461024
322.403839721948
321.5242395362091
323.07896929785267
323.36163000208415
321.73618849153434
322.65107964617084
322.8911158150141
324.2319019684568
322.68008020089655
321.81622446192017
321.3278560424274
322.1829666886983
323.1562768489377
323.0014761239027
322.3224680300257
321.5976339690816
321.84712336597727
322.28627178954855
321.97656077290327
322.82930572456223
322.70583707785266
322.8079149693375
322.2103067911732
320.7876086850984
321.0711168904063
321.1861045072345
321.4076713287703
321.37389228673396
322.68562108276166
321.37755501009053
321.6341201141185
322.02513816865485
321.53008311598353
322.57485332985254
323.70259547366175
323.35929911163754
324.0187922398326
323.65570780624654
323.5909948072181
323.0652062667061
323.63810817497813
324.99709964608735
323.34297623253684
324.33744542843306
324.1307817303013
323.84401955246335
323.7213518018206
323.5337927192027
323.1297406457833
321.69599393346806
321.57244851292694
321.62403295253944
320.94378183125434
320.7522846043541
320.8026240583985
320.74940757453925
319.7917745319098
320.494932878183
320.6446823855758
322.20142683027643
322.2572621339913
320.71526273222025
321.7507876145122
321.6814772520034
320.58477229869925
321.3030640089439
322.76379784025363
324.13976013058397
324.2797850998771
323.8083591789483
323.86426513420577
324.6330216760262
324.3342495339994
324.2070455383143
325.75271923984985
324.8570460477184
324.7752606975904
323.7888235166218
323.64771921998886
322.82924305272104
323.2775738056695
322.21538269347525
322.38400375165105
322.7138355053305
322.20282016023583
322.1637735967882
323.288872401342
322.8940376725052
324.2602120914512
324.2933395555586
322.7488674862633
323.9395678587967
324.99652066590204
324.1525546344985
322.59121564777126
322.6503478874486
323.89185157214393
323.1673162049784
321.81743006308676
321.74149459884626
322.6750753263088
322.9379184879498
323.05319072205714
322.75050082052655
322.90021386428043
323.03196234677677
324.50490037346185
325.6074577332139
325.01502998087483
326.11697403258233
326.0042200164432
325.7409891501285
326.8584020420715
327.37134502899727
327.2311787572267
327.1922212843901
327.65003967428845
326.80422043163145
326.30539171556165
325.97625146680116
325.7366402806524
325.6760974724283
325.1239092243732
324.97903198277214
325.6843106029164
324.701103975734
324.4448178723196
322.79594881347106
322.8941302679251
322.2179943910604
323.76266047241535
323.7045815410527
323.6022230698314
323.3460011017553
322.96360328270106
324.31034172518554
324.0836592442061
322.5290773125148
322.31468711994216
322.2384941575658
320.6733465968176
320.8088521473702
320.4753400237927
320.40227804824343
319.0497481951206
320.0477017467865
319.3950491700505
320.79526889563635
320.6221480683141
321.71276531333666
322.82664910001876
323.8232390754305
324.1560815218464
324.2492522722902
323.4516243935043
323.0730240793142
322.6175064373503
322.2502197520929
322.6808617796611
321.7846496671245
322.5641709936195
321.85463516214986
322.98677305750397
323.4448169574003
323.99964704662403
323.11438733494117
322.08319027255175
321.03762567072823
320.80873451868894
319.31377036987294
320.2177716980513
319.3854790722523
319.50485599287697
318.16757639453255
319.73485091679817
319.82804097730053
319.66378868702037
321.26060558007117
322.34767877682293
323.0174163866171
323.7178828120303
323.7661582147003
323.6529486118828
323.46103525441407
323.5488305401833
322.0434665936449
322.09811515704524
322.36341557558495
323.7937226456023
322.9468403452716
322.98600376274436
323.4745097996935
324.010124139642
323.5586523587427
323.26776838509267
322.00131204262084
322.83972517638614
322.2760756385192
323.80772382118874
322.5391927594214
322.1329926702878
322.858669280867
324.00040223233674
323.76726560839626
323.6193500680109
323.57568990853156
323.1952450580756
322.2246402132436
323.7342050286437
322.36641565249073
322.13975975625783
320.70120950216807
320.0692409444332
319.11730992406126
319.92783579293695
319.4332861099995
320.05086452582026
320.66277915822786
320.98506077965976
321.78045337900346
321.2583556253225
321.35812989693966
322.4974733998767
322.5815402758659
324.20196896621746
324.0391666410148
325.6703834442883
324.5275851992157
324.3886091170854
324.4600869133118
323.3349294822781
322.92215601703003
322.5811426735922
322.20685275673384
321.49196918730553
321.6350471358683
322.6703100565413
323.6418145803972
322.2029534094784
321.89375708833944
321.95280607209713
322.0623628335834
320.76660303250696
321.18181068874276
322.3227979464941
323.6681827802982
322.79490524334125
321.62740334236025
321.8504467411537
322.2310520348058
322.061172031782
323.0069186859238
321.98824765045
321.1704604942869
321.2870802684859
319.91462953877704
321.16843710140984
321.81935424689345
321.2832284761383
321.1555299008725
321.5634742596576
321.0470651748039
321.2334613457771
321.2933177187177
321.32945726748403
321.90563297140204
320.60048091711957
320.26988383235965
321.15119786101695
321.841460865844
320.51058416684646
321.7669552345751
321.8969786256265
322.14773143460064
323.712100160381
323.6032024011823
324.2390943021815
323.97988880348174
322.47445740981897
321.2013103349821
321.6571265822884
320.58023701275044
320.5171086690867
319.8882151639227
320.37064967811517
320.5119374710692
321.20521121280643
321.2389430737306
320.54624558392203
322.1565722491961
321.52825794762964
321.7470272024679
321.9004967040109
322.1279446400376
322.40206559653916
323.369308610496
323.0368122421203
321.74000763394525
320.6240259520341
320.3887395440441
320.9179257094624
321.2432490793608
321.2025125285442
321.7691734959976
322.34261448863407
321.38538998437804
321.54172673956936
320.55307023934427
320.1045454358687
320.86849832242086
320.95008851330357
321.86015444011707
322.8974532284355
322.38494944900384
321.08717997656214
320.35959049017924
321.212927962967
322.7031318874985
322.1449370281152
322.4520096804063
321.94861615098074
320.4905678667093
320.0810423823326
320.5009074919643
320.3905018397949
321.33544803907193
320.4352471182035
320.7156115540441
319.4527468694534
320.40920409595395
320.5078894727473
319.3024094414762
319.48228847176927
319.76785010623627
320.0416375790784
320.31069497768175
318.8651279549516
319.79535075507226
320.8815840878159
320.9169815452877
320.95102465301164
320.8807051036592
320.12180341591045
320.9613819498784
321.5260413833878
320.74357263092134
321.8763679146422
322.76858183700944
323.2382450008369
322.72506038347956
321.65288061407966
322.2519654785724
322.8587181649787
323.90002201674525
324.28664282458783
324.18563306925427
324.6747383590502
324.63574467204614
323.2984349929721
324.2743103787188
324.0259224070076
325.01072119199904
323.6310465849398
323.20927809643524
322.9125151270253
322.37122244841754
323.8672634136808
323.75458846235546
323.7154868164964
322.56054563096717
322.79666658984013
321.9834855887397
321.7992228182641
323.36106243709065
323.5640879006569
323.524201879121
323.5768826787636
325.1047314834547
326.2389461150971
326.96895856624906
328.3920129936921
326.99133603819286
325.79133245049655
326.1070662483586
324.4600031713557
323.79609880155436
325.34870949018824
326.943001679666
326.8716982845854
325.2492895426691
325.6210491106354
325.1588824299567
325.1258720754327
324.32100482018797
323.91959605697747
323.7963869130261
322.71060453828096
323.99499373575827
322.61206779595227
322.9407356872392
323.03961112727
323.07418106727783
323.3566612122379
323.672705571551
324.1097876337794
324.1683943939942
324.1312838355354
324.2923005255269
324.45062800134644
324.38294362214543
325.313460715041
326.7880652164128
327.8903504378417
328.350865386034
328.5817345660582
329.03506028297653
327.6912318466295
327.73974802853223
327.70337062720307
326.7931553402538
328.0933415016988
329.11961261920806
329.35481911346295
329.5267780098337
330.01751585062874
329.7849778227931
331.1361020492685
330.51248104895393
330.72874345688535
330.41619547588925
329.3802297445742
328.044385373802
328.60797231315775
328.0593861632487
328.5538229506818
328.4745125148175
328.9008444955521
328.6605182246974
329.58454883324475
328.6240639370657
329.9420935014285
329.59005394117054
329.5378344256699
328.77734876332227
328.88928290339055
327.67249451005245
327.9979490732787
328.2037425120558
326.59589564752525
326.63679207863896
327.5895289951787
327.7693614486085
328.42051976558787
327.12435991100966
325.9344302850377
324.8719416664573
325.1268598212552
325.35604397628083
326.03228613396914
327.15570275798956
328.183500803683
329.30286245720873
328.3757586485102
329.99700143388077
330.3204961136608
328.81361955618365
328.8621961112365
328.65746422129683
328.71934005106374
328.6530972145027
329.10854066740353
330.13959788211804
331.38341333892697
330.68996137280527
329.3157618530453
328.7179994442564
327.06038736062516
327.004812953024
327.76491806747936
327.20626756249817
327.26921518066547
327.30252418482695
327.0384080887683
326.940052479439
327.00175130780974
325.87607108639827
326.3760786522383
326.47781429207606
327.56233376657235
327.6118870524132
327.73347157877276
327.77644211358097
329.0637617354631
328.1711698820236
327.9656923081302
328.9137152258914
329.0564795635894
329.7607886740521
330.209519633751
330.17169619653083
330.20619293719244
330.28629266365857
330.7560244735567
329.8597378128482
328.60508507545904
328.8838788545723
329.96604649686066
331.5549138194752
332.4327212148807
332.5886795626871
333.34263164488283
334.2000994017332
334.8501051215631
335.34026142693256
334.12883307229407
333.30690567616585
332.0959165973504
331.8291432746931
330.25916253735096
329.7248858657008
328.88928577098716
328.128090045402
329.6381764491234
329.49518261367444
328.33921923868456
326.89596930722826
328.35278586003125
328.89191639436046
327.3878796447495
326.07155502695855
327.3010711235583
327.79484056859155
328.6416809671088
329.51368317669323
328.86659844324197
327.42486291759485
328.0549427631778
328.30199947527916
328.39180999313
328.5779519655973
328.7041788010649
328.8813408560638
330.02325779288674
329.977007187188
328.45123948862397
328.5923658951138
327.96194546152793
328.00898521392185
328.7862337611581
329.3304368802609
330.4481944405946
330.31118246217704
329.93723839453247
329.5305627510372
329.47456497491356
329.32654440692835
329.268363764713
329.47866139257064
328.85847374822384
327.59023848782726
327.3816607490109
328.19450097061286
326.9058178441817
326.2530772711438
325.71485225400494
325.86827205025855
324.9949887301819
323.9283503580711
322.4517657402765
322.51706963678754
323.8268242854606
325.0260314504441
325.8368561607184
325.9182312984564
326.29543998070557
326.2359037159422
325.8811569802266
326.33014396348256
326.6355561636732
326.7741546948976
327.1013556051422
328.0906950531376
328.8735673556874
328.32429199863486
329.7234871245523
329.5505522512945
328.5140220143688
328.00575010856716
329.01794177342293
327.7633543162924
326.9483601083751
327.08517107587517
326.0814582248378
326.0024381856855
326.7543348599562
325.77165638558097
326.9719170956425
325.3159271739167
325.8079268053892
326.7090756145723
325.80492407268474
325.8493022380489
327.38343258728963
328.9214520007055
328.6346450125664
328.55375914811657
328.0030007566929
326.7125616222502
325.9764546956178
327.3604539796875
325.9801959221899
327.12613314322266
325.47796673056706
325.57504034608456
325.91986291516537
325.069689698359
325.7363103018038
325.8192623620875
326.2180904930008
326.90927629486697
327.25268554912725
327.6509998138747
326.9787330541594
327.5898710184636
327.2756167550192
327.55744100851723
327.31487589915696
328.24463276793074
327.66906362395787
328.33559091525905
327.4335106507407
328.0838909779444
329.2540375268992
328.66827096477516
328.0548649829353
327.0719987332291
328.36526980993654
326.9577730487493
326.88095477979147
326.8452222575257
328.27080106072566
327.5695705546412
328.4735954825486
328.42368221627214
328.29300433374436
328.200587002616
326.6231769634636
326.32105849163923
325.1989236600818
325.3450123836873
326.55299799701015
325.0634039385675
325.94440404167835
326.63845663955226
327.2043838299837
327.77557717666895
326.8687491538239
327.14437813744144
327.80548425215403
327.1875066269664
326.94428980005523
326.7152424134354
325.616497245038
325.3438614264072
325.6641730133936
325.79700845800903
324.23254279333355
324.62145586812545
324.7495562789703
324.8710139805144
325.40837561588444
325.5163433869049
326.9282229412556
326.0797983860078
327.58582664430884
327.3104848784295
327.6775678485509
327.3717157079996
326.01115044038386
325.19137901713776
326.368792039271
325.6459759289638
325.3544716188563
323.8042692329447
325.1253809060668
326.39572175606924
326.588526595259
326.7293717647371
327.2804509566862
325.91613937240123
326.2163236633604
326.3517557578982
326.4163350377281
327.74582362380033
327.59435558298236
328.29546246952657
328.72921280624564
327.20556786216497
326.7370668575397
326.1456366727341
325.5360854336084
325.4831248025135
325.1968479765447
325.27063415310647
326.5396539173022
326.5738038072627
326.2782248482094
325.69099999729264
326.2743881767062
327.0283264116981
327.4187531911083
327.90908451439896
328.0221148779219
328.23805288236105
327.24051902437526
327.316728178024
327.86531601050064
327.0852215301703
328.60601260635593
328.4128203608042
326.8471068438306
326.7946887879324
326.48796727013865
326.4014029037078
327.9480249948566
327.8757242852447
326.30916500332785
327.2659597118843
327.15235169384914
328.1096589838346
327.69223884354534
327.6278712328717
327.4702866957196
327.42982490663553
327.17695677912053
327.1257231513961
327.08220986627447
325.60987902905845
324.94423226406997
325.0861465175514
325.3052289779726
324.6573710459376
325.15375298305634
324.82574819962514
324.99219853319437
323.373049718493
322.74352724983356
323.13288959126294
323.2079342088261
324.57730973916745
325.32784824226775
326.62625427905334
326.91600270209483
326.87567975338874
326.8216275734917
326.1625161835835
327.6047536698398
327.4931392445551
326.1398702735817
325.04626546456007
324.9907355101334
325.9198261391585
326.6661111987298
327.241648424151
326.81439971454574
326.25660764302995
326.781044158829
327.4766248259833
328.64252158840515
328.91075355445577
327.7527611033799
327.71304478517095
326.81760662295676
325.188444677296
324.5422422711364
325.57492469363876
325.00904508418614
325.13564652304666
326.5293323726214
325.2260408186814
324.6706465078582
324.76774803806546
325.32379505781387
325.2648904308414
325.42781843909717
326.87195729842153
326.1039047013943
326.9828382180304
327.4457441169482
327.10033429550447
327.14192307854563
325.5020159289525
325.8333423675956
327.0625767298852
328.6949194680069
327.8098940159748
326.60322575724643
325.1431773917321
325.0835623294099
325.1975163183517
325.49723129874474
325.41157412661477
327.01512157910776
325.5089286141088
324.82468146832923
326.44462833835485
327.7890335103461
326.71558851685904
326.7793543427018
328.0022657865412
328.8560052031192
328.3626364941224
327.46509973817905
328.44614666513587
328.154541774013
326.88687325203455
327.24415069152053
328.7438102163722
327.7343682675756
328.2766195591885
326.82004733128605
326.01487483743006
326.0588351016332
326.1569186348843
326.75371363324746
327.3937222168425
327.55881359669104
326.44337257880716
326.60044294585157
325.3604230600495
325.3956128853661
325.43035469661766
325.6778047249476
325.1291398936755
326.5078847088486
325.4004016353638
325.5826629758532
326.8729773213274
327.81314039365435
328.00340956781776
327.1130550653824
327.47749039645413
327.6794230041494
329.0391574127679
328.68881748155235
328.14908492647555
327.7768553061069
327.35584291671313
327.3097744429014
327.84141792828007
326.482741456376
327.5406460960597
326.5901509395636
326.4734351194881
326.0483161633531
326.3228860912935
326.3718396209467
325.56556915462346
327.12610603854125
326.81089880658334
325.47842309559934
325.408944412769
324.0803075449604
324.3305486683385
324.0878810722063
325.24814469144434
325.09549677312094
324.5120204595489
325.83311771829295
326.66908317162347
326.6361288074872
326.1144304794941
324.90426743253886
325.81728588429235
324.68473001366823
325.982113562057
326.31947345124513
326.28651508941766
326.6717304146581
325.92001210305
324.7770435042661
325.3531384890065
326.02806123698196
325.62229895308576
325.7034638052719
324.36454526002143
325.36507585606455
326.3338802780587
326.75253219653985
327.4998775409877
326.10038887350447
324.83924164567765
324.9212071918502
325.05429215228935
324.2292807901221
324.55270768288807
326.05432095328337
326.67504387554834
326.5354024457984
326.40500167215123
326.00870214260584
326.9505048229521
326.729420137998
326.82992418199956
325.4886752791304
324.18056174406564
325.44659642206153
325.79216223345776
325.52116502866073
324.09836169581513
323.7409303427368
323.4436422646754
322.0829744480582
323.40140354053983
323.92371525288837
323.99109256737006
324.0481221147396
324.1465243973923
324.18287933917895
322.872225108313
324.2118044480431
324.2463105668443
324.7123410092185
325.53787328537913
325.9736575048533
326.9587684234007
325.51627196690663
326.4747046114657
326.4411308272648
326.2982222803988
325.6761821697272
325.6173837181511
324.12595170271396
324.93433933219893
324.3124284606345
322.9831524062752
322.95085097230316
322.7200026184121
323.2547319290601
323.46601577456966
323.88217039541576
325.12308386450167
325.2251870694502
326.71835379896794
326.9114731345588
325.28168876093406
325.33330335017706
325.0540196452482
325.99811019238643
326.16257605001346
327.53240499827854
326.5215988477458
324.9071654613095
324.54193548742325
324.4368621459014
325.04147330221184
323.91791128481657
323.88445104463585
325.09612839463284
323.4947152436191
325.0912310924923
326.3854268415299
325.4017099765644
326.8071762628967
325.8816674264545
325.4809379645247
326.3515797459205
326.2870925644283
324.8151151260597
324.4781345384117
326.09940220088725
324.6364224686138
324.0402650560294
324.7198715980532
326.1494512835506
324.6890743911778
323.2780306419329
323.6847708336321
325.0442940414518
325.64114678109047
325.1423778493258
323.58712439366946
322.54430830243257
322.7884901098241
323.6737211429097
325.14618927483883
326.69705747511665
326.1920552437367
327.1531973125189
325.80966712139764
325.4392762644259
325.04651654762097
323.9569828671412
322.57651920863293
323.1284363360888
323.0703747664315
323.6463224869629
324.74306849305304
326.08688833199136
325.5803123833635
324.4137626178179
325.27323058499144
326.5437543425414
326.2834758323516
326.3835060244221
327.4243977435375
326.9091322026237
326.53275334002814
326.49966650562897
325.48003704636477
325.8090338978627
324.3922547947146
324.7708876641816
324.4461813518676
322.92222828082515
322.97626362840174
321.35541490590583
321.42806722849207
321.4606275994072
321.5179515108809
321.8607861305832
322.1992688936128
323.01133163289455
323.35541000187357
321.95912753685224
322.1629948172994
323.78680411500216
325.399973749603
326.62456063098443
325.16969193409534
324.79713213749096
323.99705286551716
322.9563636278905
322.09726340295526
322.53511571522256
321.32096108579117
322.60431509131564
323.6096751079789
324.102098692249
322.87023446079746
323.2217656061144
323.7555170949864
323.9866125550561
324.11601672229324
325.2157420841485
325.1408987421033
325.10825762690035
325.2066982443473
324.40787817985614
323.24170709016295
322.95570127726126
323.1812721576923
323.57153646064955
324.9123076156309
325.1142306801359
325.9747935672728
324.84166851760176
326.25011540032074
327.64798205599755
327.0981669590596
326.8097626663101
327.23416506361275
327.64813647168046
327.03539906024787
326.3553261324496
325.16868790162727
326.5621619003793
328.0667842807792
328.9773504877003
329.0589955519183
329.3046190684869
330.597706800723
330.1066763607494
329.894430446984
329.5092488157894
328.79623496104864
327.18916183925444
325.84460532934634
324.9084841355223
323.64977644217095
323.5227791555538
322.29066004911164
323.59790799743513
322.7232668775521
323.25152804279395
324.3900144103219
323.5484450696215
322.18881471936595
322.54281707042145
323.30516289409496
324.72710856298073
324.7948331775201
324.978532921095
325.40514835115556
324.88578110148444
325.52954599792355
325.18098370579554
325.89079192086575
325.9736470399169
326.45403431929867
326.55021683542753
327.28405470745275
326.50778891509407
325.80451148675434
326.1237053248589
326.9137213106625
327.5647192932919
327.0181736273528
328.02025598837406
326.92121139145934
328.123201955911
327.0040589965976
327.46203451834856
327.23951458402587
328.04456062654737
326.6235660950189
326.92444913673324
327.3686743258521
327.91184375127455
327.55901563959463
327.5260242209294
326.63761943154515
326.40837385106573
325.0570989826026
324.0720743696363
325.20944374072485
325.54796836083307
327.08297292578163
326.66459887467465
327.006257818186
326.04543235965343
325.79044221384123
327.432890419091
327.39008071301953
327.98732123352903
326.9579995180406
327.1170328456542
327.44705718479037
326.7067078671176
326.9015279628818
327.0956572997239
326.41669610564253
326.50389220628057
325.5633867143386
326.96824424270517
327.3749519325055
328.79272263606384
330.4677591933916
330.1596326162693
329.0188351908004
327.4059266610677
326.3553195295857
326.57765489199414
326.62361465162644
326.51231216246856
328.17327359421773
327.96169391205245
328.9100478008894
330.3668938433768
330.50832607031236
330.39866723213396
331.4243234985954
330.9745370810882
331.0707707918575
330.99170363793195
332.4123324446037
332.36298679401716
332.6385644124887
332.5168179607406
333.1901087423163
331.681134134055
331.3946526084327
332.02929300444936
331.3448473976233
332.95752468975314
331.7453392575525
331.45995288503406
331.8668918012017
330.36637260021445
330.428511623177
330.6892475931472
329.30708210706376
329.5063914797882
329.26970746106844
328.79775137021517
329.1785798080885
329.599610723198
330.7123704683207
331.21627428840975
331.3645350647795
329.9144983591903
331.26739260555684
330.9813889761338
331.0483047009349
330.9796863156667
329.5782461411206
330.86530236628823
330.7621263137397
330.69362873120986
331.1220031500112
329.66772455480185
328.96593528252487
329.09042200479837
329.3921139131357
329.55393227713466
329.9887471982033
329.8956428320112
328.53715569316324
329.99409197373103
330.62473733796793
330.16467570720647
330.31295087922615
330.4191335665287
331.41439152458054
332.17879544479314
331.3147924363123
331.23242394448516
331.18055672184346
330.36523095580515
330.0407487286197
328.99208156302643
330.45764793738573
328.8668026602537
328.83198734001155
328.90025742498227
327.8013416256529
327.6564089501874
326.04434710222466
326.5609341378115
328.1750260827215
328.7780815965849
329.4577293395395
328.6119841252012
328.8686785468602
327.5622584349081
327.6808674094086
327.9174149261701
328.23856127233887
328.1436186487834
326.82489732192516
328.31031529570515
326.65612488786735
326.975916038101
327.71425489129547
328.1264563490503
328.6391477259973
328.9611301316978
327.29556242126574
328.53455347831476
327.4408976439068
328.1412892278334
329.05761956633455
329.1296061005392
328.23929497916305
328.41385077752955
328.69595382795507
329.66155025813845
328.1953600685659
329.82742530245554
330.5585671288102
330.44736108791096
330.28341135175987
328.9378960314274
328.71270875921044
329.0375273991093
329.9552433553486
328.6826747593986
327.619081231187
325.9957282770942
325.4258019506458
325.76614877771095
326.05366892433733
327.25757634707577
326.31509040645625
325.3417555933521
325.7545877835894
325.6767413933916
325.344141547978
324.750692041812
324.4962398729482
323.4280999360217
324.73220133252136
324.7658261459901
325.1885344373453
325.8219628068313
327.33201556587994
327.55340417209874
325.889192982809
326.87171583583853
328.47586626467046
327.6124359359842
327.57007240144833
327.71813304962967
329.0272725864178
327.9472343589212
328.8319636444325
328.71990884941005
328.053907473585
329.62722678194905
329.32270617855727
329.1565805580887
329.02183243083005
328.79109644529973
328.72435011061987
328.67614391776345
327.75138517023083
328.14028241491485
328.20046326224883
329.233291083332
328.59350863486685
329.0170749957457
328.38984080006065
328.2405315001769
329.605912996099
328.70827662113123
330.0136570117632
331.2875315679285
331.3297788409057
331.4003433579894
330.09804919469866
329.2806076892903
328.85371138029205
327.5819843716234
326.4238549398671
324.7681771769745
325.88622209091676
326.7723254303109
325.941964156306
326.3299937009242
326.36603906856186
325.55527214288657
326.4165475993159
324.8928388920693
324.8189025295182
325.2546172452689
326.6780765216858
328.1020333142836
328.9904866491126
330.32859703385543
330.52467535245694
329.81282051174594
328.8844153291617
328.8418774212269
328.738178622618
328.32949946369416
328.6918529207046
327.5937464715768
326.3936354096121
326.28013153616524
326.2237217284831
325.58700760165806
324.6645547103172
324.53468776135406
324.2017629421347
324.0382925407336
323.52545405695946
323.73123836264364
324.30133542450506
325.0673707339127
326.34743709758374
327.10460857686013
326.93710388383596
327.89041718300956
326.83204230568697
327.2615810850869
325.940686756277
326.13221026215695
326.7961554133943
328.3859554608965
327.55999612114266
327.3136474913108
327.6827810237211
327.86553874837864
328.86304943691914
329.2318651116561
329.436063917796
330.34339956662836
330.74427625461544
