4 0 0.0 2.2189249256737096 16000.838266068322 2.55
309.24374084303537 309.1368242824196
309.26999459603945
309.30369674890807
309.69554576512905
310.45780561152026
309.09608201069517
309.8888125485031
309.5855534241026
309.81242890353957
309.8790432658392
308.9797953890006
310.2896494796908
310.4503748402713
310.3194440246839
310.8200831177892
310.45893644042405
309.6308483046009
310.31705671783754
309.8284431604298
309.746342337773
311.3094450106409
309.901145253041
310.122250600841
310.67828994359365
311.1908294568944
311.0478546772186
310.59691071028556
309.75504064037654
309.4672254078868
310.2934435980227
310.13942073746915
309.2374300562472
308.6388829048766
308.582094139788
308.20708933402983
307.5489382395516
307.30578426263514
307.2000457979884
307.31943748319134
306.8022573226159
306.65569186967616
305.38548102375904
304.5675360907099
304.15944270400655
303.28089575470057
303.58078840400105
303.02104855572657
303.08242326542
303.24724829094123
303.284511028919
303.43306688327255
304.5299540889528
304.610504037904
305.14239441685544
305.44330335726715
306.2519905079549
307.3217757694742
308.1548617812663
308.061079520992
308.8176775799272
308.3759591076055
308.4419923518211
308.3942327365507
309.9293947447101
309.32788787164424
308.4701673136722
308.9519265428836
309.01713194836793
310.04409651043113
310.01235447094314
309.6597318481183
309.4189636832955
309.03725620572146
308.7193306967472
308.3799200164571
307.10766458707735
306.86236058585143
305.5128852200008
305.5520513957379
305.03946456077466
304.74098419587597
305.9542365419611
306.9498380761364
308.0638738273748
308.2359488387545
307.94218871421646
308.11613793805464
307.6643263418736
307.1390882248672
307.05350662448984
307.7976213925025
308.75102823503914
309.1157390574507
309.95840845945054
311.1154678393018
312.2791179022255
312.5688359951562
312.95564130362175
313.04646961947543
313.6199390133803
313.6559890381302
314.61178858860643
314.4438292658548
313.18210689461654
311.7380278645235
311.528793412105
311.61885527292054
311.5308651968351
310.302231950676
309.7245373345423
308.23330116000494
308.4139986654163
309.84835161516276
309.3943621623751
309.0182294787178
308.46934208801423
308.50298683473164
308.2839809095721
307.21225202957504
307.38153546613114
308.3844550999016
309.4074482820831
308.50939573054274
307.86808600848866
306.8378730470623
307.87557539641455
308.22843139411054
306.9196195590732
306.27391935331775
306.6924091002368
306.2961709400058
307.7704920055293
308.97588842008093
309.47872761925584
310.42478539296155
311.2547614583894
310.07158806196225
311.3701117429627
311.20426774834635
310.7215375668175
310.774853653325
311.18290309187563
311.5680942502116
312.3675165347579
312.757597840924
313.4321195684219
313.2281334992927
313.80029789460485
312.63632738855796
313.0049543452082
314.42541452262833
314.1400193809388
314.30241246325477
314.7983060893754
316.0696080680093
315.4125714638359
315.85696473083556
316.93657517171243
316.9047260689852
317.9533101133443
319.1311744485003
319.2708879175603
317.76097892122834
316.40925184516897
316.1498445354948
314.92294114596314
313.55473355615715
313.2708047370747
312.3477047301475
311.91496019700526
310.4662668319215
310.58690740975067
310.7605508763636
312.00089016006297
312.5130993555074
313.98726948413577
313.9510284698334
312.4438903416045
312.4793687603267
313.78157136645115
312.40543017883044
313.2891048345594
313.8191992703558
313.22978620736126
314.6161175462891
315.99210482591945
315.09010639251994
315.8360613980759
315.77519766465736
315.45898518782667
315.3175386124918
315.0118009471519
315.29662548521554
315.41905386160386
315.3285520648544
316.60506120924026
316.5328114619073
317.82624000544286
318.6453460282435
317.33842372193396
317.3784248384834
318.7148091764031
319.21452634968006
318.97030964993064
317.996113404468
317.56876653595907
317.26952668475207
317.18996192766804
316.9597983969731
316.46973970853975
317.05652360521515
316.37618582908317
317.8514522116964
316.7037880041108
316.53284245226536
316.3692253532949
314.90998815112766
315.1551718696042
315.03958783732395
314.9911703543418
316.4563031519741
315.3384787134048
314.22106645425646
314.31198265051387
313.46259564239097
314.1598808435319
314.0557395254233
315.3738028150157
315.4997049353345
314.9825129772605
316.57808327193436
315.1863509345407
315.5218945389769
314.25126292657933
315.32260150168247
315.3543242561182
315.4032013191809
316.1137327128359
316.71351915494427
317.49422407178577
315.8848414564852
315.5856733976558
314.9918815832989
313.925666114733
312.7803536946165
312.68155719364387
312.10465854741784
312.9075427884986
312.64171997573254
312.98944263536595
313.4296970849505
312.621349124095
312.53878875780003
312.5925073235165
312.62423756660604
311.5334769953678
310.34517535562003
310.72863657495117
311.8066368959411
312.81245575872526
314.27428627121486
314.87149426771003
314.4367647544712
314.5508453297517
316.05222267047833
314.73052000656554
314.38769208610506
314.18524372068873
315.06083603057334
315.2491509180622
314.34128966931326
315.7393153239186
316.12232834340887
316.03920441590736
315.51227705027134
315.924028950205
315.37804140313006
315.345218935102
315.03045176387104
313.61263054739686
312.83157686985754
312.9777669304323
313.6128758422463
314.8208966279345
314.77837702652954
316.01177882975037
315.1996722028778
314.7972925385076
314.72371736618805
314.6079904557718
314.5083320091435
315.934683460195
314.44470940465436
314.36448695837595
313.7824099757579
315.2168509077292
315.9860741840701
315.11124427750184
315.18927500974576
316.5499051615982
316.6643479345093
317.08334328485114
317.8201132205098
316.83866632367784
316.8008059777497
316.00839331484013
315.46407072713987
316.0979420895756
316.6772281281516
316.8660371984568
318.0051646400464
317.928796894537
317.890018025447
317.84669673880796
317.1069599923889
317.05294343443137
316.3432072361624
316.2242656830154
316.03215540411395
315.9152839329767
315.54437245531363
315.75451335448474
315.72265832725805
315.14123191927234
315.23690460447733
314.5071611877016
315.23179771558796
315.194894605691
316.41390061844385
314.99828980903135
316.1911387332642
316.065838751302
315.78104558078024
315.74162236587546
315.3554401503715
315.4018595136528
316.03904076908907
315.46140458073916
315.37912828712155
313.8373351459087
314.05851272252323
315.0089065624291
316.4798296185311
318.0449924958731
319.18722500370984
319.26305534110753
318.098609238947
318.5156424939809
318.73152195844284
318.5493172480677
319.0481609175367
318.1459821341406
318.4802804455044
319.9383657975405
319.74767658271736
318.87002949289894
319.33397365716206
318.0224280707468
319.1944802419376
319.7736276986835
319.73461306073347
321.2734940805328
321.30758402433406
322.19609959533864
323.1198359904394
321.79775293423967
321.5029930900748
321.40251078987166
320.9279159078209
319.52623774292607
318.96649164113325
318.1528524094653
316.6770760594753
317.2020594536886
316.9847004541875
318.5957160125169
318.33595065272704
317.98523538078314
317.9396448322118
317.85008841581936
317.9022977534704
318.9751763804518
319.3213370893188
320.3539667175207
320.30629876906943
319.32296985094024
318.27641934719867
318.3605253154922
318.24997425666584
317.9975590228145
318.0964061582612
319.5332440994607
319.80175236609847
319.83810538299673
319.56038467212016
320.3411956441568
321.6551872692165
321.25838412771355
321.9936933909709
323.5236426785817
322.9233170936987
321.945518502352
321.63458209562253
321.2860299276273
320.8511264213298
319.8759383982138
319.57131027382366
320.8859485121685
320.0540032015277
320.2518064408563
320.6094341080021
319.7880171871697
320.3263770404844
320.8841249413283
319.5060862082219
318.52798166005596
318.79862868639873
317.90138561170517
318.5810311699261
318.4438811231649
318.9477948835621
317.55000495570715
318.7977483395198
319.1944540987685
319.09048360702855
319.4277132672409
319.5109744543327
320.4335950827981
320.23493485628217
320.2012003328311
321.28926097532656
320.2033597620082
319.75164412548895
318.1558338101723
318.0830706214603
318.34596038695065
319.23676318021427
319.43598719543087
319.5933421872759
319.8997314388783
320.7366980867056
320.31024625802536
321.59854562747375
321.1154065953958
321.1798966640809
321.03372020398456
320.74548298016555
320.4382809000322
321.0438065828092
321.07681286697806
320.6692229167949
319.377040999263
320.6488836960565
321.0036403549733
322.38912392401204
322.263574116306
321.3307748986878
322.6900318298093
321.21686154437504
321.1630912259142
320.42812542459404
320.3636905137323
320.2033208830407
320.35968484673657
318.9597821334475
317.68641201030687
317.57015523108043
318.57173206332965
318.42539121023395
316.8232786720212
315.32438885358056
315.9475500911452
316.4408526635086
316.83818125896454
317.4636238250547
317.8585887188664
318.0553182447709
316.8387375532601
318.0834083742229
318.22837572035644
318.6796817851555
318.16184018784674
318.47864865951584
318.0574599387123
318.86390246620374
318.9081866560734
317.792014676409
317.75686959520385
316.189242157196
317.42106151562905
316.12658582073647
316.04960378027675
316.12710694616953
316.44447151294474
316.51558594325223
316.8591409078533
316.81860263263485
317.57573920898375
317.6714272880037
318.45829790941866
317.2153914522235
318.6713646451901
317.23308240638625
318.1032804473285
318.70771827497975
318.41047092663035
317.559642629351
318.89702709556167
318.3148470308198
318.6866941684938
318.5583703798773
317.7957357664575
317.87891281367183
317.6886481906891
317.62347176430364
317.58945651066495
317.25135358057634
318.68720835391764
318.41225333044383
318.3212460883306
317.49162136683753
318.6721369916125
317.4060528878097
317.23367788435786
317.39994522640364
317.31570252771354
316.6234628304182
317.14554328007233
317.36046761320915
317.71030829586823
317.80073730713127
317.31063689937616
318.542593920363
318.5747486719273
318.4449266040415
318.34728849700355
318.1278333806847
317.64740272281267
319.0815741159933
319.63388648000637
319.53494679109343
318.74289724222615
318.513518738142
318.3340236465616
319.9098004354019
320.410485728768
320.17972754192016
318.7562049245576
319.10572747322203
318.24816769422074
317.0979692689383
318.24014955500326
319.255182391709
317.9993562626568
317.95772669253273
317.6289369410129
318.8737086174511
317.37027322612164
317.0244341952486
316.289673327224
316.6954477284185
317.79857889820124
317.5997726758864
318.8720603307538
318.77396799429016
318.2703115914902
317.53588744321723
315.9364379805615
317.54474497980385
316.1647300426251
316.01510475935174
316.60082596899866
316.70469897204464
317.5330821030582
317.4952781631307
318.7480323055256
318.8141099547248
319.1378239752868
319.4061558216592
318.5662967309943
318.4269045400189
318.828418270359
318.5638580853628
319.41191798089386
317.97870025584115
319.4345320769765
318.056624217663
318.91740947982913
318.2465303950412
318.28225708405637
318.82846624532993
319.976853658819
320.43114487065077
320.92175336853245
319.43898096415927
318.8633609721737
320.1256761197776
319.87779713815723
319.6572964793723
318.0450904577586
317.16051293324404
317.08015012472765
317.0016067453162
315.6689731517456
316.43323765591583
316.77546746099705
316.9338089055379
317.06713426746427
317.42177646631575
318.8420752788743
318.53794240777086
317.40096015887843
317.30930057035783
318.467737519894
318.56716340005954
319.49587155378333
318.4389792482588
317.7961587886102
318.33093979539007
317.0100319670113
317.06082164561633
315.57968530027244
314.80911450628713
315.26232850008563
315.47309149599596
315.7989738456889
316.66133072454636
317.95002488324405
318.09584711613525
319.57810130172834
319.98278729416825
318.8187270674512
319.9514924591466
319.36557747652614
319.46667484647634
319.4996841751233
318.81472692050255
317.96343609127064
318.0989923416006
317.07119037175016
316.91896681269594
316.69885113114174
315.69518432110124
316.6640850011084
315.8271100683457
316.9979386652896
317.55914200859166
318.660139433786
319.1664077762451
319.9335358534283
319.47138844809757
320.4706260609997
321.10489388365477
321.506427886504
321.136976513923
319.61611594259136
319.45794627277525
318.2130653759383
317.8495536954667
317.9317496859938
317.5411803880618
317.3356999665803
316.5224819882757
317.86131108643417
317.7889867382097
319.2532656671132
318.49442359156626
318.4427017314447
319.95018119771606
319.0537146425046
319.00821196733466
319.85389089461165
318.5162478896557
319.1219122919794
318.1692189131631
319.6200447157171
318.00170092818314
317.25899632120655
317.6890705867194
317.72528213296295
318.6491479913528
319.12916651746895
319.220328154519
319.33907775397137
319.8634518487357
319.7822336536664
319.5367773691822
318.6347138251842
317.8476926424602
316.52348400512295
316.2973687692011
314.78679500880213
314.6834200526243
313.93879308219954
312.618307572781
313.20486061185886
312.5451458096794
312.72087384837175
312.61644415978304
312.7069641406585
312.95838828875895
313.75170664241847
314.32608735486247
315.09732919248256
315.6240186936053
315.908960987877
316.2764722168276
316.6637297569898
317.25732202084396
316.9982885362894
316.1020733063399
316.8513313664809
317.94266661688243
318.09373099739037
317.5125776125331
318.24404221264115
318.02439427368546
318.9561130342069
320.02770861952774
319.84519401472784
319.762421322162
318.79801470795763
318.3257207677721
317.47141281551825
317.4344248591458
317.20674991233886
316.81161643427606
316.2174555349915
316.27480904974544
315.5631268616021
315.5145108849554
316.60488139635015
316.11105055491754
317.1757484131704
317.10484476985573
318.2172078643256
318.90911776121084
320.3501139412861
320.3121039291812
319.8612409796486
319.48404976048334
318.15931758752106
317.97972566061975
318.52783638766664
318.5610625356201
318.4015983650211
318.5646089616986
317.0897270864657
317.256860846559
318.4767923205129
319.40107741289614
320.64388131018563
319.36729746508473
318.32887732781944
319.49822159232997
318.1384972315622
318.63266791636084
318.67503892936776
319.4099187931767
319.35072651616315
319.76339517643004
319.6328704638786
319.4991110392017
318.8136719830963
318.75602028904393
317.4603157727554
317.59093453837323
318.7452377480234
319.0383842454745
317.65138689044585
318.92946068334925
318.1078110608788
319.42000945003025
318.1951905766676
318.6406440187382
319.2626796858517
319.7308663737801
321.14578860669224
320.985664143587
320.0882042268689
319.5499075835078
319.3125234609102
319.27429519973384
318.92252299441503
318.1820186923658
319.74286207474904
320.913353760141
319.6671046247954
320.49909258300625
318.8826295583873
318.8468398202905
318.6092206305815
320.0831922916295
319.7547651725097
318.9519067087014
320.4323221784704
320.3993971905549
318.9382059244872
318.64656235758383
317.61262246326095
317.102562538326
316.5614479519036
317.7548953720306
317.42238456104377
317.4813130262151
317.4438823021559
318.7896323983344
318.17453613380263
318.9990417577585
319.8885342471263
321.0601819501795
320.11943567671017
319.8031047894006
319.59564561722027
317.9770962032741
317.8274116447237
316.6650576760703
317.2310739049115
317.78153044169466
317.88096908220353
317.9164192723043
318.6587866866947
317.0816720536632
318.198941947871
318.979321076554
319.14995722485963
319.2000685485971
319.23350079401365
318.5703750482024
318.96861010906315
319.4777724870709
319.70188395277034
320.6832061415503
321.0745193578084
321.1159502604555
321.04537471027135
320.826390306709
321.0728711195565
321.0052216845764
320.1481190921911
320.11596132249514
320.0467787551809
320.2723605941569
320.0919609689048
319.8333033820642
318.97122719888915
319.29732368784954
318.19245795486177
317.86934841446924
316.9057532699121
317.318681128828
317.3618466202071
316.4326368014584
317.8400405228485
317.409862082468
317.26333669774846
316.3070739772416
315.02691553675993
313.9786194434728
315.1377981915897
316.117450529775
316.6233044799865
317.0200950050241
317.64698953237706
319.1602657503574
319.5422048276945
319.33656511974834
318.49586168838044
319.0565763972643
318.9140877614625
318.23304636965753
317.01939460057406
315.4155933996474
315.6493278051387
316.33659333759306
316.775678873447
317.64749507781517
316.7661315921931
316.6142992411418
316.50337389522923
316.87721493733955
317.3761085754639
318.4159779745982
318.85730087733214
319.32684696328954
319.42272184915583
319.9268703719639
320.4585161352047
321.4788699392268
322.63881809260096
322.37254187187244
322.79022291057174
322.6993084638542
322.74548077922867
322.7818359306988
322.1511409140114
323.4802034179785
323.2034053658355
321.8934542144018
321.8195596724936
321.7454418990095
320.93360834499117
319.3764001074537
318.88020594050107
318.8480993236039
319.61646303872294
317.9896831744987
317.8336291862559
317.8659294370166
317.9519775967259
316.5498345022596
316.5831392697989
315.2516291350966
313.7967432977038
313.39208678413246
313.35585365657715
314.12442490195986
313.96576768750975
314.0790609302764
313.90647865782455
314.1028226073196
314.22266767749153
314.2643296235308
314.7137026256106
314.74809760634906
315.81503538946305
315.7830426668751
315.81694689916714
316.32499491616517
317.56655911287595
317.5176117400239
317.9333556406617
318.1142666354263
317.4163899220946
318.093178013324
318.2001505154381
318.2712167634512
317.68321896198427
316.65945475367226
317.3871549126181
318.59760120619285
318.3754215980218
319.01975416427723
320.2173024215667
320.40067555896036
319.73161135944036
319.9436797413377
320.5136611286255
321.3950681948739
320.02178674482843
318.69880931928753
317.4152631114862
316.3390911945424
316.26270446305733
316.16138182913164
315.5068595904349
317.1130148709548
316.3532933130348
316.2129147861176
314.9495242297432
313.47697298657465
312.5032315198674
312.96862089459734
313.0267908586031
312.74408841909616
313.3141442757352
312.2936666203639
311.2838612009306
311.59827602247435
312.3091812790773
312.66568321583554
313.06839230606266
313.4010077666015
313.8303044849448
314.2418836422288
314.7122308070091
314.20527676669974
314.8161520566783
315.10000711154584
316.20459411760834
315.53744661796554
316.61830406707077
318.13338583640814
317.1690158482818
316.44283307933904
315.0061804615862
315.47866083783737
315.19597167997864
314.11196607489046
314.9335490599693
315.23862877601385
315.34030027920653
315.7790366137012
316.7306629492394
317.91594788860067
318.16093883387896
317.13248012184124
317.2556472918514
315.9126615963396
315.55190002985734
315.626230943667
314.3723802544103
314.7272247681429
315.15050744495295
315.7394407845459
317.1631724632781
317.24409990353575
315.98181983488706
314.98878378945585
315.46567743820805
315.6319212918922
315.7544194766116
314.6368177898242
315.6991895236669
315.7365007057479
315.6564840241055
314.6511791917817
314.2149684215434
315.55824651336513
316.9359801393768
317.6947654446893
318.01512361494497
318.94104992052047
319.5985180328433
319.50000564614487
317.96516758525536
317.5164992903736
317.4439650198024
317.263996795806
315.7993666452195
315.9537571911664
314.7822776173578
316.02455365647074
315.72311164625626
315.30224454283587
316.5096198430678
315.09751277439074
316.47509810468165
315.4437068566334
315.68292024390666
315.8313214133738
316.4214434460742
315.9790439939284
314.9918621546294
314.6964383009888
315.4044810715599
315.9081563589521
315.7778358606851
316.6915948712189
315.1410211965502
316.1978574483044
315.87146808962575
317.1849776654249
315.61844429919984
316.9592048268234
316.34071969114797
315.9697675234451
316.1607576083267
315.78018933878354
315.9538885519898
316.48314829720476
315.87378548429854
315.9151670100855
317.12501293744117
315.5859673698808
314.59716207042794
315.8377196038573
315.5430712331573
315.4716923145817
314.94681209062713
314.18315677876666
314.7802006214572
314.99920039571134
316.3098638307445
317.69949764635015
317.0944373540749
317.1797674406839
316.23435379959056
315.43016750120023
316.5550524103245
316.0891917070044
314.9443522532593
315.4602270713474
316.1781721211843
316.3546348826541
315.4696394740384
316.1640666329676
317.1557778375372
315.6235023317029
315.135158197138
315.80168336674615
316.79681893191275
317.6833104987046
317.9937718605953
318.0703701047409
316.6981291335536
316.6303114977601
316.0630254987934
314.8797308332866
314.6299346533358
313.55869623307353
314.56744294530284
314.5999250574795
313.6557544031645
313.9471429732771
314.5066399918937
314.98876245307235
315.0404220120828
314.36280379586526
314.573922219838
314.76967349332426
314.9615739199205
315.12695485257194
315.16528097231367
314.9550859591563
314.9869455515749
316.38449701278194
316.9671690357204
317.5413079256149
317.3489613784291
317.83094508565716
317.7522313255135
318.52901500944597
318.0906951982061
318.03464094321737
318.00176192290655
317.9129744504069
316.69979536839094
317.1130733892369
318.5624760267434
317.7388856274078
318.71606604022105
318.3792944371187
318.30482356435886
317.64613876177157
317.57891295231695
316.7475521339424
316.54410959504526
316.0449441446344
315.40496774525616
314.7980900539137
315.23682158369513
314.8122073056119
313.35624751589575
312.84766915143047
311.4823583777612
311.6875627918098
310.6166859152114
309.58639714137405
309.7626490968898
310.0361603547815
310.1215804173129
311.2989940724534
312.8270859272836
313.47593797235015
313.39022445828846
313.87430689991317
315.000219568987
315.4716498144101
314.2541345036719
314.788266081497
315.58677294608293
316.7979958398873
316.5628442471647
316.11736671873217
316.6725049488204
315.79787536989267
315.3640075679094
316.79949878760635
316.37070824183104
316.84144627434836
317.3152038884338
317.07360613998577
315.8474930996607
315.8159005006983
314.390473280804
313.4277797650034
314.44913195034223
315.2378135771009
316.27445701446766
316.13675602361775
316.1019190898433
315.2561033179323
316.23903007384365
316.20609319870834
315.1709735275147
314.8364607445728
314.17365865425757
312.9217461571209
312.8668773091975
312.9542296934215
313.4581466166568
313.37709655316894
313.4666383157221
313.7497242028629
315.2925591181024
314.6220602064018
316.0947396908959
316.6926709855516
317.0148456070174
315.59456988998136
316.1690463224144
317.5232642699284
316.3483274480937
316.38900202459075
316.72203984043347
317.23005104385015
317.6654337320739
318.17965165537873
318.05359534656
318.110212946064
318.2322258154025
319.701954340161
321.29396515077946
321.11475689266746
320.88228072706863
319.7581961379766
318.16584497643447
318.03642448060003
317.7444992271103
316.3249928122057
315.619999440775
316.8939618845318
316.8610978606397
316.10635671359034
317.1548994994387
316.78583183469283
316.8518568257189
316.88631165982275
318.29432305212515
318.22221728672895
318.4816598541891
317.4645144266622
316.90599472701876
318.3784670696427
317.01340645719364
317.49401362591703
316.0788807532881
315.98840753042265
316.078182553987
316.0252496828623
317.5113976520744
317.33315342359805
318.38048510953826
319.8040590542158
319.07148033732125
317.56789612754466
317.7333264003485
318.4260540460334
317.14190336740876
317.90862686057255
317.7201648543401
316.86973457521805
318.3913768760033
318.921760761515
319.88140619088534
319.7374358985531
318.79138967695474
319.83694084761356
318.9792523677567
320.13715174629385
320.0714119324011
318.87672533799
318.3543339857762
318.11183734766746
318.31750850202224
317.96722181346263
317.33087564205914
318.09511320775107
316.91970646306646
318.3066029347465
317.5797043200512
316.72845872965655
316.59066998369923
315.85530525369484
317.0932925554791
316.3004740070331
315.1178448705884
315.2303026089363
313.8117408786789
313.04388813155225
312.7208170440943
312.0480127426962
313.3878786268685
314.67504373518415
316.02363362571117
315.7624576636268
315.17208032235084
316.25260246701333
315.88473422895663
316.3335153499417
316.1790794975833
317.06123136957007
315.5860999355226
315.3999126713628
315.0727803989697
315.2822893116226
315.85427010825003
315.4913689689432
316.88058471238986
316.93119825031033
315.4852356100254
315.9264656860926
316.26117711094275
316.2234851773895
316.3213488947289
316.75038794829214
317.85020881995104
318.9435337213887
318.670533089883
317.21672423654803
317.3131669294849
317.2790047197337
317.13364334755465
317.2059910347775
316.3380035006403
315.14430746525426
315.83229382753984
317.23180281155845
318.0770893430606
319.3695836882627
320.6168893060294
319.7349791667154
319.7795132192808
319.28238392498963
320.18866957334865
319.9513037877789
319.8378717527639
319.4887040073626
319.4515257001695
318.4178673829559
317.06308260662075
316.81716800592966
316.28107751634457
315.3081862417956
315.2163426554426
315.93307632370755
316.21308004772374
317.5268173464104
317.81546017645974
318.31788372257284
318.16705940515254
318.5264599215387
317.6546864342767
317.5564190446579
317.743352536136
316.347978935067
317.36278161474434
318.359724924987
317.0803089611351
318.6814541557295
317.8961309543993
319.1905543345867
318.3050755619923
319.1433783919275
320.45297984087586
320.23237944927973
320.18948748006585
320.8972801286218
322.4800969771213
322.5550269757652
322.73303407243606
321.69447951308194
320.2878289173977
320.50253179885596
319.49614611501283
319.59045876484106
320.6023247360033
320.7611556886016
320.539121664891
320.1921456023212
320.59021477178493
321.2785206957536
321.31258900773224
321.3977167940158
322.9397424183873
321.42098253441185
322.17671963968195
320.830061425148
319.87531039692453
319.40268170393466
318.6533811171967
319.1454839622849
319.23911332788776
319.72064042734826
318.5058302328426
318.1318190706871
319.3909882527888
319.33542333303444
319.71988113623433
319.3486485047719
320.62484393646105
321.55481686761505
321.58699405204584
321.2057941836042
321.6635183181056
322.1299823542261
322.20988077797125
320.742708776058
320.8570620043318
321.00048321635285
