0 0.0
319.30645702060747 319.5851685885239
319.7446185711211
320.09793081646546
320.62832127752364
320.66918061351623
321.53833589651396
321.8637972005143
320.98353511016916
321.7513814082549
323.19873143890834
323.6772483968395
322.8243987901686
324.3910324287958
324.18216962374396
323.4467118886007
325.0717203070288
324.99874769498507
324.0513130927826
324.48786847750756
323.11221014572214
323.0739314390072
322.53331019808627
321.60604854624773
322.36683345167364
321.29599864505246
320.6179419719736
322.2151977208218
321.2251733703853
321.49764296493527
322.0371240433486
321.8470327148865
321.794904561003
321.93815721768743
320.53771144370717
320.92403866840453
322.1501166287529
322.0777792442203
323.02849270660323
322.80395836661404
322.75766575198
322.9188182405105
322.88637258911956
322.3049381349034
322.2680823417521
321.2434296544797
321.13959699694675
321.27745184186296
321.41751192642124
321.50318419236055
322.41669157223043
322.4492017302347
323.95051852156666
322.6791865618517
322.00925405022895
321.28083848404026
321.87278851112495
320.6099105607037
322.1348984981588
322.099700909936
323.0228391973255
324.0295833286014
322.43679099771936
322.34431834971684
322.41321004352164
322.84586073787136
322.88578117327256
322.79257476609246
322.03851426579007
320.7621789226763
321.47547747556234
321.51404199717217
321.96705384093
323.2507728385426
324.0585501226972
324.12231124341787
322.86836742678355
324.35715942710004
325.75110727362204
324.63590984906523
324.6708067468345
324.8123328972003
325.8012878631219
324.8684440949453
325.3451357318726
325.20853779237325
326.41473721038034
326.1012286060855
325.41472834339424
325.9895749440949
326.7257900566759
325.99855214663194
325.82731202802586
325.924761816227
326.0418321034989
324.8885652195003
324.96421980013787
324.7558052068053
324.0849279998308
324.0495287264125
324.7593923932592
325.1595500792298
323.5290872731254
324.8157600435266
325.59748714281136
324.9078125128624
324.9911598820026
323.983807877156
324.5987047391657
323.391120090851
323.47751046700154
323.95251829388303
324.2963464957962
324.8844106004228
324.80618257277337
326.1807940196828
325.462103785202
325.5216126656452
324.0065235110032
323.95451019485097
322.9721976771428
323.0178722826497
324.59280208485296
323.5735701749509
324.3509112941276
325.2501904488141
326.6272327073703
325.6493928078605
327.15248155817756
326.88468141711047
325.66269273803414
326.7996423989254
326.33703080868037
326.2959492069296
325.47134455103674
325.24602291544045
324.0381275155168
323.8900843673043
322.68935400733204
321.3030670720237
322.4970762330273
322.6462235152804
323.04343764647643
324.40770720203153
325.99128317529124
324.7628446532095
324.79845690903295
324.9609321265206
323.36360698040926
324.37943235027245
324.93919005402944
325.8303791173692
325.62186241636186
327.2667940531784
328.05665448812624
329.4150503733685
329.55357660649366
329.5120747641107
328.45587331150955
328.4229019799547
328.2337119988846
328.1257033095502
327.9310900304761
327.8980746518938
327.1346507917752
326.40710655113793
326.3698699236239
326.1189516136266
324.599590116183
323.6067082589496
324.9029467963114
324.4815755704475
324.87302418531567
324.8262362708146
326.17969758018785
326.84529947822955
326.54809808174656
326.65751151328925
325.66376430377795
325.60851306592417
325.76361737636967
325.8992411559588
324.55326279488656
324.69326592594774
324.74920128304257
324.8275469729163
325.2181469945058
326.5225098373591
327.165797966611
325.5742667992963
327.0165094754781
326.67693314514054
326.9176874931518
327.4290811029658
327.2553224013661
328.6600559942231
327.93215695969155
327.2520450233307
326.08400307260945
326.2267463060258
326.1601725531999
325.94765043838066
326.0961017536819
325.90697334815763
326.00151609213225
326.1405196763637
326.98986054181256
326.3846760204751
325.54064602624527
325.14261434778876
325.4184420646263
326.5897946070204
324.9981051566917
324.9058295700278
324.7503468331058
324.71734720133736
325.2610835080628
324.8510758217271
325.31187413097604
324.5437161918688
323.1408240755679
323.03022576445983
323.1260892257628
324.5741281019375
325.13128389951146
325.26376708088077
323.9519942082304
325.196503453904
325.0649964180955
326.24084111487355
326.05710911741176
325.73323007471254
324.80978315974716
324.89294667891045
325.5560377404264
325.64569913874436
326.0937239030481
325.7546040670197
325.473960594153
326.1530883221054
324.7192528797495
324.541802309822
325.06904519174583
325.9858241048346
325.2709711843355
324.71969459854495
324.0589999585121
324.6676069171416
326.059262625574
326.66541220532093
326.90680259021417
328.31819190877235
327.6614749957714
326.4895504459874
326.42804171994555
327.4605894329295
325.95441577115855
326.06113385537003
324.6679171564274
324.72678263330243
324.84231017339505
324.80804450857516
325.14423967564284
326.0596774414673
324.69744379810504
323.8542201179303
322.703751915824
323.5107917985022
323.55504082832226
322.9594577639684
323.2838549416248
324.8594080016289
324.89506310335696
323.9605086165872
325.06516658272324
325.62214660662704
327.1695261786631
327.1266724588413
327.2029034102624
326.5669066701138
325.05039177766497
325.0075152042846
324.4172010256877
325.35013746873676
325.508232761167
324.77700476553053
323.5672769824179
323.6090542502801
323.97819326347957
325.42420279577584
325.0805878366081
324.90648807699074
323.4423811572343
324.3494049463412
324.17724667345203
324.3922025815778
323.6849006765357
323.5751265464095
323.63969470096
325.11596945421707
325.173749067231
324.4959591731636
325.5231546833417
324.80856315602574
326.18618597732353
326.021763312858
327.2928073150058
328.95546245983326
330.53897628440694
331.6177677513771
330.82952137734264
330.7841372324629
330.0245526259484
329.8786064009782
328.999740577925
328.24837141149686
327.33179625503635
326.97260850770806
327.94922329831115
327.86134744150985
327.37553323531256
325.7451252841226
326.4145913504698
325.06732344546805
324.4097162439166
325.89008345934195
326.9686373412201
327.32225579927285
328.2574835172978
327.7287604063044
327.1187131231748
327.08558823623986
326.65454709213884
326.5958932899695
326.9085854100748
326.3131930617358
327.4950222769103
327.3129736211199
327.157082557985
325.64730591695303
326.01992891082614
325.78271012339405
326.97749201757875
325.56447829549086
324.63447870087765
325.1029360062251
324.327885789049
322.9015692032632
323.249489479321
323.32322978070397
322.98828819288076
322.9078273481965
323.27914540623453
323.33920174843706
324.4413849004194
324.5018722786625
325.6464586211831
326.7914810442402
327.99885323721446
329.2079195048169
329.1533530448834
330.33107070479355
331.03586932518454
330.0993154290174
329.7404026500565
330.6399351310927
330.13912556019545
330.01476901923917
329.23531077219667
329.00559596557054
327.36053375601927
325.75094257904834
325.71042686904826
325.63987923710323
325.5159869226348
324.42299469791095
324.78187606512
324.06848051855974
324.277515537258
325.38236615269466
327.00294520000404
327.9257293382802
327.89250874459196
328.1269360575083
329.1971620447731
329.2320288330757
329.066732025848
330.5100647231313
331.1469294998059
330.8229991491873
329.7299874400736
330.8546662919961
330.0342100054902
329.98974071874824
328.47509472822173
328.4358847627563
329.5018590388136
329.197731786353
328.94698103795866
327.5489919588267
327.37539543524406
328.35931897219655
328.5837828962145
328.4957503338362
327.4939603602284
328.79043483394327
328.18378229611636
326.5961984857369
326.63120888626077
327.43858906344866
326.5884044041914
328.00676623722563
327.7816498472043
326.2074204821333
326.1642844698568
326.3399481098062
324.99579228664044
325.6767014605409
326.6148774657382
327.8501941020112
328.0025415973306
328.28183347601504
328.5149671634875
329.4801824982391
329.62176020589266
329.09934985778455
328.85776536440517
328.1727358862875
328.07438177653734
328.3103881680996
327.7738937788875
326.2598733088083
324.81338876397257
326.1721758067944
326.3776712593328
326.45785787014484
326.319058327887
326.5751549834318
326.651205095312
325.7692771009529
325.84889278025764
325.9905607770793
325.52174843253124
325.99599636384767
327.1473415854806
327.87790148866316
326.51448059871564
327.39776116012195
327.2652099901019
328.57217961420343
327.6867252272939
327.9006616386797
327.24514999254933
326.5808749045187
327.59602423062574
326.1929772713849
326.64805322673914
328.0478178816327
328.33039945873304
329.581968476164
330.31112025105796
328.8480058931355
328.15512471666005
328.0908333416278
328.05561368604646
329.4331464929675
329.34111759920324
329.07307451147364
327.66184824417337
328.0781830862299
327.59290017530157
326.23082728596745
326.7923386503062
325.82443385037476
326.9775505271366
326.57491641525365
325.38620440470277
325.4829729886691
324.0239844631436
323.952385805545
324.1064373375039
325.330764733557
324.00920201429676
325.3026641186446
325.854324330219
324.2974772330793
325.3389502406013
325.4262015437149
324.53680952505357
324.63105219902206
325.7977256811588
327.0954329890316
326.5090395845344
326.2611255557322
326.95368546593306
327.51679674696504
327.2427342669889
328.361463385153
329.5830485175118
330.11656817932106
328.4650072167325
328.27833724695876
327.43527408842874
328.7603913552706
329.59297498408785
329.46580946071856
328.847591648637
328.7262062403564
328.92039938910983
328.95391330101035
328.9911336714981
327.4625349961531
326.6129533028598
326.758119176821
327.065660192165
327.1191807028815
326.88164343485954
326.67028053858655
326.9438278117676
328.2489233726873
329.19213127913986
329.2277670154123
327.7537604252005
326.38227398121563
326.4335591130406
327.03227198139376
327.4385579418138
327.1379698719653
325.9827223432757
326.5272074998648
326.7564389888104
326.59966162967055
327.9123856348821
329.0467066380621
328.452963864648
328.7681496561546
329.0285358545674
329.8798396005004
328.6003143767802
327.6969304462135
327.0041445756689
326.1559573330233
327.65278290533075
328.6283314485799
326.9587000998084
327.44607239733244
327.37479045722426
327.0901066909185
327.93104942792974
328.08941187973977
328.13769493172174
328.93732244900696
328.5844816578331
329.48952943474995
330.053500065804
330.0182356030784
330.8004264025496
329.37738258245787
328.8090664124609
328.2127051921492
327.9069270626071
327.8643198478462
326.8514424600598
326.90637187616386
328.5652984411072
329.4843343593585
329.39192777692267
329.35362897226815
329.2703999940212
328.97497200765673
328.81649074827425
328.00709455005216
327.9603547504983
327.39001864988376
327.6087936358936
328.3455808741663
328.2084788140381
328.71277266180687
328.8706885137401
328.33401964770235
327.842615850101
328.9506345468816
329.1331906163597
327.677792295975
328.065523337187
328.41723817605003
327.64344442664077
327.78446352124007
328.91214569275155
330.3434652304381
330.1502817983934
330.47148851786926
329.93285334662136
329.2429937249392
328.56934535495
328.02875572576124
328.5787385884294
327.1182580873716
327.3147227385256
327.4120162219937
326.3923973254126
326.7290027228711
327.95017505306026
328.23436515622103
327.28161570981985
327.0423066229679
327.46268270942295
327.511363439561
328.7345181489008
330.37523467130274
330.78127630623857
330.7115836141865
330.8505618712602
330.0162592334904
329.155129010699
329.3404490839272
328.1654326047013
328.80161942114984
328.8960060932196
327.3600560688311
327.9942752228527
329.18814782121234
328.50923568541066
328.6201356122488
328.83952188295035
328.1636956495393
328.1989994821697
327.83368502513224
326.87124776626183
327.1164103180839
327.1676361547784
327.12499636255825
328.14295084624194
328.3248140986055
328.58918477594335
329.2212625501446
328.4592941075552
328.4248433668855
328.4888288739806
329.89878733950934
330.5957373804601
331.89331306323595
331.7852352095963
332.80927302209506
331.28304720895915
330.4089032490921
329.90241637636177
328.97100091500283
328.2187136209762
327.53524428261386
328.2191204474166
327.3241264506901
328.68950348807755
328.95654427976797
328.5392364529086
329.8807812319958
329.99676120219726
328.3560483405794
327.6365254095026
328.05165720118606
327.09119282965844
328.6374460361144
330.1724782789898
328.5710008248261
328.65053123420506
330.1935348753221
328.8814390734743
328.7716133788817
328.83749292970293
329.26065699106914
330.30207787055804
330.5256133391556
332.1013393298812
332.05684268862507
331.69621901286564
331.6094254430965
331.2494725396526
330.26247818690166
328.9477053253476
327.8441241509891
327.7607518255181
327.07627321042105
328.3104815163326
327.68415867290685
328.37638590517804
327.5164835904261
327.8471380054921
328.7502808754091
327.1066060343256
327.90984077745554
328.0886287517403
327.96499384599673
329.14441314586315
330.2520791970393
329.7909761074332
328.3306840364396
329.1910753350813
330.1589745024308
329.090342571292
328.1818567325934
328.300019904746
326.81761595940884
327.45395593794217
327.5610410155451
327.9354468839808
328.45788579988607
328.0325248753255
328.66159247526326
328.62736988095503
328.08786192487975
327.41624640532785
328.2077248311078
328.85097353154055
327.29283279645404
327.6648659959953
329.02080709985717
328.5945536602023
327.0779301239896
327.11211156371735
327.5736434766035
327.6299061634375
327.8026518662424
327.99556018943736
329.1613044390822
327.8608597767175
328.6273198396531
328.7536058445628
329.268004238457
330.3616408861869
329.9971763670683
330.2234261295181
329.61018259452203
330.73199028048833
330.9100527093217
331.2616597592165
329.8815408255631
329.21180962224327
330.00989065750696
328.74013321449684
329.9806887098033
330.82240026905725
330.0014658848589
329.66939571211435
329.11238115124524
329.2354588258465
329.13918108797935
329.32125150937895
328.8596850187266
328.00183138082855
326.94828301933353
328.0292089107285
328.36654939015745
328.2153750858934
326.8502644908373
326.8951826816998
327.68410896242233
326.73623780546757
327.2803929890043
327.4710908319758
329.01842226543573
328.84953864023726
328.3025887738246
326.99299506771973
326.7264612000496
327.186267797427
327.4655702150683
327.2534683183104
327.3053078556176
327.4196768520476
328.72290924390205
329.12088623624345
328.0638535154807
329.6380758139857
328.2420351718467
328.4603275929341
329.48262801935005
328.30811192095945
327.11926793012555
327.43824949243236
328.741259605937
327.33388725459076
328.8628423272662
328.80385613178333
328.49640305819753
327.0116396067811
326.6881953820787
327.3219411173194
327.1257094989884
327.43707331080054
328.5667708723067
328.8574882782122
328.34729497434176
327.98299773716457
328.0707503002657
329.57075923390875
328.53268956629995
329.26997944511464
329.3200674206722
327.8012309916431
327.258227768793
328.73444254848573
327.7922163325364
328.9139125450801
327.3920334365553
327.7050834930677
327.0318340609572
325.6408913004281
327.0895394496223
328.4661775523531
327.86642265392015
329.2919968167873
329.19470898684267
329.2768572923836
329.2404269862988
329.00016101171997
328.30343067611904
327.2707935861282
326.82293224579865
327.15329715433865
326.4078090606229
326.61483019999275
326.7018629933818
326.9460816833388
326.8151431796766
327.1276009959601
327.2280098461113
328.28818583374715
329.2440704660519
328.8853524718485
328.40008603041093
329.56659107570584
330.1635619132193
328.7339418695223
327.9018713820359
327.04417562223455
327.216250667655
328.57197371371706
330.01625210632824
329.6657481935729
328.9675686751213
327.73321407644505
326.56078736030315
328.19599986517363
328.5164342245665
328.3582214055538
328.746227996338
330.1905186497464
328.80707412833647
329.23095082629624
329.5570837251933
328.5622550657363
329.17057916423147
328.6517093636444
328.17670964876874
328.9568746311869
329.6486578656791
330.2719622408171
329.89368961331127
331.38670246163554
330.2064871109573
330.27099157755663
330.19593528764835
331.4764826419987
330.9544029170363
330.81013778896215
330.7630701686035
331.19252956528635
330.651939571832
329.9600740975201
329.9222680206257
329.5918458895839
331.1196417209535
329.5896490489656
329.0055581694686
328.9524843176094
328.774373261654
327.9655110266113
327.73924911071646
327.22797748920095
327.0379638146226
326.74703638442384
326.538487096553
326.81697389318265
327.00554540663114
325.89027094991155
324.9446194274951
324.73956099116504
326.29828975471537
326.1081230650244
325.89453025459824
325.98969293701003
326.05358203538424
326.159344129025
326.9732563840892
327.1763019213069
327.65419902310055
328.8155722181853
328.1728460033028
328.31568642320343
326.8057167953559
325.82075830248976
326.4064648220172
325.1925364539845
325.68403885300984
326.636309100867
327.7969724760916
329.2533013432139
329.138113241884
328.3442217241262
327.5664525931321
328.6989302566387
327.07215302441
328.6542849500322
327.8632879027273
327.22362915342444
326.91580179971663
327.7312855208674
328.7617105734171
328.98780965037594
327.4968861237347
326.82245243775367
327.0439087639835
327.3643098097617
327.7499223274134
326.8578376233081
327.0681979149995
328.2814978651965
328.18552637261547
328.1320346910856
328.5334789630026
327.7209427515627
327.75391781423673
327.2530222699385
328.07515178535414
329.39697714571014
329.25919265995725
328.5399655443537
328.7803557735157
329.2528151522962
327.75536177914046
328.2249269058377
328.8888671500767
327.8047384754558
327.40796257588966
327.8125412411066
326.4919253780428
327.9461605301808
326.88014213354717
327.1491084107086
328.3760762856569
329.9734321983911
330.0065366226791
330.35146085525525
328.9783584243121
329.20629021929983
330.10597870016494
329.5195468979082
329.392344284289
329.3564497223929
329.29068496597483
329.1832462213909
328.493630425001
329.99674363860964
329.5421401107251
328.73933953361154
328.33423061744224
328.24562508359986
326.6956418292063
326.79498484600765
328.0004138131232
329.1721725686683
327.7635652243415
327.933442541249
329.2505620697571
328.09708987499454
326.8891713347794
328.1981763145032
327.09740231225976
328.4811977248086
328.6364031454096
327.8254070745893
328.1625983764705
329.5127344649464
329.78081476285814
329.0772517202406
328.6562685634833
329.07326239200734
329.1381815134686
329.10012143854885
328.8496497982325
327.24989982997914
328.90805958731323
328.87203637601954
328.0055699115942
327.21308503652125
327.1073918078449
327.81250521502875
326.22733594880395
326.6407151151417
325.93766129501796
327.0557881053858
326.4822263562454
327.009222727109
325.5048767650616
326.74771206594096
325.13540178213367
325.6356107834802
325.7257810234258
325.40035817355977
325.2472231893449
326.12819548603227
326.774203599172
326.72418842774977
326.85709770680404
328.51514383719194
328.0639163583939
328.7317526508
328.8787185607301
329.04030314801025
329.0795629953979
328.8664346431055
328.003265591328
326.4363176355352
326.8419925581397
327.66625068344047
327.1417051792422
327.8127939353378
327.46343776956013
328.0263447390919
327.9670701402376
329.34729307302786
328.586567261699
329.57020898160124
329.3221043485683
330.28422068928677
331.5313604313388
331.97208256053636
332.0328949455527
332.0669338376535
330.68740205389474
330.25627431065425
329.49826737440037
328.74799860707355
329.71488258267203
329.99935780504035
329.8938718105126
329.98530177085615
330.2534752294205
329.11246731753874
328.00388180898847
326.66695790924683
327.99967149947673
326.87396765003126
327.0851327871149
328.6485326156749
329.03061600494686
329.7338233953666
328.9846688453601
330.08189534713824
329.7549214564013
329.00043768672543
327.86265664716996
328.37225523353953
328.58284169523137
329.3380020153163
328.3086433992061
329.3767301015686
328.9779484260338
330.277224610745
331.0830753796434
331.11968036590883
332.0317666142269
333.31348439275115
332.1902991076352
331.621077116531
332.174150068605
332.3847698029154
332.16851376374325
331.78767463725507
331.98500166530937
331.3289854653688
331.78732947857225
332.04039688677756
331.0541264075413
331.0126569552577
330.4242442534652
329.5580026747456
328.4697424632136
329.6021772181604
329.0515435776785
328.5758425194055
329.06101137791615
327.9039925225998
328.02645113171565
327.0182253413475
325.6427409873089
325.2554494394854
324.6552452392767
325.46945859629807
325.42136760628915
326.76833084805105
326.8029339045733
328.20192379368814
328.4192828946099
329.1296575931798
329.57811371763205
330.1775069441058
331.62780637856036
331.1132650874377
332.79650752010417
333.7680261559441
335.40032777477006
335.4556108052301
336.37220101716855
335.6225143004947
336.8448768565009
336.46872339109893
336.37005300155016
335.87332586499065
335.69881088072816
334.24940856934427
335.09442651516963
333.95000947233035
332.592418696866
332.35257427048003
331.8879109767294
331.84096821533853
331.0506795891445
332.3252917642668
330.6331133680432
331.50090170360505
331.331391275768
331.1014846135926
330.04883292552415
329.3798329653761
330.6320741190486
329.986593327874
330.03629746458
328.3572733740278
327.77565447470425
327.811981836129
327.4589406774806
326.47181095786334
328.0593120472752
327.35185661220567
327.28978881543884
328.58209876751783
328.6311364332539
329.047452131043
330.0870017862978
330.12140530999557
331.5860381858462
330.750308183833
330.5351829822848
332.1566677173714
332.8905555209304
333.63187274747344
332.1189764568322
332.46615663147367
332.9940613679187
332.7809538010016
332.2135444120496
331.8795429234212
333.42902110883506
332.7687378342077
332.08167005556965
333.5300806894032
333.6088914802639
332.64679101306103
331.9473403386195
330.6324386585407
330.68787296981543
329.19325899952014
330.75943889649926
330.26267402135636
331.0019503200383
329.83510980800986
329.92295547131044
329.51580247449755
329.5696995095753
329.78855015303225
330.8029874824071
332.00522837620525
332.08837087991515
331.1313579690997
329.5556034612545
329.4851550765698
329.54445517562664
330.2955344907418
329.6144891894452
331.1161667375299
332.09529736723493
330.72251379543053
329.7577622816492
330.02836729962314
329.22687914146184
330.3991846754362
330.60005667287334
331.33279110740483
332.0229524278856
330.3798137190162
330.24737009591337
331.6620585192324
331.2320222563163
330.1547694378514
328.82291229152816
328.3034743444972
327.51107074126423
327.8956762373712
327.61046053718275
327.8216045620997
327.48054783416757
327.53061738726655
329.12532963562336
329.04380131932936
329.1900355732996
328.02367142968495
328.0731987388912
328.12692231950683
328.3023847385991
326.86082833341663
326.94187643465085
328.5027248113057
329.40640241659145
330.01179424195277
328.824947027073
329.1781215502361
328.0305784578152
327.9938136318075
328.28982889633954
328.7083497596221
329.16588970649354
329.8082712357785
329.9112547998676
330.98629625592827
330.3002483506884
328.6849571371995
327.9755523607315
326.7270238744772
325.87979701515843
324.5802937053067
324.2402604986831
324.4094676757767
324.49694286933993
324.7478125243577
325.9185394826383
325.97723946885145
326.93823257117043
327.1378794105652
328.3518377705792
328.9783433669057
330.45152200333473
330.6694847419485
330.63498329710643
330.716690723198
329.51417593087933
328.2692411930686
327.3172110709728
328.2834424960264
329.8170972519125
330.540103626749
330.13138163632794
330.0576525467718
328.6185046094724
327.5629387825106
326.5059849183278
325.5294922677565
323.9868404154231
323.3964263145892
324.2626253547891
323.7062325433318
324.8265167455632
324.4630876345484
325.27869287625344
325.22500256188005
325.3307972710924
325.75444600081954
326.7718322489213
326.55420971452935
327.9729452641953
327.26389135766266
327.0122717452663
325.6159585516325
323.98047638744555
324.2254618355642
325.80037449878677
324.6269188900184
324.78121484167707
325.9201887916345
327.37763114781865
327.1137621596094
326.1745304697394
326.300758861843
325.78031414043363
324.6070194023739
324.66806281733153
325.39518844625695
325.4552142601378
325.5396543284619
325.47031218860405
326.96199505601913
327.61188214679083
328.2718080618874
328.11243484838246
328.0758681531478
328.9374129109875
328.518616871999
328.31674361094326
327.9498775916402
327.3587435432294
327.2340762314357
327.08353166547283
325.96915411305855
325.8585953375661
325.74990323847635
324.7844310191127
325.0706881363844
325.11222363502503
325.8012856109417
326.0503442184169
327.4555547055459
328.4164311193084
328.5897374450081
329.4420560982207
328.027205232397
326.83523523877665
325.70249305712736
325.7727877810665
327.05046274807836
326.9890360571382
325.93793362797066
326.0623049039207
327.3735138761401
325.81379168851754
327.0977094109245
327.0301801969976
326.98521605722493
328.295049727392
327.5396505621699
328.8425040241751
329.18124862789915
327.6377144320604
327.3380279141824
327.4106581602981
328.02051118263034
328.1163233009715
326.5930292326959
325.795763972656
326.43861868226236
325.69994113688284
325.7577764525517
325.8358267930161
326.47334040056603
325.52035193942464
325.9131413834063
324.75946519517237
323.3079279026339
324.54977644507835
326.0480034574318
326.08343678635777
326.7802475340994
327.1983433793198
328.13918429857415
328.02443206207465
328.0807494350521
328.7714937086051
328.16908798395707
328.55229942949575
328.0231950028443
328.4219509409385
328.02498489138856
327.8512235165206
327.46191242895895
327.4265686519601
327.1461665654393
327.0031004428141
326.95075745522973
327.3654552315989
326.9352218351804
327.0078202883962
326.8935651243986
327.8619514393951
327.6589155464204
326.70176788159165
326.66366642176735
325.2858559414831
325.41543210182004
326.1939260748957
326.1011735914923
325.35160316294105
324.7036436897967
326.22265167485546
325.79755248921253
326.4534406454451
326.2190592481057
327.64797532385654
326.47500623392466
326.6644134053575
327.9127334849548
326.5596153495132
327.55475355325245
328.35553963035176
