0 0.0
314.2517023006746 313.3193005892662
313.2175099053342
312.9917885173595
312.89035953352055
312.41303452815373
311.9684841443974
311.9999092049666
313.04105951567806
312.5039185198211
312.5786030149974
312.99079494056133
311.6370406152962
311.93969268692643
311.8791593874436
312.06902821553297
312.9984949774584
313.92227101091777
313.32363137392963
313.9454839416253
315.2432319684392
314.46638574790484
314.2613959429828
314.62842783847964
314.9525695553857
314.90779486276534
316.0713660329601
315.76795175377623
317.18778320565343
317.0063771453359
318.04333649661265
317.4535760383536
317.1346095549945
317.9129384122381
317.49502933064946
317.9631531636801
317.92777348923755
316.8374934602236
316.87218697756725
317.9256587021384
317.3912301174896
316.80969466787894
315.79058362964065
314.84891888690845
315.1272917175529
316.41972925615755
315.60719730074976
316.0212240944961
315.8635642844694
315.80870058548743
314.5382254676359
316.0132391746415
315.0914135639581
314.16949912098056
312.68071252948477
313.560110124719
313.74017912867345
314.74559410444164
315.5948542942829
316.59747700358304
315.72451666276106
314.3944492462079
314.4380833453285
314.4760735794978
313.6927823015182
314.28902281346615
315.48391836493744
316.89317600652396
316.0720184672346
314.84791803956745
315.4807478583825
314.2450235415009
314.27853565833567
314.4094507722196
315.20555957490797
313.7709731275727
314.7461368205009
315.1410635877742
315.24435132132857
315.29683824955885
314.6982132242071
315.1809526470236
316.61590652151176
315.6657541061985
315.6092047070449
317.2075402511646
316.80103498672037
316.7620138708158
316.20361142781263
317.7607804600646
316.2101067170208
316.1011251809651
315.9169657446702
315.8328005674349
314.9874540797066
316.069861681364
316.026030970323
315.7680110526414
315.1457230925748
313.94693581563655
313.3582542795111
313.86875638598804
312.7404203941731
313.64656716618885
312.9994133271297
313.2254772627651
314.2889590394054
314.36360791268095
314.8843658776385
315.9241753329106
316.77810279800514
315.920700493507
316.05050435423954
317.4337968521792
317.7240100302028
317.2773310385363
316.73842288603544
316.0378163297478
316.35294864578117
316.12944966959327
316.7011208712566
316.4861587683152
316.6704379258295
316.5864105300355
316.83626530255896
315.48090656757665
315.52085741578236
315.5786534332187
316.09869270500735
315.82256889304017
316.2423914913167
317.1414499559961
316.0618074872975
316.89978615382546
316.4394933061267
315.58689982332737
315.55347361075087
315.62213624217435
315.71378343920463
315.3682766926879
315.9263894849217
316.5949249976414
316.20689968650566
316.37694596948654
315.85686964199095
314.7949266254549
316.0833723111889
315.9171913228476
316.96595534127346
317.04422251483135
317.52918869206445
318.1364602970809
318.0634740729751
317.05700425282924
316.9730374074554
318.3622126557669
317.89820001378024
317.77527956440485
317.2201610223547
316.86923411300484
316.52993871549114
315.9793969520309
315.93579640380136
315.842093745137
315.7330907476685
315.83656049184344
316.75401950498406
316.86525933533284
317.13017997720294
317.2873982746633
318.3798857236482
318.23203840850323
319.426069723835
319.91910470522816
319.41689869068324
319.19149348913083
319.15924666171634
318.2901589888686
318.2196392447927
318.71090074733513
317.5386076023791
317.4736917104015
316.5727519967745
316.68369777657125
318.0571469573458
319.5656257038783
318.90511784946085
320.1957219956032
320.2346961704238
319.10734595106754
319.3129342023357
317.7844506843183
318.48285381823143
318.8470857006912
317.84409678166776
316.52245816448954
315.5128365331891
316.14869972644414
316.48713702617164
316.79268648880486
317.72901418576726
317.9750439051108
318.0147593230178
318.0486527750804
316.75215349258696
317.8633633822021
318.0837622326075
317.4095538401668
317.49519152848245
318.57682607880815
319.8947663853099
319.9657587047818
319.5814476231398
318.3867218313369
318.3280444135854
318.6271017714256
317.2923532882234
315.70909345823725
315.8086079406415
316.09447507797074
316.13203103015366
316.2457885778895
316.31911144855735
317.3750880698593
316.11993264561767
316.8608094526668
318.3162277093585
318.6488810746714
319.7445264048053
319.9403213507961
320.78325949273335
322.18882846446814
321.09740802262326
320.232577183422
320.0197205959442
320.7008592071216
320.653165308774
320.3374047317458
319.39852083521134
317.88623156352196
317.70329517119364
316.6670972849703
317.78216811612367
316.73662749369885
316.62404232799634
317.07886721831215
318.1494420903228
318.2199043437374
319.15306929258577
319.6059680519369
319.9707832215174
320.69496440620384
321.1659678747274
321.25784199991693
321.7134797810675
321.27976311134336
322.71576546928463
322.0615579844089
323.00089038871937
323.61670072343463
323.4950476196426
322.6418757231907
322.1555861267738
321.6628920342845
321.4767258579622
320.0022020888332
319.0844002424711
318.30264955756394
318.4186502394842
319.0935386672032
320.633955193858
322.0264352744652
321.9122376460215
321.9524534731907
320.9095070258086
321.27118678941827
320.28726345400327
321.0091410274001
320.35222846897517
320.4834705650269
320.798879512522
319.5940153001207
319.3189066863503
318.7126039726833
317.610798492403
316.73340607335126
315.4633371641776
315.04091476307127
315.2429588056145
315.5421653470662
316.1861033696953
316.65030667305666
316.7391008523678
317.2415298734348
317.53731019305303
318.78898249721846
319.29930982136057
319.48498120605325
317.9319999025545
318.48667426155714
320.0154751075969
318.827392437129
319.0310467285928
319.2746253538658
319.13010599191136
317.9428152298694
318.20877594784315
317.1648696581383
317.21638539499907
317.4126600072099
318.07888808648136
318.1323464960544
318.7072483822328
319.98116162042334
321.5411080614608
321.6274573844991
321.66142659309395
322.83861329472785
322.75349527349834
323.52391895815066
322.8307427607622
324.1864663459913
324.57388071521797
326.0158009595762
326.6477668926798
326.52704812544414
324.98600613635915
325.1488070324794
325.1126706705014
324.33801366341726
325.20679242474245
323.79452024059225
324.74141506053616
324.78696521987484
326.2749420535275
325.101034866985
324.82358550354445
324.5602023617454
324.4134431218393
323.71924247464915
322.37773426377953
322.45862225876795
321.8623645652179
321.8977542215532
321.53173886806695
321.5867593572971
321.73358191207467
322.66720705506697
321.8761757200122
321.671158892455
320.7040274338595
319.7424039044346
318.4347118411483
319.0606820615448
317.94354164907537
319.41881361213956
319.8113314898726
320.28683738366243
320.64392679327227
322.1637512540269
322.8882353142267
322.823892700865
323.288806527322
324.010348768072
322.8826405398742
323.5977342601067
322.49283196448414
323.29722234368114
323.2613859703068
324.1791369685322
323.4173081306854
323.67708792418824
323.3983483416081
323.5901480132966
323.66499930387624
323.42420076066674
323.39075954707823
323.7237300440458
323.52921222793856
323.6561629977673
323.5547254261363
323.2352317838787
322.2162933642652
322.35612648034856
322.1395300879403
322.85881902180853
323.1992394940071
322.9312133479514
321.3478333801716
321.421739862612
322.11886940700373
321.6821733605223
321.775839845988
322.83932679714655
323.169670302092
322.875589415905
323.15692327025624
322.84267398805497
322.2396387245498
321.1893294207544
321.6385145760998
322.1763553252914
321.248076943025
320.5620735269089
321.3671665978994
321.25132038979865
322.6932984759457
322.8137133511524
322.65848560765363
323.89394330713
325.10802591996986
323.8164365166776
324.82882712329325
323.7921899189141
324.25335279944807
324.34778315658764
324.60209514020517
324.27245984001985
323.69826494903685
324.94185564406257
324.8513491250265
324.023392923233
322.4185318035542
321.8312032036014
322.3005281924397
321.53780688411376
320.6769224713359
321.56473741285
322.8699397894334
322.8221411473417
323.4823793443397
323.0023025380402
324.3848571350229
323.8573809515153
324.9081245137616
324.2493908532065
323.9578745264155
323.7400018470194
323.0561788624214
322.54643473421464
320.95440723397274
320.0324161696412
321.5325640038491
321.8587144494813
322.17801410592665
322.51056985208544
322.54468127433285
323.23979314012263
323.34906907589686
323.1408741516546
323.3078727046019
324.7856029779556
324.9657337109681
324.5503202833918
324.39390256393096
325.93023184883003
324.7213363747624
324.2970042676439
323.03733879528727
322.940575320342
323.00690783936756
322.9487373199551
324.46656238456364
323.8346326738165
322.4629430738529
322.4954703028758
321.6171926148512
320.78415171982886
322.40673017256574
321.47003846155025
321.6941738034654
320.82635265307164
321.3617175519041
321.618163610777
321.6943473545044
320.0958457405349
321.33508663563106
322.9551127732747
323.04552923675
322.0796067587579
322.3270071925731
322.7718628518981
322.55382299599626
323.490512024835
323.7761132963385
324.3665110371728
323.428500055847
322.7017049043889
322.85091426654066
322.6419315493759
322.7097163540573
322.6771149458162
323.34834924599784
323.40199316108766
324.0573461788049
325.12279183971077
324.5320797865872
326.1722897848158
326.0974099959407
325.9059297305359
324.58515922320174
324.02096509587835
323.18963898118767
322.7314354984486
323.4308039297651
323.24411208827127
322.96406177184696
322.62400187491573
323.614231078894
323.2624203668145
322.49296687102424
323.2105380856685
321.76068971501724
321.51102363594345
321.05038915835655
321.32173959943026
319.98249973351926
319.83781049225155
320.9225479597926
321.1424663028234
321.5261307559245
321.36649455385606
321.4014462082426
322.2742766253691
322.73020322708516
322.98061853695646
323.54160943826463
322.245933434945
322.12627680559507
322.3124240695357
323.5460431195974
322.3938530603138
320.7931293177985
321.0053747171394
320.94834086356974
320.9810829192434
319.9286190916091
320.97619721802937
320.4248163491156
320.80010157783516
322.0563750042064
321.08706328717085
322.6353079813921
323.6336359243435
323.60027060429087
322.83591390267827
322.6501168954362
322.7008614604711
323.8364703108414
322.24912116778296
321.82873629422323
322.8643725304523
324.05912172434427
324.8685138487158
326.207499074355
325.4177064130294
325.0355632068265
323.7769691356439
322.7710388617764
321.3830852962894
320.1039504589663
319.7294107225209
318.38755768234597
318.4207984153164
320.0123178751825
321.56852041001537
321.66192613670853
322.8666410116087
321.5774784710957
321.5306472833094
320.4914714002006
321.00693949451414
320.1010894780163
321.2687201811858
319.64285817865385
319.79612035799494
319.84791405252435
320.66802680643684
321.1621358783633
320.3331325369327
321.7167574622754
321.42885184364087
321.93774563811826
322.1476070544363
321.901580282435
322.6333888662166
321.226963964634
319.95765749427795
320.2453575004856
320.7051047361352
322.2300274646898
322.38822430545633
321.40025446973954
321.14805128351117
322.3975610537471
322.649459685785
321.69882540241366
322.2988776650007
321.499349474607
323.13487030064124
323.0935356375144
321.5903249048006
320.210609061245
320.40281550665554
321.2228064122473
320.44607856593825
320.63956984521826
321.4317099873196
321.87493303983797
322.81134697942554
322.3766651249828
322.42002245016874
321.21189598141234
321.25239899983296
322.1800142368244
322.1471803754133
321.8829290615885
323.30368772622495
323.5825609053929
323.5455659629767
323.14415407353545
323.01328032491523
322.22050622819444
321.5802284365526
321.46054084105236
321.4283771384334
320.0179622335159
319.8482017776327
319.9860181566231
319.7731824569135
320.8876488504498
320.98894540021445
320.34027167732074
319.91810748944937
318.43231255823036
318.20852690155743
319.54318468454454
319.2940511721563
319.9846778168851
320.7844683738114
321.23470203268676
320.1870554832335
321.7401325750858
322.6381052706046
322.3202489756622
322.4576654959329
322.36678498153935
322.74155154742874
322.3160110802372
322.6408717676103
322.41345494521033
320.7875356248468
321.9732066756049
320.8578764398333
320.56527419508376
322.1624663278784
322.2696517492844
322.3230035339796
322.1932353190447
321.64255342249
322.47214046263673
322.3028329283447
323.79836686548657
322.32686033886984
323.4359231248626
324.10977510763513
322.84928281540783
322.31062135979715
322.15103574827253
320.927289462134
321.632100624428
321.44858246862003
319.8477445522452
319.19731302217485
319.1238294690693
318.94521688505506
317.32772607538953
318.3446165600819
318.62339414950384
318.69065883780866
318.60689770476665
319.00247606513244
319.7258891949497
319.6540140092502
320.9806293310029
322.3997758260484
322.26597098246623
323.7589688682568
323.90778224239904
323.1974893672457
322.4470161134925
321.36205956385555
320.14731495428816
320.6817076428706
320.23775957203003
320.1873768291524
320.25362660837334
320.66143150576966
320.75378412952784
320.084071732576
320.5548032683218
320.48409420815614
320.5510452554184
321.3952320056503
321.4419060919783
322.4505949022059
323.00503041891443
323.7887324324614
323.4640732450604
322.3744833668362
320.99926839550346
322.6071753841601
323.6484884721195
323.8749836215742
324.39202235567933
325.61857646442303
326.9523088162307
325.4834168597823
324.45375109580175
323.02847214340636
322.47602145126007
321.9433350991838
322.1649215745534
320.6921669188509
320.49599189206236
320.63598790874084
322.22494759664454
320.63278187552584
322.1709004321579
322.2273019572149
323.61614160713
325.00846646350465
323.5384500892217
322.96459771440414
323.5203777267974
323.41389520299725
322.74954545897225
323.1831880692834
322.5897657567261
321.502223597302
321.8108749081939
321.4952201834858
321.531268734093
322.85536480161863
324.3533590497166
323.94801378483197
322.80712866643216
322.6071036367148
322.4524758018771
321.6315854710316
322.76738153406427
323.1862592436733
322.2301279479502
322.9856011720264
322.77118332640333
323.12916606819323
324.41821227977044
323.7210586010038
323.454491217813
321.95461190784124
320.61066734721766
321.9407307658503
322.7333388543672
323.6066835763013
323.15605107210183
321.53612320190206
321.3334203698179
321.44361768433123
321.3044223242748
320.0286832242831
320.20584878719063
320.64761803093285
321.03953017976096
319.5574071302316
319.66409274950945
318.26123726023405
318.3618424626562
318.51440645978073
319.215067552084
320.3091285555098
320.61230426672336
321.46880402884017
322.40039039310255
321.6555206489676
320.24705150066836
321.87205511693963
320.51911046733795
321.26469982135416
322.1388062312449
321.0145036241015
321.1293195434495
322.4714802230993
321.83856703453023
322.9046589933661
322.5870720894679
322.1336597752931
322.2962849697032
323.3304972764551
323.25523205309685
322.71141869078525
323.47260741314574
324.05256351134676
325.25186082515313
324.0840556819187
323.24493752225237
322.31005229169676
323.08884829904713
323.0187281807015
323.75465505260553
323.42537988171995
323.37762057356684
322.23422811143723
320.60155674835977
319.79772468059184
320.6460136881708
320.5744387947818
320.4153531012178
321.95243779346157
321.3288471691889
319.8299765551604
318.88890517022065
319.83477936363965
320.67617934360646
321.43263637926253
320.2264166561066
320.9980978064332
321.80472471771805
320.5720420860611
321.1945063251963
321.3390431067351
322.0567135902793
323.54129816737986
322.76342270889717
322.94227364781653
322.88619678118374
322.61614548427536
321.4608107990749
319.83775954548395
320.70334652048
320.9673305030074
321.4264388815376
321.6362761859675
320.65575144179246
321.21596359530645
321.3823297205612
321.43112268987437
320.8930026605728
321.423269533541
321.9901376730726
322.379672355138
321.2492599909591
321.8649852691696
323.27837431781836
322.7636075194652
322.72373803484464
321.52895006266215
321.4784112796084
321.5127632893596
321.46732192445603
322.67599965104154
322.93189800877263
321.9523902298407
322.0729027221847
323.2123075119239
322.38041935437184
323.593839240903
323.3755105499767
323.3350764269063
323.2034497202309
321.59412876767794
321.7603349760068
321.42120781656206
321.6503947735693
321.5443770356559
321.6303893948305
322.5112615944934
321.85466942758154
321.91220161581214
321.6059066524533
323.209600579265
321.71999194257387
322.9253204811683
322.7260091218966
322.4170007178729
321.8929977906673
321.95280263832785
321.17119847457764
321.56354962176016
321.4969119249845
322.582816102592
322.816391961832
324.4327288401937
324.3767121927832
323.5013902553985
322.6704733371938
323.88301438316233
323.6951098260932
322.6206491616711
322.58777238238605
322.1150859675927
321.65473041396166
322.14860528796095
322.18809825582235
323.21878692272577
324.3712220349461
324.12366123054977
323.26286637222057
322.37997955548275
322.5678482223256
323.6708041815772
322.31500465988375
320.9279093619045
320.4170888878897
321.4963572047341
320.7964285746311
321.5214907855724
321.56881950971234
322.4378287857176
322.74188166948665
323.44697996747163
324.15631468869077
325.5612762147275
326.5205527931817
326.97279506535887
326.6376663833107
326.58430889657666
326.28889399072784
326.1173677757475
324.76800601219435
324.5678642325823
323.69217674289547
322.8282146696348
322.3640672583428
323.11014833598523
324.2234473900961
324.5058969579955
326.1243040788218
324.9726300357022
324.93789519743177
324.6610366147589
325.1580392732679
324.593028680682
325.2433405434158
325.1494393647829
325.052573425814
323.9084797054377
324.2053867093816
324.03818675684334
323.6508957095886
324.9855427209169
325.2555494639094
324.83479893509144
324.71868731905255
324.14843725080067
322.8260533109945
321.88961911722805
322.00576345758253
322.82143284703614
323.09635973392824
324.54097815540484
325.71878113609523
326.10139847294494
326.8916575849765
326.9372876832021
328.0115828895119
327.91211787209306
327.62141263772355
326.8821379761287
326.63840526899276
325.81549079529333
324.9051253158323
324.93772013101363
324.23277596918246
325.0723192293572
325.14428923368956
324.58825969197176
325.06980925136105
326.3056290145607
325.0059926064218
325.7017330806236
327.0046683893207
325.6567415166975
325.57065454120703
323.94071836000046
322.76444681978904
321.2903195335799
321.41552403928375
321.12258033187817
322.322045146702
321.69341798730755
320.9168030119296
322.47275651496363
322.5875695939985
323.84201968146243
323.7687751760565
323.29984289251365
323.6552231957326
323.96253866336036
322.44827315000265
322.5645221512608
322.28546126249745
322.463976127398
322.51109616713984
323.6177199148279
324.18663568336075
324.7486275090239
325.0104457699592
324.8877203349885
324.32773558858645
324.0673042949846
324.15599968407827
324.42472988623945
323.9671077032896
323.39772937238143
323.3089467345565
323.2440841275051
323.29577876759515
321.79916876450574
322.35525297418525
322.72730590725223
322.8812942182345
323.2241691632033
322.71938460890186
322.88711107095696
322.93959018982275
323.4584478117461
324.95966198237016
325.62775283890494
325.59504558399425
325.1853351792666
323.6272416197825
322.94791305889146
322.0252582966086
321.93385131175563
322.83061928133685
323.46728211027425
322.00102775262053
322.5898278308983
324.1756523881186
325.4223563040437
325.31594669243833
325.7110355358159
326.44329768953213
325.90786669289105
326.549043774507
326.5892933685627
326.27945565181096
325.64453377763067
325.0860152447399
324.98953083693027
324.8555782699242
325.6817618256562
327.33603969766966
325.96077988547574
326.18550989737327
326.15140414605935
326.0285455140342
325.49116130668506
324.2472287942991
324.3326466851271
325.1882885250208
324.0705473541106
324.03009455494515
324.3582151971525
324.6340342078154
324.1596902576665
324.2039947560867
324.02451061426035
325.2547519758955
324.34809437044066
324.4467141819827
324.49746970783974
326.0237144514256
325.83841429715255
324.42865726624746
325.5767924257835
325.2705384431739
325.3355781421043
325.81122217438696
327.3650759971679
325.8318953863419
325.51704869810135
324.40500478051786
323.2740005229491
323.99488092099404
323.91481792203433
325.2834520974939
325.64429884883634
327.2918306532601
327.99877776037425
328.61127909560395
328.4919867129853
327.4606690013506
326.3809461384547
324.76018644316747
324.0389660684548
323.1691374600112
322.92510415646166
323.50659854226984
323.653505353185
324.6845256278365
324.95658556673686
324.4807236857775
324.2190309078346
324.3757994077268
324.48471152106
325.5792420080014
325.4967704563007
324.1982832050393
324.29973513412295
324.80837193534984
325.0763913673531
325.15458457979514
324.8452860554332
324.6503105473305
324.5160791868397
325.83774333122756
327.4909462016146
328.29298031726285
329.9328948108745
328.67793848418836
327.8611712174068
327.25378290308055
327.28993920871164
326.8842712522782
326.84341233977665
326.505417539439
327.1629307051369
326.081873727843
327.4199187907113
326.2588460618074
326.84402684722284
326.5317067909592
327.8600485402312
326.72952456812266
326.64243699411827
325.82075476613016
327.086984209669
326.3608019175355
326.31793040076366
325.3992199200831
325.24397890363855
324.83293350747874
323.9141284526638
325.1216343578993
325.6559401542276
324.2591201040354
325.2351129150773
326.11958394454285
325.56195516383093
325.9137428892382
327.0847769971429
326.6833939772011
326.3433278165175
327.3920663265333
326.73970403869004
326.09568017694
325.3007989146041
324.948062940885
323.5827320636297
325.21655453283205
324.0150447196054
324.75479383824353
325.3182313542551
326.39899760281753
326.7299062422521
326.8841868281724
326.75924900724027
327.0441994359705
327.9777136967108
328.20373505684876
326.853491665479
326.4725732097876
326.4086207914894
327.1146923796636
327.0446983925686
326.0729506153193
327.04747300743946
325.8653344654316
325.6781647623838
325.8217653800538
326.09643224363106
326.66195199604516
327.08234310589677
327.11762034200547
327.60072691726236
328.4828710271669
330.027237412966
328.49742623350187
329.28668223518105
328.29274905226765
329.6800131104941
328.87045163895874
330.4234664523369
329.23081646892706
329.14190359689314
328.85989145749784
328.18992318084554
326.7732739395005
326.5909324426953
326.4855139023651
325.12257764012674
323.9933457081326
324.5737412497989
325.0367418936177
326.30190624502796
326.3378618464493
326.6634457083869
325.9499510483442
326.3499169244136
327.82212646989143
329.4446696279483
327.889181476808
326.41614021061446
326.4721617007587
324.8574811654998
323.956671272543
322.81308856621973
323.21591595189244
324.62655595945586
324.67716882248664
325.0637346622114
326.0441675603346
326.3630029237842
326.5565156140881
326.9230187420306
325.7998681677853
324.8877750241203
326.07020519148244
327.6624777688532
326.7958887122388
326.84122563407254
327.5782094730751
328.6814240238159
327.0653259737904
328.28621387488545
328.2220907940511
327.06832150697545
326.5104677890161
325.1311170201956
325.0536305208168
325.80978502438774
324.89249872519065
325.81839226445834
327.06807563964827
326.64888114201125
325.86945532192567
325.79821696829265
325.2988224466301
325.3775918551786
325.10632215685774
325.37309587788985
325.40757922681667
324.636793283159
324.86420924939836
325.2624572385072
326.33639351726055
326.29881370570894
326.5326933145095
326.2196563903096
325.882610846617
325.11194670317457
325.27935192908484
324.95064616797805
324.9855481750914
323.37380166819617
323.3335383875686
321.84302167371004
322.4669561932364
321.55081690376414
322.21537147274364
320.700315697741
320.9656246826624
321.15970668821456
321.47086607397716
322.2949780507663
322.9966470093578
323.4153805478396
323.60236210291316
323.6357410644305
325.11025591983247
325.9620254798224
325.38169244398455
325.24253019711165
325.0834192596707
324.1247340633953
324.2884752851008
324.23565477408897
324.8442532665191
324.2600941303892
323.8338006209815
322.39215147333493
323.5262872986649
323.83820137718885
323.72131625280167
323.21024629530933
323.05892965272443
321.86804573202727
321.68856049438324
323.31888415995064
323.22844530297084
322.5788954082217
322.84914035921486
322.3673596857134
322.1419993222461
321.5044768412383
320.5400149219556
320.1570076586752
319.77778448010275
318.2153529809717
318.6083103504275
319.9341558002721
321.37930899956547
320.9951315649883
322.51232245180285
322.0626556885621
322.1287543903801
322.21660460805305
322.7711075685499
323.7921517536105
325.08260011536356
324.6293043374936
324.9122548369018
325.676624094054
326.2562116033094
326.06297499442513
327.20499513778435
327.45676638756237
326.8994035162359
326.60780068105873
326.2900470513813
327.48133104317316
326.14999658541046
325.4724215109896
325.38986417070316
325.1710288991682
324.12225766863526
324.6722764308347
323.51012773440533
323.0145371323239
323.04982005820534
323.7350245732903
322.1489876626894
322.58332083582366
322.4009502285802
322.5361061569469
322.1529071791585
322.83582075298284
323.6875804664418
323.6442532166205
324.649396157511
324.4121081611848
323.5133732291903
324.99982239148017
323.96672359808656
325.3017621426768
326.92567633507446
327.458550075122
327.8756619488835
328.9536311002976
328.80757499412715
327.8375134504198
327.4843336025545
329.1178557348573
327.6683862927996
328.5248413197642
328.5860392373689
328.3546750457082
326.81914971449214
326.14708640500226
327.01723237735104
327.9612683765267
329.5157924579036
330.90172684848824
329.2929034420802
329.8943867648045
330.80058759837584
330.2484938056953
331.47837814452487
331.19604251345555
331.1628901850099
329.6439230128913
329.0076883497236
329.15233888345534
328.2305946290567
326.91010238796144
326.454280069602
326.23379516774327
327.1213755156304
327.24143079860005
326.4289316852086
325.5088686376696
324.9641089909082
324.4446419851956
325.79227720231626
325.75851221847773
325.29986391750253
325.43275052128064
324.9050019212988
326.01858415013476
325.90796736025226
326.266434752182
