0 0.0
306.18405593447534 306.13369016577604
305.3330543335291
306.3484571082494
306.87275386256186
306.3168581973246
307.6676662688047
308.04555932814355
307.9756338533616
307.46381173418257
307.39003250411156
307.1067074031149
305.6479677509272
306.43433533079826
306.3976350255249
307.4749833657828
306.5523255814089
306.82695292764356
306.4260855114483
305.81502546377294
304.3924950204854
305.58560335151236
305.27098226819385
305.23583686826333
304.8382675023726
305.80508783039096
306.2084953936038
305.77948947386164
305.86357476124675
305.7343828577323
306.8722932116203
307.78443239027706
306.730801049868
305.9938808045691
306.10352954048545
304.9086756914438
306.02240679542683
305.8575746081911
304.41190254222306
305.92241051060097
306.31920009907157
305.3717568813821
305.6367400255402
306.29991011705454
307.1123995283353
307.9035813194988
307.9937542602775
308.9332749296809
308.54717140986185
308.4504847900253
307.33755205505
307.5822425638322
306.28874287543425
307.23845749648495
308.42782058808706
308.3643568346756
307.46731129905066
307.05183539963485
306.1374305327499
305.3431592531711
304.03165391098867
303.9909755731266
304.39364203762193
305.38040427131006
306.28045783503836
307.7159887951924
307.2782330447859
307.4680029974093
307.0741982882355
308.4752388649439
308.7890730257034
307.57802760448004
307.00445704414904
306.5731368516156
308.04062987057347
307.0028032571139
306.48811988368664
306.3314513907993
306.9417396841794
305.86389341541457
307.1991969081737
306.6586084582548
306.2245731375771
306.1459095375877
307.10322660907076
305.86015838358725
305.76623793613294
304.64254884268075
303.804119252124
303.8382955699034
302.86621833275444
302.82946359884994
303.6267532066929
304.2003263396138
304.342333047628
304.4517898636168
304.90592964030964
305.7351308427717
306.66733043637277
306.398736011107
305.4446204121075
306.5311538224657
307.12652259910544
305.89759991439416
304.4273326256243
304.3387903021736
304.9898052968635
305.4022608342676
305.4336476440212
306.1562800747195
306.25426761910467
307.5882282858574
306.6371525144516
306.87875662602045
305.9658012588974
304.52451200799607
304.5816479965639
304.7517321339286
304.7940431420879
303.45897049919336
304.7057492247955
305.34123510868324
304.5762925015381
304.40931802219916
304.56802319695686
305.1276430525398
305.6936366497525
305.76876736856144
305.84217716449535
306.6197849320932
305.65753744400394
304.30771298266865
305.77120508591554
306.78792206346793
306.65623606075513
306.70421780348084
306.5468626483925
305.3522138139898
304.23698825707436
305.01203567683297
304.9303500007927
304.69432220192147
304.982338278664
305.0483467224697
305.2687271133245
305.5377412360744
307.0222878114354
305.54172500589146
306.78142214308036
305.58667491669775
305.6201922249836
305.7657201301969
304.414573956573
304.7506161072117
304.6994585128668
304.25205837798734
304.0744323340219
302.7771883026853
301.8521885594629
302.9279134332821
302.96647888063444
302.6014729250007
302.4906389846908
303.9512396374385
304.4118561110374
303.88168058568465
303.76637038416254
304.2809117144541
304.050902353203
305.1946753543732
306.0005251855554
307.0690583047304
307.73199001854795
309.11374873983414
307.90379197386596
306.8241120634176
306.9532353062743
305.6016066956413
306.40778800132625
306.780395231056
305.6992907556174
306.3753276969926
306.34448844542396
306.71732777107763
306.4638847086537
306.51796816351623
305.62711959747594
306.26219836238255
306.54640625245383
307.13788423087
307.40447475448775
306.4242609079385
307.85764063152
307.82404573709044
307.14883940811796
306.2392482565904
306.007229462657
305.88559679533194
305.4664734306037
305.50876474942874
306.73926630040205
305.3615331673693
305.23947407433946
303.7462707271474
304.86185920827535
305.4402991664964
304.87773258807584
305.11554816321205
304.89846620181714
305.143420012161
305.24357635925185
304.97355699687546
305.09717758585276
305.146436174182
304.74852863270485
304.8876839626186
306.4288888162805
306.942320545731
307.30305330707523
307.20318951143685
306.2874872889749
305.5999217489737
306.0155244436267
306.66509079425236
307.88776760776244
307.97005088700735
308.3300931460221
308.25113625838804
307.7196798585675
307.0176200609768
307.1328829849517
305.66409501219414
306.138765219441
306.19537748391855
306.512160882897
307.83642339802606
308.46155361857257
308.4286003032391
307.8840667478511
306.4271019624317
307.25935109574993
307.1531155765607
305.92358882760493
304.625006574411
303.7247506067915
303.8521975181795
304.68487446511057
304.52187172179094
304.7634866325005
305.91436199498594
306.9924340153744
306.8852786019054
308.18678332049035
307.64470300060054
306.1556633952893
307.0568454878172
306.5275830001962
306.3914417152464
306.4871813628598
306.53312352270257
305.9736111114985
305.74168150180657
307.02151334327255
306.7772740569757
306.8623139229644
307.3067722078291
306.6528315121424
306.180992253954
307.0677857718352
305.9775952901039
305.45688112982884
304.83071270443594
305.52129192259065
305.48907190656774
305.44748004623796
306.00084156451413
305.29475832372975
306.33880135827627
305.04837887408337
304.86230932179194
305.33127720074253
306.54301827240874
305.3812497964293
304.57559022816366
305.84690112700395
305.6152450254418
305.5831291924918
306.14062891842826
305.412515990741
305.3687261832629
306.8640509127327
306.16046171756074
306.03074745429404
307.2386413497158
306.1918203862639
306.227145077966
306.3233273871306
305.57179182654295
305.6719280892241
304.7723691967757
306.30133876884395
307.5086363400473
307.1455635138538
307.4309623880246
307.179107977432
305.9530338092051
307.1330277427859
306.72399123415465
305.85814122520367
304.4509297912289
304.5062533527666
304.6905004516159
303.8264930126148
303.4859462505967
303.92161406355854
303.8419805159585
304.3077479795691
303.71696838278314
302.42721083039567
302.8097326797594
303.6384693410398
304.71754237350945
305.0792230480359
305.11347132132715
306.611172159103
306.3256652993897
307.78098565529484
307.611368277631
307.3270839463232
308.0122003647673
307.4993674335102
306.78979974615595
305.24615211228723
306.44576099634554
305.00245975035534
304.8504732745157
304.0167811831147
303.53707714204154
302.0466963976666
301.8730088107786
300.63256859735947
300.22866324636544
299.6420910990832
300.65399256394767
301.7275393153956
302.44272791476646
302.6203214325164
303.65004293297034
305.081255879998
304.07860392542995
304.6370233985896
304.92165946533765
305.4211221774026
304.55698250778727
304.5172028735939
304.478288085014
303.160450477988
302.0262696071176
302.0762872996092
303.0013343642514
303.27230683520975
302.50383280526836
302.7879628849937
302.8685639603833
303.9846814258376
304.931402634128
303.4915507516807
302.43764963122686
302.4074010170185
302.4609117682378
303.5664406139971
305.00264898228977
305.63627140042155
304.7568340917926
305.8156152300599
305.7134710860392
305.91791281935946
307.45364332839443
307.95236379143313
307.34603882333374
307.29521287827527
306.98101027749163
306.5238768185626
306.3007960238331
306.1364496033022
305.40190105491075
305.35338760231355
304.5208418706991
303.97596437673985
303.91935722095803
304.77686855167013
303.37773908517624
303.7813186891943
303.83842841771536
303.1394382653259
303.22406413288803
303.3256713630777
303.5922839333251
303.4086085810126
303.8054730277072
304.18743907793436
305.0913968989135
303.6101554473634
304.91997024753505
305.35681715555285
305.44434113476854
304.7696110593143
306.2291740863384
304.737714034028
305.73880012235657
307.0884837831812
307.05272951493237
307.2469523592399
305.83922073321406
305.9465445809112
305.8288319224491
306.1898436400747
305.5990146748443
305.8095804019225
306.11830688916837
306.82635125899253
307.2340164888514
307.31378888514763
307.4566134793988
307.92213375991895
306.4184664139116
306.1109870694462
306.8047087101506
306.7397555126297
307.1226507869183
307.4004740659106
307.4403260429556
307.0644242107886
305.8814556817489
305.614202314671
305.5690481851141
305.42714459347053
306.53572324415507
305.7954540381097
305.4404196570289
305.7625622821998
304.21625855331865
305.6542636447567
305.59663361614537
305.64830848556943
305.27814545636215
305.2476029375559
306.17945429010274
306.2753500761043
306.64301596776033
307.90372766096067
307.03736254626176
307.10283108022503
307.68668309402415
307.7217686066569
307.60799512022714
307.45955200832486
306.8689502634007
306.64871265502825
305.8664158990345
306.0555337963107
307.333803213486
305.98779388318485
306.1481584879317
306.0434197462459
307.0265367049129
306.41811270050385
306.80195777871126
307.60100843230384
307.13993545481173
307.29558130579363
308.3894487704645
308.53642544717206
307.917026584528
307.0227746709575
306.618793623523
306.4961469530926
306.39283742847266
305.89012671794234
304.94009946532736
305.59599265811585
305.54122758334034
305.37139230557096
304.9056196588092
305.47729438890036
306.34151643576905
305.9501709328184
307.0752934777884
308.1941696113413
308.9993796367249
309.376191075196
308.10344207889244
307.433140681564
307.10450910611587
305.6925744646902
306.74537136415756
308.0753394178327
308.19363069768775
308.26039402468024
307.4383697970903
308.5098991478959
308.4777266447012
309.29270844763545
309.06921750005245
307.92912824809645
307.70870131200365
307.9713381866725
309.0864137356051
308.9124504144891
308.71458219835125
308.6162354790858
308.35737483099905
308.7088519474165
307.4110792701833
308.7942719305079
308.5869275691152
307.61927909991834
306.5178578987819
306.12822260140075
306.6385545313417
307.7047183593891
307.75092998800255
307.957666228874
307.3483758799997
308.12028638579517
309.13910960018427
309.75543683994084
308.702277585253
310.26578477196813
311.13475123675687
310.203949517307
308.627201736844
308.7649278190552
309.0764584103195
308.2193595350009
307.9410425445383
306.45700046609977
306.6014890323951
306.77805686362194
306.4655138912625
306.8901378488177
307.6873354298437
308.71059933095125
308.08959402768204
308.49613812891766
307.02809418730453
308.5508339062785
308.2314066816088
308.3815115078871
307.1210863258737
307.65004967342145
308.1794204936877
308.21120392014114
307.51523732997146
307.75380901255704
307.7927030879854
308.2697433583369
308.7288663707643
308.11652776999273
308.1484280956067
308.06114527951377
308.37606655909383
308.1753393269138
308.0637226930607
308.4730415568446
309.08857163444395
308.6480405701042
308.1559715566139
308.0913657606201
308.03625769584954
306.99084890649027
306.7543803067136
306.7948070249891
306.5635290770152
306.3973426446419
306.52564010598695
307.4899800303714
307.3009908305645
306.87208764231156
306.70843998399704
306.0832306952765
305.80707091221035
306.3373054909002
307.47019779946106
307.71010363672946
307.62212490263374
308.51962515942853
308.6403377570475
307.39669520227835
307.7479085796307
308.94786317725186
307.69681400707515
307.86008439264094
307.93562574064185
307.7493191771784
308.34793952969227
307.34653781571166
307.73867731706247
306.8822346971611
307.01988397820315
307.28099040706036
308.3337329528508
308.880560096429
307.5573098144709
307.0686425531029
306.72338356568207
307.4595056732524
308.125710268945
307.66216098733213
307.19789716698375
308.5094047065289
308.264969028194
307.35653270637766
306.4677263016728
305.0507557233269
305.3275143552548
306.68613721092794
305.9731593452284
306.58693688188805
305.51075383820285
305.91131477116085
306.7665550994115
306.4314611321569
305.50078192518623
305.9730755727006
306.41489461976687
305.70740563811523
304.80470392288174
306.0637996095475
306.58144704816436
307.0400290197519
306.35761950990184
305.49879524170467
305.56136137515114
305.6027398931322
307.0398659526817
306.72038496256596
306.17136300305395
306.23630871595293
305.15721551297145
305.21185993408403
305.8162900229818
306.620152695322
306.9882976473117
307.1221928011807
307.3251606119967
307.55315070944414
307.48060977076193
308.6277292145891
309.5184135337684
309.82419509017825
309.983601876323
311.0719118175611
311.3808425387024
312.7668877686967
313.55972154242147
313.52081026564684
314.5415414294199
314.4286167903872
315.7166634703914
314.1860338693918
314.51650847856047
313.0753119345672
313.54192774799367
313.24720518957196
313.6334709996531
312.8049813921019
312.61283735332825
312.4444579456007
310.94969450125757
309.6186702863664
311.1465327525491
310.2031327528621
310.08633353951484
309.230868711687
308.9420080126465
308.8571972252296
307.45078731881523
306.99012702149633
306.65898115394356
307.5296755186488
308.263089531935
309.29439467383105
310.79524861467576
309.5788172254824
309.84442917994966
309.2147912782891
308.2754801274684
309.7470621374185
309.7896258234711
309.50805843348655
310.57336443673006
311.471029302933
311.8452393586372
310.58050343699
310.6521337559908
311.66173735614524
310.7230851536685
310.8808238785546
311.73162219676874
311.6199269416304
310.58436682601393
310.68073786295605
309.5668009128313
310.54437654151457
309.74285155692115
309.8132617622075
309.9945832266066
310.3462044457846
310.2208481936936
310.477011777502
310.7626775506561
311.62012268715637
312.2252005906017
312.25740151466493
312.602484265001
312.6347024715642
311.8335564469266
310.5242288781737
311.27049823757903
312.0235458227806
311.70952396993044
312.2827063109754
312.923636600588
313.6597484289144
312.57804393993075
312.5337918191095
313.189523195713
314.7501844769849
315.5353923065223
313.93584356772186
313.5325685689976
313.49600358752207
313.4590505922323
312.30092585263407
312.4656017646008
312.23629893037105
313.75758067012026
312.7718918587082
312.72865028779233
313.01793610208455
312.8897482902841
312.6140318637299
311.5254318580925
311.44228549980613
311.5540843212906
311.41407591845706
311.0787533985534
311.5345812415916
311.415454991252
312.7338442503518
311.61904404885973
312.09434351841014
311.79679928538786
310.595554364113
309.0170990470854
308.52378452829197
308.44563948211953
308.97783933538636
308.37904184725244
308.41974630608087
309.1577538413442
307.85797513799764
307.1312551109033
308.0540380600596
308.1044846529338
307.55343673514164
307.7854032745409
307.62226763607663
307.8310387950071
309.3318132426927
308.39186115968187
309.61255758414273
308.1077288548414
307.9165271177913
308.7579203806804
309.87549426576913
308.59063296917765
308.91185562347425
309.1134323000963
309.6504305988461
309.723072225563
310.57865100383543
309.1403293839811
309.41223394082175
310.5100379272192
310.12213468512914
309.0219200022419
310.5508248718975
310.62622223722695
311.36965118686527
310.4611510483061
310.53370694652045
310.6757282498956
310.9498832928737
310.78227350668067
312.1053368912995
312.97716825927444
313.28836462279816
313.5933873931187
313.6339992207447
313.83260016077253
312.83983419003437
312.1518866853988
310.7162735253108
309.3438263270731
309.3004162300616
309.15982027548404
308.967604791698
309.0450768661045
309.75730878425867
310.6684493477246
312.1131802039678
312.3081587010085
311.3427014573888
311.3999089847074
309.971444549655
309.73439353599247
311.19169857039606
311.0516239641367
311.45403078182034
309.9520593322132
309.9105033723926
311.1038832687375
311.0662320101324
310.48241979456566
311.3011613521829
311.0271172644734
312.29108774036445
312.04448125963165
312.84144649792944
312.7262986262582
312.65225375260144
312.8851205723226
311.6364724514546
312.0933823981897
311.6240654110928
311.58408642249884
312.49979646674285
312.4556711024265
311.8711095318917
312.06449380093983
310.94491728910356
311.5826925905131
311.0371864745343
310.97366761460916
311.0525172876073
309.7601677923004
309.85792030287024
310.4904907970126
310.6155967754164
311.34869734419334
312.1401815163377
313.3897701751409
314.0337890734624
314.24326439723444
313.41856757859244
314.64450327762734
314.2458272051239
313.64339025887045
315.01053319830766
315.2320594343255
316.4262055926339
315.7685484125798
314.57588707824726
314.31625443181093
313.87735562674607
312.64268984149084
311.9318889020678
310.8001320123889
310.5017657219191
310.66963618803123
310.77838818259846
309.9049753126334
310.2804607552703
311.81971543600736
311.71896036945566
312.29345008188363
312.43135981688465
311.6019752609958
311.7024415594868
311.88836877063466
312.0653161976526
311.1663490467558
311.26025936687336
311.3009545024343
311.95976652239
312.00443286996807
312.2863455663563
312.04384793754633
311.07696056130004
311.1258402837923
311.91812592928454
311.9558720255258
311.99082414195067
310.6395199073159
310.42083325008974
310.09522548535216
310.947893871574
310.91263456563
311.4322868115476
312.3399033678126
312.1656430572478
313.2657768614322
313.77617674471855
313.09560426834355
314.21989072684664
314.6812445979219
315.58460440987716
316.0594572008021
316.24488419857164
316.91482444119794
316.29022539990643
316.05501095348654
316.0227590644166
315.76220816933295
315.50435755069947
315.42911083129474
314.416627924296
313.58700795480723
313.36031831299647
312.6649649305902
311.40459575427155
310.5032839885995
308.9690087482344
309.3811720562403
310.6979045229092
310.7568019664882
309.94595933275315
310.00626905631094
310.93700232223483
310.98316464143033
311.4204197348305
311.6124474997964
311.7248496431588
312.0858952377595
312.1544380382978
312.94031857198274
311.50570422245397
313.00926343496644
313.1510393086635
313.11553817672956
313.85578511412615
313.35128612076454
313.8381708497031
314.62253878218576
313.8449399610776
312.41641590134856
313.4294905416156
312.2102692128788
312.3676085887413
312.18808615850566
312.4189349056294
312.5312335473578
313.7602372718195
313.28359266424
313.3402064139591
314.3904661830685
314.53268356460495
314.0750659531892
314.29440894297346
315.2792105167565
316.5891900428642
317.5232974387188
317.8476104292427
319.13025470819446
318.39157461063763
317.63862356416854
316.38367751559036
315.67003378789127
315.92890081597136
315.74985098489765
315.07324396959245
314.05182273663473
312.8097302384422
312.773865293924
313.12250871501584
312.20105034913183
311.4332446912055
311.35359387728585
311.38688132319453
311.5769186339303
312.7819243334857
313.1207699771067
313.0778148927313
313.1286585010697
313.0409860766266
313.2731986831903
312.1321269753531
312.3848449306939
313.0234382438864
313.11487888175026
313.3682300446208
313.47784767851596
314.9582736339403
315.43883611900344
314.2421640609711
314.1416318531371
313.939782604046
313.8296415849035
312.6802546558694
311.58583554967225
311.71741585891107
313.2474376511096
313.31917026097074
313.46664143151963
313.66185535491815
314.10001534852677
314.1364681408763
314.1773378923627
313.79602617909944
313.96334262795733
314.0556793299431
314.1471619413467
314.02205126018237
314.7074457093818
313.21476845422904
313.5382416763805
314.03338015023013
313.81037104969664
313.5335667874651
313.7057514399763
312.12239801110786
312.49661713911786
312.54050085137294
312.8316591755581
314.1851284535159
313.99203094168763
314.37845841620026
312.87589008626685
313.28116896991315
314.50307759113014
313.31303229955813
313.6879238968703
314.1742211814119
314.38000222360176
314.4611452071047
315.3435543566676
315.71678532918025
315.3277932506124
315.23440820438174
316.35957968443347
316.6429945620557
316.4899355519568
315.69285593806177
314.25331350091284
313.8623119497607
313.99201333885657
314.59034714077575
314.3773023328223
313.3239999621001
313.28721509432273
313.23806080928676
313.32125563385455
312.5562736479718
312.3036314242503
312.2275439276785
310.95803985748535
311.6145835686427
311.2961005704843
310.912807716665
309.3420030106533
310.3108545958448
310.6226585883651
310.5500337708921
311.52697869299413
312.08202713378455
313.5042015139847
314.11128970678624
314.5621195509946
314.4138896503434
313.3210196580038
313.3878232784461
313.81602184744565
313.69099474651074
314.8760929756297
314.32652625180606
314.2833624557292
312.78962763378524
311.5018703150717
311.68092828125754
312.87971391568135
312.76708740465824
313.3775685979282
311.9439589009504
311.9865889774472
312.0596567971341
312.5203692719096
313.8257841107751
313.78206643065886
315.01242840248864
315.05040361142943
315.0013941771707
315.08405747165256
313.95654033728306
315.3210926802091
315.59021581358496
315.3172597073224
314.48165967347995
314.53874975734766
313.6750744646745
312.51851839208825
313.94126334884106
313.48070456679494
312.9552723882412
313.05700934039885
312.9107393108122
314.0090552251347
313.53928144288756
313.8988912647004
313.71965576729696
312.6714032305881
312.6379831369277
312.2526373976796
312.28636037533516
312.3621959917751
313.6464374705788
315.0653783525332
314.77706641982013
314.71963499740656
314.6694589636917
313.46463762131935
314.66485450686554
314.9478574410891
314.7697062041015
314.6526883757132
314.61161130172064
315.44750824387137
314.5121082132599
313.2780267384788
312.09775802215097
312.8579226801272
311.69391578154494
310.21623438573783
310.9885973580545
312.00804000193307
312.829438795166
313.65176014009796
313.2297070792584
312.96838602256565
313.12975914348726
313.62229232736894
312.43411530052487
312.510253645844
312.658986552278
312.2858267430116
312.5131712755726
311.14246855158814
311.753959219631
312.6208761229941
311.556219485692
311.63870065231265
312.211819252145
311.83581554922756
312.28026695099317
312.8023418285326
312.6329651144406
313.30238315909105
312.70213691023156
312.7341359163731
314.00204232924574
314.04931326724466
313.1756605044839
311.917216365421
311.99746323553575
312.5637643571703
311.88124507806293
312.1667180551556
313.7055924406611
312.9919313360642
312.0624140966163
311.2958652683461
311.39891877479846
312.47636075935645
310.9179354820078
310.4856890173541
310.53925496958124
310.6225091378118
311.312849086012
311.93841199393086
311.3418737947835
312.05141174460016
312.18370663581254
311.253361137118
311.30040435601796
312.0740571804481
310.5602867642689
311.5759678999027
311.9501524700811
312.3789449730118
312.4447715177161
311.7916907784275
311.4793742124846
310.94400764252435
309.5284767337041
309.72368981712043
309.5562300232235
310.7410082091497
310.89781608509116
310.4865450868873
310.2189041461694
310.448263373655
310.48157152649003
310.5164040664841
311.68193629182286
312.4153480698901
313.0377348590967
313.452913967716
314.65502956990605
315.97062440900646
314.67526359276894
314.8576095642424
314.12842308416936
313.5872901705089
312.3738637527183
311.58978514419766
310.7952911893877
310.99107292719515
310.8300033539134
311.6399777797239
310.49075612595055
310.8071038101036
311.0394168304307
310.93703550951216
312.4258722492408
312.4677629660696
312.6413738905384
312.6786334226959
312.48728437437063
312.3689743412281
313.93072407073095
314.57132732204366
314.52963429740294
314.42297426762536
314.80258624702213
313.93437920941176
312.3953497531712
312.4615588530585
312.4990428209989
312.61523972064685
312.3577108708319
313.7668914774901
312.9114340112373
311.37602074803937
310.9066116657986
310.83376375502394
310.95172992478086
311.1173847908119
311.6233461258053
312.62938531743606
313.0945259363863
313.78483429994776
312.9447407024044
314.03653211418816
314.9403366080813
315.2973974601178
315.2400179289613
315.8593653629955
315.78231466045384
315.9260461829658
315.41414465908264
315.06539619029803
313.9597681061896
312.80635432112325
312.4388975700178
311.83510504286585
311.9489925945038
311.9826003942973
312.36096236855013
311.01578211300165
311.3291223935703
311.4879549338667
312.7888680077147
314.0131027083435
312.73210937459004
313.1286751025637
313.73464743683616
313.89381776602136
315.46775786551507
315.5696946450775
314.9505221248809
314.91897276166605
313.3768029224699
313.3127043635415
312.3732275090394
312.50368125107985
312.6125829862158
312.8659612201234
313.270823145019
313.30375526649715
314.07557416944337
313.9300330084802
314.35029569029484
313.58631201769106
313.7415609842149
313.48544639188424
313.6739963105197
313.6000480376573
314.9136865518806
314.9555884697844
314.8125149838921
316.40109102965295
315.79699775910865
314.4097062014402
314.0552959600647
315.2309585996726
315.4453044394715
314.74563416453645
314.3632290943701
314.40945982285575
314.3603826670736
315.3488690894416
313.751918520766
314.86032363777525
315.5434556522822
315.2986484680012
314.68847830421726
314.1343992465182
314.2937400604439
315.02204940220173
313.6739456083642
313.7272523002004
315.2839636553459
315.232109475147
315.89259377858355
315.0830726243677
314.72731983331596
315.03434375647834
315.2881022547935
316.0644701981724
315.52348247428586
315.48821325860695
315.44934209124665
315.5078548554575
315.3919418263876
316.1236081700744
316.0915141946883
316.29653829291493
315.8009931461128
315.30356792788973
315.34535292349346
314.79272437190895
314.5679994486509
314.45836824188746
314.4180485311917
315.6699645912101
315.1419447179093
315.1743415293261
313.9634184473415
314.84879602000893
315.402034137846
316.761599258345
316.8208173384166
315.47138704732544
316.66658816174174
316.4244037774858
315.8897346904699
317.26765508383437
318.2706748720754
317.03609694037397
316.0176206441396
316.4791787933267
316.61438898204096
316.4816870235278
315.5025779894031
315.5923856280435
316.7400866245964
316.66082744963757
316.39509314821487
316.183115601191
315.294350550307
314.9678412096121
313.6133272980381
314.0543654889918
314.1303637154738
314.18084595534236
314.97306977472914
316.44427921472754
316.1755791024734
316.07552271219583
315.6022998546893
316.00666227050283
315.48983318047505
314.8556928723809
314.2290539743159
313.86602338123015
314.6272076981862
313.0721885690643
312.1038276276965
312.4410464211758
312.70529944976886
313.04318229143576
313.16839055019864
313.34690926492874
313.88591376685196
312.75203818982004
313.7372772012928
314.40253273932
314.47801737677224
314.43006710939494
314.2793288376611
314.9508930067179
