2 0 0.0 2.5859527269965694 15418.35440789526 2.55
302.99047972222445 301.65312938781017
300.86851170489973
300.99917436307834
301.5533661132388
302.422077485991
303.40229081360144
304.47877861695787
304.2875561137224
304.93860496361066
306.46363952926754
306.3970761108956
307.355228166286
306.76325651920075
305.6830242504224
305.72899426504097
305.6420298126528
305.05086876517504
305.5474866290955
304.5019731079299
303.36147030114006
304.0787817420206
304.1504921667943
304.30657783776655
305.62996256069476
306.22077339591954
305.9901454057292
305.6209702030992
305.13592644635753
305.192044546171
305.1566650082476
305.34843852162896
305.71776762157003
305.5333936099908
305.4091939397458
305.52005009120137
306.69215589602413
307.32755504807676
306.1328457265589
306.1739570026371
307.4954234123022
305.95150070635975
306.40563365531705
305.8607747903875
306.72605862721434
306.17551658957785
306.6461231847347
306.43294884295796
305.14838592495175
306.0899054866158
307.1298648713561
307.4937947252939
306.57496941195046
306.45476954404324
307.92045100639757
307.8883857066318
307.6601164881907
307.4596010374787
307.1154593422006
308.06597414194374
307.49915710371306
306.3002916453958
305.2272985736915
305.2678975457632
305.1216619141968
304.23106073540487
305.67794534516355
305.5513781618542
306.25519462678443
307.6433412035402
307.5056934548728
306.6985701168355
305.7263494549053
305.58592675394107
305.0523039169625
306.217685317206
306.47045687209504
307.4043280492363
308.62222330224023
308.56094223670436
307.64530561092107
307.6122109324955
307.5430058680111
307.1315726981937
306.3469328136653
306.15615393443903
305.6620460774627
305.9323301367377
305.5505770345155
305.88059936999355
304.4678121469277
304.9987378181782
305.9602258397616
306.54084791616174
306.0204591024475
306.2183225848249
305.61786611622284
306.0902364632642
306.6290494663609
305.9548038248154
305.66648026374656
305.094699216617
305.12733184087404
305.1644912243779
306.4613205222207
306.8384486031232
306.79980185235246
307.63783187579395
307.6688670798895
308.374709693209
309.06161665478356
307.8993812302984
308.03137890817237
308.074803860608
307.4921523755563
306.562038891576
306.1212831940422
307.48019255469245
307.63875403456365
308.47301672813796
308.78681777299045
309.833886280884
309.6232040182523
310.3486329987035
310.4371393729697
310.2559578050103
309.114513775997
309.4366256756269
309.1446763398118
309.18867230583163
309.67449601944423
310.8259180342488
309.3159679225383
308.50946582554866
308.4171913286773
307.1653409055731
307.0878335513242
306.96522856946666
307.27658910629424
308.00585392651095
307.9042441262473
308.6638773088132
307.51196451597696
309.01490574313044
307.55323030987023
307.61797584771557
307.86200232961363
306.95724995496846
308.00587559295764
308.0791234794485
307.6392841860759
308.61384993251534
308.4309929881497
308.464727548755
306.9160898124849
307.6867158461785
309.1174983013309
307.64909020675225
308.94808902195507
309.08964724070086
307.98737206403024
307.94458352133796
308.7580403874282
307.8278964306947
308.9983931026109
308.9561433240946
310.0796033772486
309.81099787470856
309.76877613210434
308.3498962232988
307.6845662120683
307.5047692331205
308.54112582427814
308.4270384487404
308.2095103717801
307.89274398506154
308.7751360243146
308.0701984452359
309.1359608565226
310.401581436886
310.7114753372924
309.88308275325016
309.5881645844124
309.66799360889127
309.2566311916304
309.1249559257539
309.9875000058076
309.2422659756688
310.29525006926866
310.4703935562626
311.4780749089876
311.28993193743656
311.74667744903667
312.4965274062702
312.42334115708906
312.6767834155714
312.7618568319836
312.46897799631705
312.0157351081913
311.43177011925195
311.95043294378854
311.5930465870072
311.200292499291
312.20297473876184
312.0984745726935
313.6361562455503
313.50468865365923
312.7674365753564
312.6283999038852
311.42048148571064
310.247767501148
310.20673680682194
308.8287770949318
309.057976792894
309.2813605233593
310.0843033372678
311.5082268669292
313.0539463955283
312.1055391422274
313.0194706339538
312.2063528306763
311.3042532132629
312.784182908752
312.2306754055101
311.83095348229944
311.4581708587456
310.5334856430981
309.7563886287267
310.5709315812299
311.1636631101303
311.869518609405
310.4217070529591
310.52291796411725
310.91137050654027
311.29214709858803
312.42795479128216
313.13732839769307
313.0922423627039
314.10028863465055
313.1921825646228
313.13120549685306
313.24950920865797
312.1204410053174
313.55451558392605
314.6378135789922
315.76534766834834
316.6585130253557
317.82504075198466
316.8063747790054
315.97309017038293
315.79727806194455
315.618602554398
314.7876156735128
314.6290375311368
313.2412585909997
312.45489694995894
311.6235331088173
311.761658142546
310.3547749283232
310.18323173555115
310.09188254869883
309.88612720302444
308.8156494585265
307.5614390510657
307.11680787579695
307.14806984497847
307.775124399233
309.3258948342646
307.78747923001515
307.74703899804047
308.203573491553
309.09529172374044
310.0343916000918
310.3319648157069
310.38280426824394
310.9099208392919
310.94994137061184
311.23930832010865
312.71904578846386
313.48165862813937
313.59061663281784
315.1672278518315
315.54534692078175
314.5917398644307
315.19554373976183
316.44117511617407
316.08771208178536
316.9072639919333
317.71193991422984
317.6275044049263
317.67581961843996
318.08973757242615
317.3522324523595
318.7455798200964
317.9770676789845
319.1453880728742
318.0838386538184
317.2136623980042
317.8749011889983
318.3062744629748
317.625237184158
317.65926321940856
316.3860035549475
315.6690204167137
314.9223069338237
314.45122162449263
314.3128751035601
313.76756306548475
314.04817305381926
313.12017372715377
311.7288208613436
312.39323151747914
312.34237159348265
312.45394020153515
313.4332346641084
313.21557169627454
314.3357893788328
314.8230718760712
315.62332536533324
314.3943063826248
313.4305759901228
313.9501531276514
314.6308231172843
314.9439715390707
315.52776490485536
314.91428937287344
313.82984135940643
313.95330755399146
314.9754179599766
315.83848938027234
315.99468289416217
315.9483470929842
316.5517754612499
315.2105388457175
315.55397773001283
316.0168740540555
316.0728043990666
316.1055074377802
316.66988160237315
316.63746600202404
316.3560996238737
315.1169801971531
314.74437956690304
314.67083248411774
314.2274454634929
313.34133322572643
314.53767053615945
313.27203586503134
314.52502287436033
314.6125345937476
313.0673334572887
312.7341371635202
312.7956941293315
312.84067746287576
312.877887753255
314.3500293257447
312.888076199328
313.92305359448375
314.12770932258434
314.913252614254
314.84465071104165
316.2332811388351
315.67671172021215
315.5810541845809
316.6508632546176
316.5913489723076
316.2631104098974
316.75145791906493
316.2734458713822
316.86932516613945
316.28477195920993
316.32154184067156
315.2446755839983
314.8609719100904
315.1060415605795
315.0050414000608
315.54179603730773
315.71341796024035
314.1801504486888
314.2467276178365
315.0254040623001
314.93734802456345
314.0780328543244
312.7162879026104
313.1829249622796
313.0403567833555
313.00664441055704
312.4810509664467
312.14271352521314
312.405664634229
312.8535635613226
314.22706477375044
314.5076939408658
313.58270329970844
313.6170453890335
313.89232775987597
314.4310152007473
313.0613843859859
312.7768589785507
313.31617978626747
313.8554223712696
314.0684238184166
314.6998538352151
316.288527881704
316.0451656902475
315.846195903552
314.6300943605613
314.54694788274236
314.36139586559204
314.8835477656519
314.69422617301075
313.58692353621615
313.7108701191859
315.0370928770847
315.3110136012074
315.2160768177655
315.0617122121429
314.76560473093275
313.81201087562584
313.86735202321046
314.6844775803081
315.4868032005212
314.86684191266016
315.050977672912
315.0040387974547
314.9696972200956
313.66859139310657
315.03491592376116
315.0677778997879
315.19899997744903
315.6578351921063
315.18102047997235
314.8663871294678
314.2131534816893
314.43939073865306
315.06134568130614
315.6394155299393
315.20240908933846
314.9701606316468
314.9187235983725
314.104412662594
312.64239048113853
313.3093944278049
313.2667749641278
312.12596288657613
311.7620608281401
310.7120067817927
310.5532249281236
310.93481360159655
311.14955361280613
310.6171658280993
311.73430952952816
312.5430186322741
312.39076122174004
313.4902979343712
313.5932360876308
313.22960606377364
312.24625047440554
313.6717067876431
314.86943259458064
315.1462253656999
314.51465084864344
314.56410045373417
314.6340902914386
315.4820286180257
315.71805210048524
316.3189241037733
316.27169838405337
316.5131830584249
317.6396306931737
316.7140761626895
316.5287254306968
316.383396900308
315.3963572760023
315.21596336266583
315.0796727507217
314.8640012191911
315.4096035718137
315.10178475581233
313.5317572267105
313.44899181211366
314.66216506892687
314.60966702038183
313.35400152094
314.6623743529705
315.6099099838775
314.0655893648871
314.0105038083697
314.6950566783395
314.4155065396435
313.50223291548286
314.43384685908717
315.7573064129429
315.71561901587876
314.92435272054735
313.8444034660777
313.4368653925637
314.57304023219444
316.1028749256554
315.5536894954908
315.5196048091953
315.44824613345025
315.0209241375595
314.014221102429
314.06205294217307
313.8546326991445
313.6816984274291
313.7551575389839
314.0133360667651
312.6461385112746
313.3654132369875
312.993811974244
311.9402111589583
312.4005159011021
313.4167156834555
313.27592211459915
314.6121300118687
314.6925823857117
313.569329683069
313.70273844257827
315.2306648291435
315.8033188506175
316.18601624907126
315.4700091641027
315.21678568628226
314.88505769773036
314.13466600745284
313.50477625542726
312.60272646835887
312.73199079723025
312.69968402761555
312.6609591975098
312.73997613412513
311.377202495071
311.8204438563274
312.87654807066986
313.6730982488395
313.7244858831323
313.84866897660663
313.19911499330016
312.86228936763666
314.1458313864812
314.62246121551703
314.1946469040062
313.3360761505842
314.66213505046875
314.4671710224786
314.63313111741434
315.5973376551748
314.90671439967696
314.30330760385607
314.2682086166441
314.1008067617858
313.5570463064221
312.5891736234943
313.9530015127096
313.9204624486151
313.6186819635212
312.5475297294102
312.7294786744142
312.4646203616618
311.307985406039
310.59436021728476
312.0324573090848
311.2318172629579
312.4229502726093
312.84040396419687
313.9181200807682
315.04881878274335
315.4684645807695
315.390898540729
314.1907948717279
313.2466899229195
312.5951632754188
311.33610315053846
310.96053480047675
311.6944689489759
311.63575465953016
312.19473768930635
312.15352809069844
310.57069134675913
310.6674729481367
311.2389827120588
311.71987029492027
312.4799670774969
314.03172424902897
315.3027133123311
313.7126862421677
313.7441324994149
313.58769936194426
314.09825122124715
315.3606266799031
315.69560440764855
315.99183098673495
315.7200353441104
315.9619648001516
317.4877370072516
318.3675709196616
319.5300127444609
319.7559818273073
320.11022581196903
320.05759569712865
321.0702057285857
320.7820417842588
320.0511141154142
320.32442970201794
319.2833155147395
318.3498283556339
319.30230230503713
319.22414431332845
319.0670030157775
318.0301274754694
317.9076679139503
317.52408958237515
316.02668762167303
315.6506597186045
317.171406860783
318.37926395508373
318.3219354501819
317.0274728873011
316.3666622996861
316.40228139153385
316.04045150894126
316.07888148164494
316.7208227162992
315.27303629497356
315.07222428193546
316.4500852004638
315.51817191748563
314.27412583863736
314.75506816971966
314.07720575212204
314.45526214765687
313.34718997429354
314.0668480068932
314.68988975552435
315.9885817253696
316.31418820930213
317.13976887642605
315.780500559739
315.6094107790824
315.70335790057953
315.8376096383305
315.97758970215085
316.31318095395727
317.48615200479765
318.0573705881521
319.01928650515055
318.7421670794619
319.47465578170056
318.76620138400966
319.4763507009703
318.0784208022683
316.87435236260563
316.92662779812207
317.8626147544699
318.5634913637076
320.1115643162374
319.8763722884189
319.7367526854512
319.0040612028566
318.10255131563974
317.78776723820033
317.64076698565424
316.8198080913162
316.90919908464207
317.8767745593726
317.9250179775198
317.0018775295689
316.3512661172486
316.88931065700893
317.16553489299895
316.3353070610725
315.5514909478698
316.2007473064468
317.3854248681466
317.7198545200168
317.5720155932606
317.80429791311076
317.67509673737607
317.3633216575774
318.0911736088086
318.16518328553144
319.36903553473
319.3325035947136
319.2935480758812
319.16284121540974
317.89058339078247
317.77260173585677
317.7398067738176
317.699145364487
317.7545739532216
318.7922530531089
318.7280875911299
319.93954149589814
319.82725850547047
318.4064757753007
317.1778473318553
317.3072644308081
316.25676469369614
317.09338339821346
316.3562084581756
316.4263627514841
317.79948657514353
318.9949472430958
318.4497023693015
319.6918959274617
319.6158778269655
319.43599040467177
318.6831260195483
318.1453456327222
317.7925793211632
316.92473224292087
318.27946700247486
317.6154509878102
317.5578902845627
317.32808624621174
317.9721434439279
317.5813785325459
316.8697553967914
316.736322013223
316.7871812900584
316.48311939695293
317.9244954959013
318.9509668076877
318.98686729186215
319.02936134683364
317.6373064835045
318.1765373387
318.8989405829999
318.9698618036256
319.05973342197984
317.55641123377126
317.4543990386042
316.11544412626824
317.10246585742897
316.883779975832
317.40763303978065
316.5806652862634
315.2215630739809
315.2685191732491
315.90462144375306
316.66572415494454
315.8742793659118
316.8016733568353
317.93027293523056
318.534502667725
318.5001362459791
318.6790144139722
318.59829384040614
317.10204542338676
317.0023042729053
316.46284861354746
316.8407098707305
317.0633681715457
317.88989942388406
317.9847803596915
317.6322182308747
316.57992476794186
316.7959330639135
316.3280112745252
315.95154489703
316.7505736493511
315.47862708520944
315.4301049503419
315.87088988542405
315.67965380391934
314.9366402501984
314.3908326624942
314.9538558260077
315.42459867793485
315.03755337776613
314.7482208893226
313.97293122589133
313.7891901692393
313.65924383993513
313.20259716442035
312.9308737714255
314.10237673092485
313.4518996800838
313.70560531072135
314.00382413663914
313.9704456202818
313.7319052030268
314.9260869134932
315.3025580316254
316.3348251931236
315.70608474626556
314.5463586221412
313.8353851998143
313.4640373382803
314.7309634119504
314.8599359036417
314.96930638055693
315.2907446505811
315.7253865198544
315.32361506177915
316.7711929374649
316.83089598618034
316.4237469067661
315.4570392132502
315.22291903934
313.82337510501225
313.7324357291603
313.3359172704624
313.67802872201935
313.8386669241245
313.80636082936775
312.5634290926725
312.6201412941849
313.76532063162557
313.72909704772115
314.42214012060276
312.8770380193372
313.55150777431993
314.3805528586521
314.05100234206174
314.1362366520707
315.2931687944299
314.67052935691726
315.75738054197393
314.6113058792133
315.17467216055115
314.27907880209483
313.4408393349357
313.5363727176736
312.93937407218436
312.9765912730538
313.58737621119485
314.00351374698516
313.90458417247044
313.316251761895
313.62612818828154
312.54729340961
312.82131913663324
312.3140625630597
313.21414145134884
312.48239659603416
311.4793083032111
311.57867873758994
311.71321692940677
311.9289913113424
313.3017306636798
313.2675822505155
312.7182768263799
314.28280174579584
314.4423322198992
313.8913492819391
314.1750540772927
312.826392498412
312.9687711701138
312.8580581141214
311.79674167125864
312.58386038580954
313.1382548858578
313.2014365713035
313.23322672809286
313.7110348581997
313.6794706357875
313.17347188352505
313.4519510430707
311.9283209365852
312.32934976954004
312.3611214540096
313.7168786190342
313.6374325696874
313.13931632293145
313.29215622322914
314.60137530602145
314.6333201479608
313.76019663622276
314.4619877897854
313.2436779641108
314.7163719926621
313.64481027745643
314.06623667260214
313.2714493631666
314.16245896324426
314.47758005062104
314.738669652052
315.10598273161827
314.6122158363907
313.4780946135478
312.4849217561659
312.2727079963469
311.7699675398021
310.8265342553903
309.5637497882594
310.5443450438595
310.9560993052973
309.76663886303265
309.3144198789459
309.9973030466892
309.34818464224065
309.5772113091802
310.78654939121554
312.1240516612908
312.2640387051099
313.4065899007949
314.0606014667694
315.23804684640453
315.14342441316586
315.96639593039254
315.15195714430723
314.98650268825793
315.48487776542646
314.65813043798215
314.7116939457834
315.0826553983052
314.09273933684915
313.6672433067299
314.87857835093973
314.91460340267173
315.2015177304926
314.7008775079337
314.10977386711284
314.4444587306212
313.8281166861338
314.7257216107834
316.04175437880565
315.7431100645175
315.7762332670449
315.2606801487482
314.3394425708306
313.06639607880425
313.6460509148188
312.3150782114064
313.68199956838157
312.22941826114896
313.22590538699103
311.7570801413688
311.3511263241866
312.0028981649808
311.17827861424405
310.5199069646693
309.0466651385648
309.09329815021925
308.91871783152476
309.4332224006593
308.711063506359
307.5796781144374
307.8214749576915
308.40775269069377
308.29722433011807
307.5293219895521
306.83716582444896
307.3873117054004
305.91366366937996
305.9697933314694
306.2523176759604
307.80056360199075
308.70551556341036
309.2603128086778
309.40397517499116
310.74953635451254
309.880615516529
310.5050382514648
311.03802226270284
311.15110681134877
311.1008190137448
312.29768147516313
312.13619292069995
311.7987840908498
310.53072348356574
308.97716639723535
309.06883844003556
310.3342753562245
311.58136076962916
312.76140481041267
312.2074944790407
312.3061045627233
313.76535446950976
313.5091320915057
312.1152796772524
310.6352675807063
309.19329270445695
308.37979598630943
308.3456654891846
309.0650952356469
310.2141050489976
309.69949731433377
310.94646998075615
310.8816454980151
309.8047425460765
308.6823982667425
308.9593662411012
308.87695962555375
308.8453120386275
308.9138357020881
309.32106808196323
307.7628788520097
309.18600479675916
309.21874266626133
307.6909301650847
308.4229785293019
309.99218669667073
309.29223430110005
310.63914072075073
310.7366121537269
310.1451618026697
310.79131845641604
309.85365170825935
310.2142646846332
308.7409315838397
309.1600085982746
310.0464229925823
310.1921833559507
311.30629929057517
311.77062636093103
312.4364457128855
313.0103170380513
312.3298003023331
312.1634901536888
311.8443871394045
310.77425661559516
309.9254217361126
311.13415935651204
310.82558369756026
309.98964168733517
310.40433763197836
309.42947427119975
308.11039008419283
308.26366415967243
309.4804696355484
310.72645467600273
310.28777462719694
309.4744924541568
309.42532019705976
310.7215405609051
310.04319105369285
310.6007787786131
310.22446604326564
311.211405953771
312.0115727193894
310.43417036212577
311.4467216136978
310.7334914689638
310.69330957150356
312.04403597014925
313.51757527317335
313.3481501810872
313.28415732455574
313.3526447819191
312.57466872274654
311.21272100676515
310.44744176147793
309.55442813510984
310.6122500561991
311.9921506681145
311.80550738042785
311.2121276699032
310.52563583466144
310.4231172046874
311.1670813321565
311.9254076014161
311.55959609070413
311.1668818815249
311.5376324921129
310.6585124084815
309.64631885958715
311.02354531007546
310.28584459346797
309.9068872739663
310.20100447176605
309.38049739455585
309.2627454481572
308.4751499505225
308.34685968951953
306.86705611831223
305.7565286036165
305.5420629053729
304.33660078428585
305.0070136027029
304.2963720750845
304.3802840795597
305.33195091856663
306.74933795486606
308.29124778450097
308.68247724409713
308.77752467769386
308.53964430169606
308.45144306146904
308.48879453783127
308.81940837658635
309.7311351888156
309.8816244775514
311.1556626663709
311.2630673691451
312.59317674882163
312.9197264595685
312.8528992087287
312.8215882602968
313.305697797061
313.8324454442979
313.7952741649219
313.6605340088806
314.7823545715627
313.377031550555
312.11218994557106
310.65392247645025
310.61607767253753
310.5828439037294
310.2720842108037
310.3983327298509
310.159262883559
309.25337871500204
308.7832032301003
308.57308838945346
308.6825938922079
309.94425078583487
309.34700636268406
308.319438914083
309.3153072553119
310.1076135088182
310.02306301785364
311.4555242982634
312.2949895758843
312.3338250408315
311.97609377562713
312.12881200728106
311.0637184921541
311.1790765783435
312.63363120694663
311.45937885067485
311.69425252730883
311.7254975346545
311.40428636485854
311.4364348107037
312.3850990798367
312.88502313852325
314.03811508055236
315.45263094493174
314.721846373992
313.32029836934237
312.1303776327544
311.0516219984329
310.4556301876786
309.92257629292106
311.49734530866886
310.4721656184603
311.6913225764551
310.5227265910824
310.01654209687706
308.5331102549268
307.07377803346066
308.6301448610138
307.872253733394
308.2750704942961
309.5691494193045
310.2320862755768
310.26741713379056
310.9458903330743
311.48195326255166
311.9004119567884
311.270585781047
310.4243148999149
310.3758732880306
310.4698355252694
311.2770224174943
312.1118971285018
313.53216248269734
313.0744928751511
312.9579753548389
313.02504907562263
312.64699358649483
311.7808877713291
312.8335945860095
312.8005595381892
312.3388690079962
313.2838132861419
311.7196157213102
311.9071138187669
310.97012098179346
310.5527683750148
310.42619691787826
310.2132312497294
308.666348049093
308.91704905677943
310.3525902556865
310.53644414341574
311.1527904294095
311.8901828571463
311.93330711629255
312.5694786918162
311.5619363390416
311.8486539660981
311.15568586267534
309.9645616640537
310.43148620197206
310.46669409041755
311.15860881892763
311.2435493401697
311.0074599547143
311.08519968081504
310.1887619515706
311.02941135135774
312.5174966642762
312.2039480921164
311.2773617239394
309.7559730891711
309.87678122176845
310.2310849270455
310.2949691841769
311.4497203267432
311.5535197282221
312.0060245373868
311.5382236931003
311.8216561718321
310.9507202713485
311.59985760638466
310.7253376774479
310.80829796420187
311.1574633566462
311.2027567472106
311.86762255188086
311.83483825413873
311.23013547502796
311.5137830283067
311.2513084899137
310.8651679336535
309.84291764133116
310.45181786308467
312.0281848647949
311.92977116457234
311.6009834085055
310.05165514142567
310.11945674123746
308.8832048074647
308.52685245891365
309.11198071882944
310.1901016645438
310.30049958813026
310.3524739843367
310.96050881844343
312.12839153903656
312.0628934232573
311.6417386643398
313.0919838029441
313.5192916251487
313.1434063983204
313.29743028090127
311.7488119015944
312.71641170928973
311.5454732103237
312.8106473629708
313.5672628175034
313.92212312453864
313.35260854256626
312.4891660404747
312.40737724511837
312.16442425244696
312.01712963757416
312.96210598227134
311.49000802417373
311.45625032498793
310.6480521074916
310.3146080638887
311.53542117523074
311.0713435145415
309.9266600325802
310.0138436697567
309.7683915927336
309.99087823444347
309.95514301832753
310.66250154759393
311.5570128591376
310.47203026668717
311.62820282887304
311.4429717139943
310.6210833395401
310.11697642307496
308.98614011561517
309.3709065986758
308.09686872181584
308.30802838314776
308.6173389522771
308.65318901659253
308.69507346948103
308.40580758458634
308.9085468655105
308.9895607423431
309.5756090388224
309.80667507793817
310.1049173632369
311.6117384693032
311.47137996711973
311.50877520214993
311.02496224754464
311.0617997226159
309.9765245378355
311.29946624065417
311.4739655355331
312.54353978146315
311.4924417422624
311.4513230551378
313.02810236552136
313.2461224626837
313.08253391606115
313.2357979003698
313.6015905744119
313.48136408661696
313.2938955903643
313.03697960100095
312.99482431956307
312.65698076617974
311.3354133195367
311.1684918518534
311.1241802123038
311.05366338533815
311.25875416709385
311.22020353944873
311.1630307968324
310.2492258364256
311.1230328569573
311.8024590948479
310.85740189114983
311.577652556874
311.40266772630554
312.815723046498
311.7537923714563
311.71693024145515
312.5679582532205
310.9866954107173
310.9324175312381
309.5492398889295
309.58041260014363
309.03881480959984
309.2999028133627
309.09703443711396
309.52448649821247
309.25785370061413
308.6495568240564
308.15217481707634
306.86559498325727
306.34068457518174
307.35338070248235
306.2682990295458
307.6361902885735
308.49634060980765
308.35559915362285
309.4682272149664
311.0279404152444
310.918827604214
310.71388576778764
309.70158760944133
309.6440625641479
309.09121306530693
309.1913479353661
309.49594425588225
309.46271232531893
309.3281262218198
310.67904064050197
310.3475587361174
309.5725000724397
309.3046954224196
309.26632213410517
308.0998025091919
308.6911820948816
309.1201680072001
309.4012480001684
309.30146874569226
308.2394637569306
308.2711865565218
309.75649611310786
308.64273646820965
309.66414951708435
309.8626362717522
310.24710666117915
310.92923836583657
310.73267362461445
311.6892760471445
311.9888472253221
311.32374179335915
310.86259645919785
309.48770471290004
309.8897361271048
309.9386509419823
311.4464833314032
311.0140806107648
310.6041022323283
309.321394382579
307.7684612140929
306.26222722808785
305.29088813838
305.0981285403204
304.90883034118235
304.476193165812
305.57362420106983
306.6056497239769
305.79596323705033
305.6733039401951
307.070967324892
307.7239454677834
307.29116755395916
307.76714356808606
308.4147692553111
307.89570880402283
308.8010276193635
308.6376998067072
309.1498544545907
308.4682458880682
308.50904508291416
309.1299271109632
