0 0.0
86.60955271748671 88.4321787153886
88.4321787153886 88.87468574444995
88.87468574444995 90.97723119559608
90.97723119559608 91.90690207741945
91.90690207741945 91.77235509309158
91.77235509309158 91.56637849825816
91.56637849825816 90.36656773322734
90.36656773322734 87.22997630030123
87.22997630030123 85.7437936368977
85.7437936368977 88.99015782447374
88.99015782447374 87.30548597911431
87.30548597911431 85.99231361029256
85.99231361029256 83.33290890893339
83.33290890893339 80.95056294110064
80.95056294110064 82.22949595866348
82.22949595866348 79.69286473532692
79.69286473532692 79.72521235439176
79.72521235439176 79.42177890027952
79.42177890027952 80.16365752860692
80.16365752860692 80.23438905073941
80.23438905073941 80.38633747875716
80.38633747875716 80.39518379519548
80.39518379519548 78.79775312588967
78.79775312588967 77.06361250464458
77.06361250464458 79.17102814448747
79.17102814448747 81.73873946878193
81.73873946878193 81.62755856980112
81.62755856980112 81.65830093256207
81.65830093256207 81.82589342513668
81.82589342513668 79.33424969656616
79.33424969656616 79.13023912150868
79.13023912150868 81.2672210904026
81.2672210904026 81.22290446498211
81.22290446498211 82.70725782003785
82.70725782003785 83.87052052577968
83.87052052577968 84.9652023213931
84.9652023213931 81.81613507608571
81.81613507608571 84.84724336434275
84.84724336434275 81.96147034776051
81.96147034776051 83.01118330945921
83.01118330945921 83.00276884532191
83.00276884532191 86.04500958074541
86.04500958074541 84.24829035815556
84.24829035815556 82.44713789902488
82.44713789902488 82.41940439499851
82.41940439499851 79.53588847816968
79.53588847816968 78.57725672550173
78.57725672550173 77.88171789901615
77.88171789901615 77.89965050816058
77.89965050816058 78.01699437135422
78.01699437135422 79.09939334641942
79.09939334641942 79.12578635399649
79.12578635399649 80.15725617965315
80.15725617965315 80.0654401738961
80.0654401738961 78.43939169956981
78.43939169956981 79.4147343059027
79.4147343059027 80.98456929133779
80.98456929133779 83.49214712607046
83.49214712607046 82.9090541580275
82.9090541580275 80.54974401107721
80.54974401107721 80.16344124678373
80.16344124678373 80.34570932428427
80.34570932428427 80.59534307577418
80.59534307577418 80.67869060652005
80.67869060652005 81.88789397107644
81.88789397107644 84.53455872910307
84.53455872910307 83.14123223705542
83.14123223705542 84.5304782108352
84.5304782108352 84.8796860419146
84.8796860419146 87.64273579023545
87.64273579023545 85.36307027615752
85.36307027615752 86.35037027306672
86.35037027306672 89.76981984909469
89.76981984909469 86.93269553090195
86.93269553090195 84.6367888545478
84.6367888545478 83.44323448614739
83.44323448614739 84.7677669758193
84.7677669758193 86.04512038780167
86.04512038780167 82.7435128054965
82.7435128054965 85.82227202783635
85.82227202783635 85.72285118686037
85.72285118686037 88.0882556161185
88.0882556161185 84.91752138463875
84.91752138463875 84.64812397830394
84.64812397830394 87.33227079519372
87.33227079519372 87.27467697006703
87.27467697006703 87.67774891386385
87.67774891386385 91.05599386601634
91.05599386601634 89.21639605281533
89.21639605281533 89.24458504590693
89.24458504590693 91.82054476601937
91.82054476601937 90.01580703414392
90.01580703414392 90.08090282701076
90.08090282701076 89.76083474776807
89.76083474776807 87.786907097383
87.786907097383 90.3136828636284
90.3136828636284 87.02243258854082
87.02243258854082 85.22084188495164
85.22084188495164 84.43240806022405
84.43240806022405 84.93847206027885
84.93847206027885 86.55918996700198
86.55918996700198 84.50572549901736
84.50572549901736 86.80179189419633
86.80179189419633 87.94703512826601
87.94703512826601 88.38482750067922
88.38482750067922 91.64083947190629
91.64083947190629 91.61169112026708
91.61169112026708 94.29895614582897
94.29895614582897 90.69753620241569
90.69753620241569 94.23731418284234
94.23731418284234 97.17281238159819
97.17281238159819 99.1607067053043
99.1607067053043 98.54354659385028
98.54354659385028 98.35652154500136
98.35652154500136 99.98729003023209
99.98729003023209 96.30805881854863
96.30805881854863 94.80636766020599
94.80636766020599 91.37212184189987
91.37212184189987 91.06879066222382
91.06879066222382 90.23254917917392
90.23254917917392 90.33085982467682
90.33085982467682 91.14278928203292
91.14278928203292 87.89443031185263
87.89443031185263 90.36563695906614
90.36563695906614 91.6638580966684
91.6638580966684 91.6979245689881
91.6979245689881 92.32310430549406
92.32310430549406 92.33666713419771
92.33666713419771 95.76276391146939
95.76276391146939 94.94763006833283
94.94763006833283 92.6456543265771
92.6456543265771 95.58782106868905
95.58782106868905 92.89595829865708
92.89595829865708 89.22190944677605
89.22190944677605 92.02449257948858
92.02449257948858 89.3988896549367
89.3988896549367 89.2997546639515
89.2997546639515 86.64057206221743
86.64057206221743 84.92644609961103
84.92644609961103 85.26655070757143
85.26655070757143 85.52950702310306
85.52950702310306 86.9147951331446
86.9147951331446 86.96621596372007
86.96621596372007 88.49847733359917
88.49847733359917 90.10750310981766
90.10750310981766 93.71447947156136
93.71447947156136 93.29061681541722
93.29061681541722 91.80954729970654
91.80954729970654 88.83532765556788
88.83532765556788 88.39244220616929
88.39244220616929 87.86366755575284
87.86366755575284 86.09496383476974
86.09496383476974 84.56655830427272
84.56655830427272 83.31075182649255
83.31075182649255 84.50844293336424
84.50844293336424 86.89033945299379
86.89033945299379 87.78442294930568
87.78442294930568 85.47012938497305
85.47012938497305 88.29900421904537
88.29900421904537 89.71266521777802
89.71266521777802 87.88952310129653
87.88952310129653 89.86857152960737
89.86857152960737 89.78280313938774
89.78280313938774 89.03769332114068
89.03769332114068 87.80749088405695
87.80749088405695 84.44378440841056
84.44378440841056 86.15888004785728
86.15888004785728 86.69530105741701
86.69530105741701 89.0180645931316
89.0180645931316 90.7333147665779
90.7333147665779 93.54465799902282
93.54465799902282 92.42123343607174
92.42123343607174 92.21748783416304
92.21748783416304 91.01884899142522
91.01884899142522 90.00157414244443
90.00157414244443 90.08658463741166
90.08658463741166 89.58973905665674
89.58973905665674 91.29390710412011
91.29390710412011 89.20818704428167
89.20818704428167 90.3188887982375
90.3188887982375 89.42026687955281
89.42026687955281 87.70736006146788
87.70736006146788 90.07248789199315
90.07248789199315 92.73051474702687
92.73051474702687 91.64902413976637
91.64902413976637 92.9979334646418
92.9979334646418 91.95532745308653
91.95532745308653 92.0055458983734
92.0055458983734 92.78194849397032
92.78194849397032 91.59924931323889
91.59924931323889 88.97581422711195
88.97581422711195 88.7784673295136
88.7784673295136 91.72352106147162
91.72352106147162 91.16039653041625
91.16039653041625 90.44359729585301
90.44359729585301 90.24444752453815
90.24444752453815 89.97910140797408
89.97910140797408 87.59975589833512
87.59975589833512 84.36782433981107
84.36782433981107 85.70052620456367
85.70052620456367 85.70971636514233
85.70971636514233 84.55865737181296
84.55865737181296 84.33022578941478
84.33022578941478 85.7314396030524
85.7314396030524 85.64554913754738
85.64554913754738 82.84700890312612
82.84700890312612 83.48939315486673
83.48939315486673 81.5967372642936
81.5967372642936 82.39188825187921
82.39188825187921 79.97617026766603
79.97617026766603 82.38578743858132
82.38578743858132 80.01674924130158
80.01674924130158 79.91007377259795
79.91007377259795 79.23645934305571
79.23645934305571 77.30170087975264
77.30170087975264 78.90089053474549
78.90089053474549 79.22479500643719
79.22479500643719 79.66186101252262
79.66186101252262 80.5523734164604
80.5523734164604 83.26190145021401
83.26190145021401 84.83754234423027
84.83754234423027 86.19322909863071
86.19322909863071 89.43895670768056
89.43895670768056 90.6796248338872
90.6796248338872 94.02941437108228
94.02941437108228 92.98645195392574
92.98645195392574 95.84729061786771
95.84729061786771 97.45097068638835
97.45097068638835 95.62305424392376
95.62305424392376 99.03801335167071
99.03801335167071 98.61626385566277
98.61626385566277 101.85188750878245
101.85188750878245 99.30187358629213
99.30187358629213 99.25505980912678
99.25505980912678 99.50742456765495
99.50742456765495 102.2455026017021
102.2455026017021 102.16435156339192
102.16435156339192 103.29129988178384
103.29129988178384 101.33139496363658
101.33139496363658 99.30830470775459
99.30830470775459 96.15471179027034
96.15471179027034 96.13440540656684
96.13440540656684 98.58052578299628
98.58052578299628 97.14905922063205
97.14905922063205 99.09214292912652
99.09214292912652 98.77431836469914
98.77431836469914 98.76043940496949
98.76043940496949 97.55448077284709
97.55448077284709 101.3709781362919
101.3709781362919 101.21728068775816
101.21728068775816 104.97187190022073
104.97187190022073 104.05863606949241
104.05863606949241 103.18885704726306
103.18885704726306 106.26771184392021
106.26771184392021 102.07853204170601
102.07853204170601 101.97143743104621
101.97143743104621 101.89454439194499
101.89454439194499 104.3215254566178
104.3215254566178 103.4330125383605
103.4330125383605 100.74971112589219
100.74971112589219 100.4926745111665
100.4926745111665 100.43014151356505
100.43014151356505 100.52570296351068
100.52570296351068 100.97389727474973
100.97389727474973 96.9473399096093
96.9473399096093 97.23481218443938
97.23481218443938 97.82675714074385
97.82675714074385 99.12253379245803
99.12253379245803 99.54071130974474
99.54071130974474 100.31187967745086
100.31187967745086 101.45764214734011
101.45764214734011 101.49697394092534
101.49697394092534 100.4150274429103
100.4150274429103 104.22326872286074
104.22326872286074 104.21091658796378
104.21091658796378 107.79247828610116
107.79247828610116 109.96742751144511
109.96742751144511 105.61586644151016
105.61586644151016 105.83024221022664
105.83024221022664 105.91535067853512
105.91535067853512 103.53322092593588
103.53322092593588 103.50694470806172
103.50694470806172 103.09107189494868
103.09107189494868 101.54996598787271
101.54996598787271 101.53542229017843
101.53542229017843 101.14744597962122
101.14744597962122 98.2019474531555
98.2019474531555 94.27767956020904
94.27767956020904 94.73649575561444
94.73649575561444 96.95135171861011
96.95135171861011 100.03456193448183
100.03456193448183 103.15059820264791
103.15059820264791 103.3021836585744
103.3021836585744 103.27065810179187
103.27065810179187 100.8507777024961
100.8507777024961 100.09494171539855
100.09494171539855 100.11361919894877
100.11361919894877 96.8089635768423
96.8089635768423 98.17469081277257
98.17469081277257 95.45436330970355
95.45436330970355 95.25439688325672
95.25439688325672 92.88250409297646
92.88250409297646 91.04372917171249
91.04372917171249 89.80772034652364
89.80772034652364 88.68551549654218
88.68551549654218 88.01063852260289
88.01063852260289 86.27384572284525
86.27384572284525 84.34156304030064
84.34156304030064 84.69159598771598
84.69159598771598 83.78207873033796
83.78207873033796 81.57766751222111
81.57766751222111 81.37881603792941
81.37881603792941 80.52425545836316
80.52425545836316 80.55765702644794
80.55765702644794 81.44494693245623
81.44494693245623 80.7722992091118
80.7722992091118 83.11047650447242
83.11047650447242 83.59663963346108
83.59663963346108 85.81422720075949
85.81422720075949 86.56645004142277
86.56645004142277 89.52966773441948
89.52966773441948 92.36857598990612
92.36857598990612 89.21181563450648
89.21181563450648 89.54247950687827
89.54247950687827 88.35608225786305
88.35608225786305 88.17292649545982
88.17292649545982 88.87936300150373
88.87936300150373 89.67749216854963
89.67749216854963 90.87778727215418
90.87778727215418 90.28833034959119
90.28833034959119 87.24782489552572
87.24782489552572 87.11628458631043
87.11628458631043 84.01741060887895
84.01741060887895 83.34449456900442
83.34449456900442 85.31073481041776
85.31073481041776 86.70398517970992
86.70398517970992 88.47612736298859
88.47612736298859 88.4004827814587
88.4004827814587 87.42607322608191
87.42607322608191 86.35163755803714
86.35163755803714 85.69710024926991
85.69710024926991 88.88968441358952
88.88968441358952 88.87908833053501
88.87908833053501 87.01281593572591
87.01281593572591 85.29584399816827
85.29584399816827 84.71322045363532
84.71322045363532 84.69017285719615
84.69017285719615 85.09913093576955
85.09913093576955 86.40902130860104
86.40902130860104 86.58369668925127
86.58369668925127 89.13572490909168
89.13572490909168 89.17111915742817
89.17111915742817 91.34587874264372
91.34587874264372 91.156931876225
91.156931876225 94.04252914110508
94.04252914110508 94.2027114533852
94.2027114533852 94.24625151405702
94.24625151405702 90.95393339649748
90.95393339649748 87.75807855152233
87.75807855152233 87.93197594908729
87.93197594908729 87.7476575729448
87.7476575729448 84.41507074732303
84.41507074732303 81.30690535437041
81.30690535437041 82.55703785865262
82.55703785865262 83.65902769350895
83.65902769350895 80.63021590128743
80.63021590128743 81.49819760770973
81.49819760770973 82.55810205811173
82.55810205811173 82.82266621089994
82.82266621089994 81.67311670775824
81.67311670775824 78.42156918455676
78.42156918455676 76.25464479055823
76.25464479055823 76.98194807987109
76.98194807987109 76.29823943026494
76.29823943026494 77.17328819067484
77.17328819067484 78.39212768416158
78.39212768416158 78.60608394543146
78.60608394543146 79.20208505095694
79.20208505095694 79.23213244868899
79.23213244868899 79.51771263331523
79.51771263331523 80.7481721032067
80.7481721032067 80.28554016415542
80.28554016415542 81.29480647296025
81.29480647296025 80.03130902897745
80.03130902897745 78.67911977882613
78.67911977882613 78.71804325385145
78.71804325385145 75.72680463788885
75.72680463788885 76.46156800071793
76.46156800071793 78.3523925922874
78.3523925922874 76.10855564612922
76.10855564612922 76.49796219025228
76.49796219025228 74.75856205738124
74.75856205738124 75.12559682072113
75.12559682072113 75.19570234784821
75.19570234784821 75.17209841133231
75.17209841133231 75.23892859973374
75.23892859973374 76.60010943050875
76.60010943050875 78.09634488809509
78.09634488809509 77.89379644665784
77.89379644665784 80.50860081077728
80.50860081077728 81.02544168677257
81.02544168677257 80.69875914597048
80.69875914597048 83.64486342724332
83.64486342724332 82.67928912022286
82.67928912022286 80.4424080663354
80.4424080663354 83.57090234939503
83.57090234939503 83.51589445233097
83.51589445233097 81.6649752768457
81.6649752768457 82.81965885023928
82.81965885023928 85.14509108995351
85.14509108995351 82.787063651413
82.787063651413 83.6762419239575
83.6762419239575 81.62695973174644
81.62695973174644 78.8624589689709
78.8624589689709 76.68224398693177
76.68224398693177 75.6919574724231
75.6919574724231 76.62817238696867
76.62817238696867 77.06384496693762
77.06384496693762 74.40221046385817
74.40221046385817 73.24825575543241
73.24825575543241 73.67588274739107
73.67588274739107 72.3905104845528
72.3905104845528 74.96276158884797
74.96276158884797 75.70001117150923
75.70001117150923 77.40220226365217
77.40220226365217 77.5014931941848
77.5014931941848 78.32670850543752
78.32670850543752 79.94582400063565
79.94582400063565 77.03048782000783
77.03048782000783 76.73127215311352
76.73127215311352 75.0672638223915
75.0672638223915 76.89074078653105
76.89074078653105 76.84253086853406
76.84253086853406 74.2286435304362
74.2286435304362 74.25389506439257
74.25389506439257 75.61508723009716
75.61508723009716 76.98284055755235
76.98284055755235 77.15186644431951
77.15186644431951 75.7258309291663
75.7258309291663 75.75696956545964
75.75696956545964 74.32129907198708
74.32129907198708 72.99388407227191
72.99388407227191 72.26915564585359
72.26915564585359 74.12213188904224
74.12213188904224 74.14592018840906
74.14592018840906 71.31895878419255
71.31895878419255 74.08042375368059
74.08042375368059 74.57455314644706
74.57455314644706 73.48713716577193
73.48713716577193 71.206924036736
71.206924036736 70.40465938190867
70.40465938190867 72.51765251252769
72.51765251252769 71.87204685756406
71.87204685756406 70.36699444578315
70.36699444578315 70.98837097605032
70.98837097605032 72.35611282140194
72.35611282140194 74.36334759443795
74.36334759443795 75.15815852488947
75.15815852488947 76.14238465322013
76.14238465322013 75.99758267446165
75.99758267446165 76.01437403466299
76.01437403466299 75.32046196233368
75.32046196233368 77.07546364471813
77.07546364471813 77.19752378829838
77.19752378829838 77.91005641797264
77.91005641797264 76.52966194984457
76.52966194984457 75.69669293822172
75.69669293822172 78.6954325654194
78.6954325654194 78.05148865319154
78.05148865319154 76.78167013085962
76.78167013085962 76.68792621406281
76.68792621406281 73.61975175422693
73.61975175422693 73.57676279020406
73.57676279020406 72.19484030998073
72.19484030998073 70.13669800459203
70.13669800459203 70.85522163683372
70.85522163683372 72.91081648271047
72.91081648271047 70.40068375151725
70.40068375151725 70.15644824607537
70.15644824607537 69.69871108290354
69.69871108290354 69.83284147652272
69.83284147652272 71.83949074312375
71.83949074312375 72.83380918342073
72.83380918342073 75.2322667887199
75.2322667887199 77.33565657434632
77.33565657434632 74.51626342676185
74.51626342676185 72.52729914835786
72.52729914835786 73.82429636068538
73.82429636068538 71.84585727939987
71.84585727939987 72.00449414096423
72.00449414096423 72.88026796483258
72.88026796483258 72.87287069886177
72.87287069886177 73.1917325794109
73.1917325794109 74.83346595220108
74.83346595220108 74.88043965314004
74.88043965314004 76.08279256483401
76.08279256483401 77.7284024591798
77.7284024591798 77.43040446099533
77.43040446099533 79.3503764236954
79.3503764236954 76.52955906046749
76.52955906046749 74.23126631774159
74.23126631774159 71.5959363382771
71.5959363382771 69.80401532270811
69.80401532270811 69.8132547429309
69.8132547429309 71.66793312050055
71.66793312050055 70.65945540934439
70.65945540934439 71.40468446246405
71.40468446246405 69.65060847034637
69.65060847034637 71.12243986705961
71.12243986705961 71.13613103443724
71.13613103443724 71.12770075722018
71.12770075722018 71.20519541058798
71.20519541058798 71.24261486019475
71.24261486019475 70.47935175459949
70.47935175459949 70.04867719412262
70.04867719412262 69.799331643629
69.799331643629 69.56706093858949
69.56706093858949 67.70366399454963
67.70366399454963 67.95604749032053
67.95604749032053 68.0530505953356
68.0530505953356 68.07583510250367
68.07583510250367 68.27312292913558
68.27312292913558 67.4884761808284
67.4884761808284 67.50418681535355
67.50418681535355 68.71439164918623
68.71439164918623 70.28580456657394
70.28580456657394 71.14269084371567
71.14269084371567 73.51924583376547
73.51924583376547 72.98761373666721
72.98761373666721 72.19835610028915
72.19835610028915 72.57773899203545
72.57773899203545 71.44525891798999
71.44525891798999 73.45317102319076
73.45317102319076 73.59039289008744
73.59039289008744 71.26426393859384
71.26426393859384 70.73257572227219
70.73257572227219 70.75388083236133
70.75388083236133 70.40715220079849
70.40715220079849 71.38140125408113
71.38140125408113 71.37416446032448
71.37416446032448 71.63192457643001
71.63192457643001 70.95110107692662
70.95110107692662 72.72459722018901
72.72459722018901 73.09881112438151
73.09881112438151 74.68396425035978
74.68396425035978 74.64022329052159
74.64022329052159 71.97075270962988
71.97075270962988 71.64371016662892
71.64371016662892 71.62592302738679
71.62592302738679 70.9260823741835
70.9260823741835 69.9870837617126
69.9870837617126 69.37870962415667
69.37870962415667 66.98262965144843
66.98262965144843 66.60869516027866
66.60869516027866 69.02060947093238
69.02060947093238 67.50107571397261
67.50107571397261 66.18403445577988
66.18403445577988 68.02593176485101
68.02593176485101 65.84596789938269
65.84596789938269 64.28343366008126
64.28343366008126 64.31631222865778
64.31631222865778 65.47139207318378
65.47139207318378 65.28082904400219
65.28082904400219 66.94805256668032
66.94805256668032 67.07322763092857
67.07322763092857 66.82766994594924
66.82766994594924 67.39485729213507
67.39485729213507 67.13926613895529
67.13926613895529 67.01305895579186
67.01305895579186 68.99935886639238
68.99935886639238 68.91922839274201
68.91922839274201 69.49975738581307
69.49975738581307 69.96000821856946
69.96000821856946 68.172902920223
68.172902920223 66.17965181984445
66.17965181984445 64.74509515327082
64.74509515327082 65.05177858027344
65.05177858027344 64.71845588626664
64.71845588626664 64.71174669264714
64.71174669264714 65.11912694521916
65.11912694521916 63.233358677931385
63.233358677931385 62.470428953323534
62.470428953323534 63.05201423245106
63.05201423245106 64.15364757605253
64.15364757605253 64.62762259821834
64.62762259821834 63.73401260356076
63.73401260356076 62.85188516296491
62.85188516296491 61.89699068857966
61.89699068857966 61.868876802025255
61.868876802025255 61.799569401219415
61.799569401219415 62.77071857489375
62.77071857489375 61.58145994507899
61.58145994507899 61.590004619509436
61.590004619509436 61.20686529766434
61.20686529766434 59.76597834424706
59.76597834424706 60.16768598299558
60.16768598299558 61.509417422605075
61.509417422605075 62.22952374586981
62.22952374586981 61.96310557290697
61.96310557290697 64.29151126727855
64.29151126727855 64.5609730884818
64.5609730884818 63.71252833008671
63.71252833008671 62.76781516585054
62.76781516585054 62.75550656714496
62.75550656714496 62.51139966365716
62.51139966365716 61.43552855852382
61.43552855852382 63.67580098164262
63.67580098164262 62.195766975338934
62.195766975338934 61.69524992332849
61.69524992332849 63.59308800072806
63.59308800072806 61.91981196870757
61.91981196870757 61.95790219227323
61.95790219227323 63.42677043566174
63.42677043566174 60.96789367401396
60.96789367401396 61.52247825628719
61.52247825628719 63.12392673347069
63.12392673347069 63.087897243897274
63.087897243897274 64.11574277894188
64.11574277894188 64.31679960559285
64.31679960559285 64.70020468257006
64.70020468257006 63.74292814024886
63.74292814024886 63.82701423564863
63.82701423564863 62.265563665307646
62.265563665307646 60.75933147368502
60.75933147368502 59.304793282709994
59.304793282709994 57.31839424032601
57.31839424032601 57.04622172491948
57.04622172491948 58.833118720275706
58.833118720275706 59.44796755138101
59.44796755138101 58.806096969347536
58.806096969347536 59.38132614513221
59.38132614513221 60.354364715558646
60.354364715558646 62.33511836371453
62.33511836371453 62.894574500205294
62.894574500205294 64.48161198728457
64.48161198728457 64.60435468428582
64.60435468428582 64.7772411455764
64.7772411455764 64.231991980558
64.231991980558 64.21680492530533
64.21680492530533 63.9336468298297
63.9336468298297 63.77210454848297
63.77210454848297 63.765028339723564
63.765028339723564 64.02074714531436
64.02074714531436 61.539542459984126
61.539542459984126 60.62023185397642
60.62023185397642 61.25177770323589
61.25177770323589 61.241403116818915
61.241403116818915 60.98258900299007
60.98258900299007 59.82788795094926
59.82788795094926 60.833490021201804
60.833490021201804 58.77699022160252
58.77699022160252 60.85826323856793
60.85826323856793 60.57635834408168
60.57635834408168 59.86860522402701
59.86860522402701 57.77588157778344
57.77588157778344 57.85157795738379
57.85157795738379 59.91751247263569
59.91751247263569 59.06758667303494
59.06758667303494 57.70837219046698
57.70837219046698 59.471472622063786
59.471472622063786 58.71376430269211
58.71376430269211 58.432651850953036
58.432651850953036 60.030840599659356
60.030840599659356 60.50555393331684
60.50555393331684 62.079248353332325
62.079248353332325 60.942975826792434
60.942975826792434 63.3544521458103
63.3544521458103 62.90632336097598
62.90632336097598 60.61168742303308
60.61168742303308 60.65077756986844
60.65077756986844 60.92616306727808
60.92616306727808 59.56211643024356
59.56211643024356 59.50162225807424
59.50162225807424 60.139203432997355
60.139203432997355 61.80978126647983
61.80978126647983 62.02473468327378
62.02473468327378 60.237727484193044
60.237727484193044 60.726698938022274
60.726698938022274 59.83799645678876
59.83799645678876 60.58634880770141
60.58634880770141 58.32024646378645
58.32024646378645 56.805499264097364
56.805499264097364 57.50427678718637
57.50427678718637 57.01478003241031
57.01478003241031 56.08278162776539
56.08278162776539 56.49258462733921
56.49258462733921 57.8560915191187
57.8560915191187 58.83416025657394
58.83416025657394 58.862567328490925
58.862567328490925 59.184693536019665
59.184693536019665 59.93528161186037
59.93528161186037 60.76348974252208
60.76348974252208 61.50367053910352
61.50367053910352 60.32814737114882
60.32814737114882 61.682370214152954
61.682370214152954 59.30375537626154
59.30375537626154 59.41661495600763
59.41661495600763 58.4576515687606
58.4576515687606 57.875308666588595
57.875308666588595 59.52484514433713
59.52484514433713 61.180095065310226
61.180095065310226 62.1534829626303
62.1534829626303 63.615629208417566
63.615629208417566 62.50936725286592
62.50936725286592 62.330436921403845
62.330436921403845 63.4519714435282
63.4519714435282 61.423294309167815
61.423294309167815 62.25152194066049
62.25152194066049 63.07578694692269
63.07578694692269 63.06169634732386
63.06169634732386 62.662793969680266
62.662793969680266 61.80390779942096
61.80390779942096 60.037835278616356
60.037835278616356 59.21880217870395
59.21880217870395 56.944851597012956
56.944851597012956 56.33443690947017
56.33443690947017 55.80983955061629
55.80983955061629 55.88421145693814
55.88421145693814 56.77199959150692
56.77199959150692 57.07547565479042
57.07547565479042 58.446941970461694
58.446941970461694 60.2610669796739
60.2610669796739 62.30845314248932
62.30845314248932 64.3348658907835
64.3348658907835 65.52209665876659
65.52209665876659 65.66463930461093
65.66463930461093 66.17004182232301
66.17004182232301 66.87246707635359
66.87246707635359 66.04641896276162
66.04641896276162 63.664978788408554
63.664978788408554 63.68319350181227
63.68319350181227 61.35381239499684
61.35381239499684 60.67236255351672
60.67236255351672 61.578566096174455
61.578566096174455 61.32058035704293
61.32058035704293 60.84650428837303
60.84650428837303 58.72506458870931
58.72506458870931 60.54489343329329
60.54489343329329 60.53008771242995
60.53008771242995 59.679573913070065
59.679573913070065 58.32973953509726
58.32973953509726 57.560085904748036
57.560085904748036 58.39150675020005
58.39150675020005 59.52597792983417
59.52597792983417 58.31968660035851
58.31968660035851 57.80635192871482
57.80635192871482 58.45956741551849
58.45956741551849 58.37031849430337
58.37031849430337 60.082611667570376
60.082611667570376 59.180068702784055
59.180068702784055 60.33634853750619
60.33634853750619 61.5559389570877
61.5559389570877 63.5309859276691
63.5309859276691 63.420497042758505
63.420497042758505 63.629657205851665
63.629657205851665 62.74462557163937
62.74462557163937 62.956833889301436
62.956833889301436 63.816939295081184
63.816939295081184 61.86244492831401
61.86244492831401 63.01486980746763
63.01486980746763 61.54471033131089
61.54471033131089 59.71742263667698
59.71742263667698 60.67770814651352
60.67770814651352 62.09966691697473
62.09966691697473 61.51964446183735
61.51964446183735 61.803239978101224
61.803239978101224 63.538941753479406
63.538941753479406 62.45618125340966
62.45618125340966 61.031336421440834
61.031336421440834 62.64603965880911
62.64603965880911 62.51170971926436
62.51170971926436 62.66502356706933
62.66502356706933 65.04132081300342
65.04132081300342 67.31749678666503
67.31749678666503 68.31035707006703
68.31035707006703 66.13025310208693
66.13025310208693 67.09318464628275
67.09318464628275 68.10006656655243
68.10006656655243 65.55023980825617
65.55023980825617 65.30270269779678
65.30270269779678 65.76891679601998
65.76891679601998 65.54329741831248
65.54329741831248 63.159278048968154
63.159278048968154 62.89756987107118
62.89756987107118 60.88388389605772
60.88388389605772 60.04846540645316
60.04846540645316 62.18599981140638
62.18599981140638 63.17783732017873
63.17783732017873 65.3215427112776
65.3215427112776 63.524371031537
63.524371031537 63.584618550781144
63.584618550781144 61.95066285503744
61.95066285503744 63.683806853323794
63.683806853323794 64.7112599555285
64.7112599555285 66.01764625221148
66.01764625221148 65.33557082742983
65.33557082742983 65.02726963410622
65.02726963410622 66.53666820713109
66.53666820713109 66.48655664655952
66.48655664655952 65.62689821051372
65.62689821051372 63.754294113234394
63.754294113234394 63.19986820962224
63.19986820962224 63.24068898832657
63.24068898832657 63.89709119601646
63.89709119601646 65.261016674506
65.261016674506 65.02926996639232
65.02926996639232 64.00749138395994
64.00749138395994 62.97068754963957
62.97068754963957 63.42360316581136
63.42360316581136 63.43245314170619
63.43245314170619 63.32793066309954
63.32793066309954 62.72864713427212
62.72864713427212 63.16176406794146
63.16176406794146 62.0070419482781
62.0070419482781 61.14053187836197
61.14053187836197 63.03911342752543
63.03911342752543 63.377416084464286
63.377416084464286 63.34548128525527
63.34548128525527 60.96118137513953
60.96118137513953 61.60979017436098
61.60979017436098 61.912965069973225
61.912965069973225 63.46348746561626
63.46348746561626 63.020091850814794
63.020091850814794 63.52787371733021
63.52787371733021 65.60087050332442
65.60087050332442 64.29985349217759
64.29985349217759 66.75581444105053
66.75581444105053 67.2298502993397
67.2298502993397 66.41328801440356
66.41328801440356 64.78916817153346
64.78916817153346 63.50994711323172
63.50994711323172 61.31539045565782
61.31539045565782 61.330816277727585
61.330816277727585 60.29930139603987
60.29930139603987 60.13455671189028
60.13455671189028 60.08881826297014
60.08881826297014 57.88118562861374
57.88118562861374 56.00697360919381
56.00697360919381 55.94793275324373
55.94793275324373 54.33847275106066
54.33847275106066 54.36767766016472
54.36767766016472 53.713855640002016
53.713855640002016 55.60194928560182
55.60194928560182 56.16894850311561
56.16894850311561 56.38371305094674
56.38371305094674 56.80889978187923
56.80889978187923 55.63900036595105
55.63900036595105 56.53421895045657
56.53421895045657 57.63713147888286
57.63713147888286 57.21288765330365
57.21288765330365 59.149125415494645
59.149125415494645 57.55684445492279
57.55684445492279 57.34318547044864
57.34318547044864 57.56597642979488
57.56597642979488 58.65803577932739
58.65803577932739 58.792730023319
58.792730023319 57.526376155899094
57.526376155899094 57.97508774355525
57.97508774355525 59.31665279651946
59.31665279651946 58.270848576826765
58.270848576826765 58.28143210647113
58.28143210647113 59.038513126475635
59.038513126475635 58.73414414703395
58.73414414703395 59.32729075743458
59.32729075743458 57.94974785409286
57.94974785409286 58.4235795702718
58.4235795702718 57.21137850454606
57.21137850454606 59.37558794912605
59.37558794912605 60.62105264843379
60.62105264843379 60.36380713726225
60.36380713726225 59.237902457190486
59.237902457190486 56.87969864687837
56.87969864687837 56.31175981292809
56.31175981292809 54.6298164682636
54.6298164682636 56.66013984896463
56.66013984896463 58.77751072183677
58.77751072183677 57.00180708295593
57.00180708295593 57.030441208413755
57.030441208413755 57.747417897083764
57.747417897083764 57.779828701559374
57.779828701559374 59.35885808615651
59.35885808615651 59.095411241164726
59.095411241164726 59.19227230464142
59.19227230464142 59.288573758236986
59.288573758236986 57.79835727816079
57.79835727816079 58.499032001858055
58.499032001858055 60.18663118547833
60.18663118547833 59.46020226300114
59.46020226300114 60.43426238806456
60.43426238806456 61.43648476820061
61.43648476820061 59.28730471901342
59.28730471901342 59.320232746392975
59.320232746392975 58.41002172947598
58.41002172947598 60.38214883490843
60.38214883490843 62.43942612117041
62.43942612117041 62.41416444698668
62.41416444698668 61.42095162595534
61.42095162595534 61.96261206160817
61.96261206160817 60.9411904906315
60.9411904906315 60.72602313255607
60.72602313255607 60.70954696592079
60.70954696592079 58.76237305748412
58.76237305748412 56.522971648047275
56.522971648047275 56.42679979607945
56.42679979607945 55.677200655543885
55.677200655543885 55.29783661147463
55.29783661147463 55.29028750785382
55.29028750785382 54.55059143837307
54.55059143837307 55.05605318652284
55.05605318652284 55.63746286181369
55.63746286181369 56.087139940033715
56.087139940033715 57.80732171404346
57.80732171404346 57.40441086075526
57.40441086075526 57.05294125594874
57.05294125594874 57.208509960534116
57.208509960534116 55.59719665042427
55.59719665042427 56.14670961693141
56.14670961693141 57.1979390716568
57.1979390716568 56.35680804392694
56.35680804392694 57.27017239316393
57.27017239316393 55.47334914313131
55.47334914313131 55.61910632884062
55.61910632884062 55.8806940498795
55.8806940498795 55.3074779063206
55.3074779063206 54.73292998614206
54.73292998614206 55.29379253715458
55.29379253715458 56.48167221961253
56.48167221961253 56.43452538566795
56.43452538566795 54.82360634980579
54.82360634980579 54.630996000973326
54.630996000973326 55.46729465348317
55.46729465348317 57.40767415067108
57.40767415067108 57.22101507197168
57.22101507197168 56.71295223006254
56.71295223006254 56.681018271317015
56.681018271317015 56.139303266607115
56.139303266607115 54.557247856275815
54.557247856275815 53.948781739828846
53.948781739828846 54.06166422506233
54.06166422506233 55.84620323585967
55.84620323585967 54.29482468518613
54.29482468518613 56.34635205917033
56.34635205917033 54.86200941400585
54.86200941400585 56.33557874166157
56.33557874166157 55.3028016891722
55.3028016891722 55.35939011233654
55.35939011233654 56.985384694811785
56.985384694811785 57.748149905913486
57.748149905913486 57.47828943887482
57.47828943887482 57.439048976295595
57.439048976295595 56.12750015531275
56.12750015531275 55.31694397186298
55.31694397186298 54.00093330185202
54.00093330185202 55.12033916600763
55.12033916600763 56.13074234414912
56.13074234414912 56.34721756433443
56.34721756433443 56.65071220735829
56.65071220735829 58.37201126026087
58.37201126026087 57.155731656824805
57.155731656824805 57.87951253391432
57.87951253391432 58.00742243286455
58.00742243286455 60.217473304643306
60.217473304643306 59.55460617398198
59.55460617398198 57.92388543013675
57.92388543013675 58.67693394622018
58.67693394622018 58.09186680757786
58.09186680757786 57.72189416297738
57.72189416297738 57.14724713606374
57.14724713606374 56.93769157431529
56.93769157431529 56.581344377155666
56.581344377155666 58.67101360958455
58.67101360958455 56.7760339797228
56.7760339797228 56.05638612830698
56.05638612830698 54.50469651488507
54.50469651488507 52.509602806085894
52.509602806085894 53.14995941838444
53.14995941838444 51.785762568279964
51.785762568279964 51.66637041976625
51.66637041976625 51.15541740938162
51.15541740938162 51.275466908684294
51.275466908684294 51.81189144430819
51.81189144430819 51.85774850946879
51.85774850946879 51.87003719548824
51.87003719548824 51.85581347198109
51.85581347198109 52.289957682512835
52.289957682512835 52.76332311881008
52.76332311881008 52.80480968937426
52.80480968937426 52.963823819834865
52.963823819834865 53.51109143486359
53.51109143486359 53.9178909500137
53.9178909500137 55.10192414840755
55.10192414840755 55.59755664717529
55.59755664717529 55.56249462194036
55.56249462194036 56.752190339204546
56.752190339204546 55.94195471126675
55.94195471126675 55.618593289493994
55.618593289493994 54.53824895575288
54.53824895575288 54.52992499938959
54.52992499938959 54.91971292438146
54.91971292438146 53.742508725025246
53.742508725025246 54.43053877307846
54.43053877307846 56.41239719736376
56.41239719736376 55.95481812599971
55.95481812599971 56.425646248719026
56.425646248719026 55.39449419227737
55.39449419227737 55.6456344344325
55.6456344344325 55.65416038146791
55.65416038146791 55.6344158209934
55.6344158209934 55.982271105861976
55.982271105861976 53.78521725412432
53.78521725412432 53.79557368071556
53.79557368071556 54.52784605327415
54.52784605327415 54.69647377577799
54.69647377577799 54.5345323873017
54.5345323873017 54.54059441411752
54.54059441411752 55.65335619665746
55.65335619665746 57.54547960795322
57.54547960795322 57.56014727425321
57.56014727425321 55.774230549126884
55.774230549126884 56.34207984251369
56.34207984251369 54.85546256122208
54.85546256122208 55.95077626676268
55.95077626676268 54.46184191146211
54.46184191146211 54.27435962599372
54.27435962599372 55.89815027423661
55.89815027423661 53.88951984094646
53.88951984094646 54.876669234016234
54.876669234016234 56.3486612095881
56.3486612095881 57.40312531581444
57.40312531581444 57.2769326986994
57.2769326986994 57.77315491013288
57.77315491013288 56.140213087469334
56.140213087469334 55.27883394101765
55.27883394101765 57.354068387647324
57.354068387647324 58.82326513853249
58.82326513853249 57.35789906243251
57.35789906243251 58.96348181432064
58.96348181432064 58.02600722901295
58.02600722901295 60.113025878313586
60.113025878313586 58.81514089901268
58.81514089901268 56.739408292354724
56.739408292354724 56.07941793403703
56.07941793403703 57.57112195875548
57.57112195875548 59.21603437174197
59.21603437174197 57.73792876177924
57.73792876177924 55.878696839626755
55.878696839626755 57.86568227330261
57.86568227330261 57.80008507509128
57.80008507509128 58.14441772549593
58.14441772549593 57.088090942623204
57.088090942623204 57.77918811484978
57.77918811484978 59.82431987640177
59.82431987640177 58.62695619040189
58.62695619040189 58.163149960629724
58.163149960629724 56.675111578086195
56.675111578086195 58.39042530964998
58.39042530964998 58.383139550980374
58.383139550980374 57.90213342718651
57.90213342718651 56.32546554877642
56.32546554877642 56.31769981471449
56.31769981471449 57.303314745910086
57.303314745910086 55.83815781983846
55.83815781983846 55.82477271805023
55.82477271805023 53.72284213493329
53.72284213493329 54.15975563624912
54.15975563624912 54.29841158245339
54.29841158245339 55.00537764947028
55.00537764947028 56.179927279620706
56.179927279620706 56.299320621201645
56.299320621201645 56.16574702931672
56.16574702931672 54.511586738255154
54.511586738255154 55.473889293829494
55.473889293829494 54.48132165736384
54.48132165736384 55.03640892215529
55.03640892215529 57.158001940603846
57.158001940603846 57.720751716500864
57.720751716500864 57.40692825310615
57.40692825310615 57.39288143007187
57.39288143007187 57.925508307326574
57.925508307326574 55.777155703803565
55.777155703803565 55.607278386020155
55.607278386020155 57.07577486860292
57.07577486860292 54.946726984643654
54.946726984643654 54.95459411436572
54.95459411436572 54.89380171447284
54.89380171447284 55.50551308170697
55.50551308170697 56.17414417132819
56.17414417132819 56.778550921027716
56.778550921027716 57.87230357858408
57.87230357858408 58.33290593013079
58.33290593013079 58.35398466891088
58.35398466891088 59.90398648726466
59.90398648726466 60.305575140973986
60.305575140973986 61.67006309027401
61.67006309027401 60.425486160708246
60.425486160708246 60.419374905353784
60.419374905353784 59.048440123852835
59.048440123852835 60.0828092353939
60.0828092353939 61.56377660415562
61.56377660415562 61.77061118482941
61.77061118482941 64.05981808150077
64.05981808150077 64.39286471720678
64.39286471720678 64.1940845791457
64.1940845791457 62.31400665533571
62.31400665533571 62.33231447519932
62.33231447519932 63.83924355305614
63.83924355305614 63.0245172755044
63.0245172755044 62.29869681835924
62.29869681835924 62.29079448060438
62.29079448060438 63.872848257038775
63.872848257038775 61.90253099055475
61.90253099055475 61.42600146872846
61.42600146872846 63.014929218479644
63.014929218479644 64.35167856552411
64.35167856552411 64.76226259581559
64.76226259581559 64.74427787079509
64.74427787079509 64.6791629798633
64.6791629798633 62.25748781481268
62.25748781481268 62.34633230438867
62.34633230438867 61.880667280597784
61.880667280597784 63.45751188866773
63.45751188866773 64.47771543451009
64.47771543451009 65.32847877435712
65.32847877435712 67.33465977430487
67.33465977430487 65.70486872945916
65.70486872945916 66.4653125138977
66.4653125138977 66.38249023999086
66.38249023999086 68.38361199637676
68.38361199637676 68.01088323236974
68.01088323236974 68.5118837446779
68.5118837446779 70.48111609828027
70.48111609828027 70.0124688154388
70.0124688154388 70.95868105072303
70.95868105072303 70.94812938540919
70.94812938540919 72.0499790718062
72.0499790718062 71.60364988751164
71.60364988751164 70.7239685931774
70.7239685931774 71.22814824743085
71.22814824743085 69.0762286138711
69.0762286138711 69.50722597351897
69.50722597351897 70.00246258225457
70.00246258225457 67.85662658400926
67.85662658400926 66.79113875853889
66.79113875853889 66.98922291990432
66.98922291990432 67.43307591180671
67.43307591180671 67.45626800272359
67.45626800272359 65.02766926545281
65.02766926545281 67.40669536146896
67.40669536146896 67.23140358061991
67.23140358061991 68.87443883068026
68.87443883068026 69.15051726505354
69.15051726505354 70.28823266550538
70.28823266550538 68.28264110997988
68.28264110997988 69.85674645214858
69.85674645214858 70.9666545930669
70.9666545930669 70.98767541668953
70.98767541668953 68.23797015315255
68.23797015315255 69.7667462362593
69.7667462362593 69.51534515396499
69.51534515396499 68.46638997588362
68.46638997588362 71.13048443641746
71.13048443641746 73.9448766485712
73.9448766485712 72.15457776154516
72.15457776154516 70.7996634965086
70.7996634965086 69.04468372865469
69.04468372865469 67.23096887093506
67.23096887093506 69.29498441336861
69.29498441336861 71.79026333598395
71.79026333598395 73.41743310973337
73.41743310973337 70.69177195966715
70.69177195966715 71.97189742805463
71.97189742805463 72.29788216403213
72.29788216403213 69.51617104109935
69.51617104109935 70.98711885107522
70.98711885107522 72.47648079550918
72.47648079550918 72.17641336254886
72.17641336254886 72.00831073732124
72.00831073732124 74.45911211130023
74.45911211130023 73.88059175604828
73.88059175604828 73.55248055964671
73.55248055964671 73.48916339207692
73.48916339207692 74.47662587175638
74.47662587175638 72.45838142787865
72.45838142787865 71.856850826359
71.856850826359 71.459584177351
71.459584177351 71.25307417003819
71.25307417003819 69.88917813501463
69.88917813501463 68.56153674164094
68.56153674164094 69.98540234646592
69.98540234646592 70.68957008285935
70.68957008285935 71.51169479660528
71.51169479660528 70.00339636676563
70.00339636676563 69.45020500001954
69.45020500001954 71.35677521002692
71.35677521002692 71.85373924391146
71.85373924391146 70.47548587871522
70.47548587871522 73.0878683122922
73.0878683122922 72.91073190571187
72.91073190571187 73.48190211620783
73.48190211620783 71.32459169938873
71.32459169938873 72.34674017706594
72.34674017706594 70.73804297631635
70.73804297631635 71.86014880945851
71.86014880945851 69.57478484247304
69.57478484247304 69.133015217195
69.133015217195 70.86369720423049
70.86369720423049 69.15195125527038
69.15195125527038 67.34148792744595
67.34148792744595 67.35122780908749
67.35122780908749 66.58860177940866
66.58860177940866 64.28037483401125
64.28037483401125 62.574862530986046
62.574862530986046 64.2562586763832
64.2562586763832 66.44014534989724
66.44014534989724 68.69496166053747
68.69496166053747 69.47231163710482
69.47231163710482 69.73383937071051
69.73383937071051 67.16605123003006
67.16605123003006 65.30467950184608
65.30467950184608 63.376667839174175
63.376667839174175 64.256883555076
64.256883555076 64.44286585697175
64.44286585697175 63.72979849194731
63.72979849194731 64.08573036395157
64.08573036395157 64.31541944864851
64.31541944864851 64.72947298441478
64.72947298441478 63.66233488975524
63.66233488975524 63.83327284304452
63.83327284304452 64.13710004229755
64.13710004229755 64.44117760174451
64.44117760174451 65.07789145934476
65.07789145934476 65.97764132961706
65.97764132961706 66.5864971305702
66.5864971305702 66.94267255174874
66.94267255174874 66.95515524811307
66.95515524811307 65.6273033811619
65.6273033811619 66.8732622729431
66.8732622729431 68.21413397716523
68.21413397716523 68.45752890600747
68.45752890600747 68.33352337944928
68.33352337944928 66.69853043648153
66.69853043648153 65.51480235606488
65.51480235606488 63.80152208875864
63.80152208875864 65.52286053288239
65.52286053288239 64.82172394657604
64.82172394657604 62.68164621540484
62.68164621540484 64.28281928868454
64.28281928868454 64.56932759731436
64.56932759731436 64.56132953176143
64.56132953176143 64.6561883325076
64.6561883325076 64.6419006797462
64.6419006797462 63.2338822989082
63.2338822989082 63.45927121974932
63.45927121974932 65.35072364237256
65.35072364237256 66.64329414573065
66.64329414573065 66.33268405990216
66.33268405990216 67.3488161462915
67.3488161462915 67.32357610001661
67.32357610001661 66.66634302605814
66.66634302605814 67.28628719975084
67.28628719975084 67.58261385590491
67.58261385590491 67.98789954031047
67.98789954031047 67.06358874755475
67.06358874755475 67.92287353510397
67.92287353510397 66.88089761773519
66.88089761773519 66.4690598448072
66.4690598448072 66.48576254488651
66.48576254488651 66.95913420581384
66.95913420581384 65.81413160119392
65.81413160119392 64.32380722765527
64.32380722765527 65.39230475149255
65.39230475149255 63.254879089362305
63.254879089362305 61.99515805730588
61.99515805730588 63.31568719163416
63.31568719163416 65.09925799418868
65.09925799418868 67.5366271219701
67.5366271219701 65.35996485505748
65.35996485505748 65.31844327513987
65.31844327513987 65.30509304597544
65.30509304597544 67.20984604854304
67.20984604854304 67.20174685317039
67.20174685317039 64.56052036574017
64.56052036574017 63.979619084667135
63.979619084667135 66.41548589756486
66.41548589756486 64.68967695596038
64.68967695596038 64.89756547548592
64.89756547548592 62.90921249487213
62.90921249487213 62.71289010176965
62.71289010176965 62.027609996790396
62.027609996790396 62.397002018401544
62.397002018401544 64.342776413987
64.342776413987 66.10736950767124
66.10736950767124 66.49035599887391
66.49035599887391 64.80730051892837
64.80730051892837 65.15596576075501
65.15596576075501 66.15737794384576
66.15737794384576 65.93976923834357
65.93976923834357 63.3687097736808
63.3687097736808 64.87578592200455
64.87578592200455 65.77054675948902
65.77054675948902 66.95105798463455
66.95105798463455 69.32975298271731
69.32975298271731 69.01799367634014
69.01799367634014 70.5803968846581
70.5803968846581 70.79061628629333
70.79061628629333 68.90584067671335
68.90584067671335 71.35131224468213
71.35131224468213 73.06964409590651
73.06964409590651 70.55907348799039
70.55907348799039 69.74552895764958
69.74552895764958 68.7244231093191
68.7244231093191 70.69277153274246
70.69277153274246 71.65169723558158
71.65169723558158 70.02174309396771
70.02174309396771 71.78555870114543
71.78555870114543 72.87078939429186
72.87078939429186 75.26751448889318
75.26751448889318 76.25533420363921
76.25533420363921 73.6357798169241
73.6357798169241 71.8979405316172
71.8979405316172 71.10183553535835
71.10183553535835 70.958316114796
70.958316114796 72.25888481156342
72.25888481156342 74.74135351748275
74.74135351748275 74.83446662641018
74.83446662641018 72.362155726551
72.362155726551 74.86487081629909
74.86487081629909 73.80992391410061
73.80992391410061 74.47745994328506
74.47745994328506 77.26720049764009
77.26720049764009 78.21068975120116
78.21068975120116 75.87783506848812
75.87783506848812 74.93935743829226
74.93935743829226 72.73999307149654
72.73999307149654 73.04851862812356
73.04851862812356 73.05656798914843
73.05656798914843 72.97261931606107
72.97261931606107 72.52997093573946
72.52997093573946 72.79897284540854
72.79897284540854 73.5023816214084
73.5023816214084 73.69730325200958
73.69730325200958 73.59689360798014
73.59689360798014 72.67827206968448
72.67827206968448 72.64722868260876
72.64722868260876 73.50120583559963
73.50120583559963 73.06508011008958
73.06508011008958 72.19889919511945
72.19889919511945 73.76003367497906
73.76003367497906 73.79378416103464
73.79378416103464 74.9835800332849
74.9835800332849 75.26721783323603
75.26721783323603 75.78097337748926
75.78097337748926 78.07366847235365
78.07366847235365 79.76327863019606
79.76327863019606 82.42130656481899
82.42130656481899 82.24752318695431
82.24752318695431 79.2996891062945
79.2996891062945 77.82380366679573
77.82380366679573 77.2497733455562
77.2497733455562 74.96640104474018
74.96640104474018 72.99938843109169
72.99938843109169 71.46497237055327
71.46497237055327 71.00033281256853
71.00033281256853 72.13897115111641
72.13897115111641 74.41283908587708
74.41283908587708 75.03826426731185
75.03826426731185 76.51839405211726
76.51839405211726 77.20086214116253
77.20086214116253 79.70115477267568
79.70115477267568 79.54773505019335
79.54773505019335 78.51913975649173
78.51913975649173 76.54221082481297
76.54221082481297 74.01578426611046
74.01578426611046 74.27354198517695
74.27354198517695 76.51690020824209
76.51690020824209 76.24085789013978
76.24085789013978 77.54252925876298
77.54252925876298 76.47452641708003
76.47452641708003 77.97147735243368
77.97147735243368 75.43885257325391
75.43885257325391 74.30166829841504
74.30166829841504 76.36306763428533
76.36306763428533 77.27950896877653
77.27950896877653 78.69492102011436
78.69492102011436 78.04780570546578
78.04780570546578 78.29862972301869
78.29862972301869 80.55204594381388
80.55204594381388 80.69081026828866
80.69081026828866 77.64782809049353
77.64782809049353 80.42267050304034
80.42267050304034 77.53873943909615
77.53873943909615 78.27897274860901
78.27897274860901 78.31264968162809
78.31264968162809 76.52100012414753
76.52100012414753 76.45516304773518
76.45516304773518 78.63832838962679
78.63832838962679 78.66754926549902
78.66754926549902 76.02794327767828
76.02794327767828 77.70893513545963
77.70893513545963 78.9819734624866
78.9819734624866 76.43008226181132
