4 0 0.0 1.1316051050531568 2235.020892366759 1.3770442767035214
90.74327342990672 89.58331213332636
92.26906213161287
94.72160169967009
97.94591979963018
97.9800802847486
97.67396806211785
97.6967348523257
96.09139276405648
92.33542716124838
94.37195016223436
95.21195119871938
96.88372545014593
96.33229378081566
96.39769693180179
96.7188647993418
99.26514596886587
99.13553593224961
101.61359408347936
97.92450733134538
98.96972692498429
102.9299554425524
100.87270026194126
100.19331097709143
99.03875507538694
97.31463131994586
98.56470860451199
97.53806414619982
97.0576036847101
98.49460722349824
99.35146456893564
100.52507014317166
97.44271771620667
96.012851398583
95.95514761276799
96.22122082153872
97.68688992981534
97.7163588639512
100.71044774646134
100.77493348271886
103.20522523125203
102.4790118906454
101.40267807752517
98.51575375036167
98.49473744963956
96.11677856760059
99.3445783900559
101.06883024389406
100.37449092461304
100.31825544585283
97.168685892499
100.25640773448598
99.57887593743793
99.49625804754183
97.86142421802991
98.05127310204912
98.46630195196543
98.51840036250084
95.85283759432721
96.33466447840578
98.37162389776702
102.18832059176628
104.24248408809117
102.55318931445089
102.25598631374099
105.17524415663404
105.39525245788344
102.26028360405294
101.88112718576744
101.36254790851942
99.53316080672931
99.43705878078558
99.09308647976343
98.26169138685664
99.54017932017948
96.85438129894023
96.76675776307819
94.86099848731995
93.50759837877118
92.81854151332564
92.99944283132106
91.73164592223132
95.33145314715253
95.78142800755141
96.04056556203986
97.16371674764841
97.53584237938986
99.470295807346
99.67827790823824
100.8788624059306
101.02114296141028
102.55000715756901
106.25502987269135
105.11383926515605
108.51861836442501
105.9956844103939
104.80062711483141
101.53936256892494
100.07489766426072
101.73091338521826
105.73914924945721
105.60210270578676
105.58875537909617
102.79314792401806
103.40974235948424
102.88661109978435
98.80219291192347
101.4041723039807
104.22027757123287
104.24133072255417
104.29139743480681
102.27884056862851
99.45151299833303
101.03631874744278
98.67888438609903
98.05372561721644
97.1004643274586
97.34519630987592
97.17712989636308
99.91571408616576
103.25171983440345
102.70958334422446
103.2263820809048
103.58772549682872
104.98244139726211
102.85366946897295
102.72993889909398
99.28600137910274
96.28568559542285
94.42161966097817
94.29297960269022
94.48725672172911
94.49909002755048
91.86634945211611
93.63698189359415
95.18101596749126
91.98200870412562
94.00348483225474
92.42440296035853
89.9540876047877
87.65128541681632
84.4337773186976
84.77456193145642
84.81700853481854
85.00116082860171
83.67202754966884
86.74187228370049
87.75581891351781
85.3327772166956
82.07277446465984
82.46952534555803
84.61678101865455
84.75827001014629
86.42723224173335
85.51090508153003
83.66398492687118
83.5325403333789
80.19154308996166
82.63700798263964
82.62534831284569
81.39402071743638
82.0580485818805
82.86491624785403
82.92248628059436
82.94265833257501
82.02380076597602
85.23268384204691
87.71665772562264
84.97891128857955
86.95210589017206
85.18641954296477
85.15390017477364
85.26288112574852
85.66932722261214
85.38662559765231
83.4558221618272
86.49815266299045
83.61857263510667
86.28091496072255
86.46293507022186
89.47645419107391
88.18711389747257
87.97160498453695
88.1121859971777
87.82241635651837
91.0305169113146
90.19431801848322
87.27301677746219
84.52703744782531
87.67473324094318
87.56041066681075
85.53726131894342
83.94516324215043
82.80152834455421
83.61953279128922
82.92528068895473
80.03058879162748
81.4070502098899
81.37678692246001
82.01250343735599
82.19802527279606
82.27907215606312
83.77966768790905
85.79846689293018
87.62982853529543
90.98964085706608
90.97634395424029
87.94863292540086
87.85140516883251
87.36196464283304
83.98867251469008
85.98565878216489
89.1569127162403
88.25973352992348
88.24179879182125
88.1277508911492
85.38776170416047
82.7146002071306
79.59220570090872
78.06375861408947
79.00988160398433
77.9922415240812
76.83626840817097
76.63506295543212
76.75467383886196
76.08256795435311
73.37612691408563
71.64801930713087
73.54456261923578
71.77192974710111
74.17098077611267
74.664021486159
74.00578306857028
73.6784498680605
72.44335869423759
72.4304504800839
74.2803288490462
76.23567769140787
75.61044835505193
75.85083525436607
77.61077778839508
74.77598606155819
72.64258597137322
70.47593122363874
70.71034221730305
70.02626542794762
70.01719242138395
69.99566902409897
68.94449276529016
69.64414954252277
69.52169963751561
67.86012866181382
69.80158216289021
67.59800193214923
69.91259521423466
69.06805866407646
71.2980081452441
71.29025042330304
69.39454271184786
69.91942882721312
69.85158027817027
70.62226050511401
70.61483407314849
71.54432942323022
68.77663368759804
69.87001462491168
70.02499459023507
70.40836057550779
70.22774462225637
70.45946500256154
70.30779874448558
70.1587780055751
68.18346138623971
68.25648649996593
69.91618446453546
69.88188041097676
69.85078608849633
70.75008222324647
69.45867136610877
67.91888497372612
69.99187936447053
68.4715581665196
67.4261095961015
67.59447774529104
68.7762398125876
68.32684155020979
70.11257661450043
71.88023584705199
72.58905707970206
71.56132649463005
71.01041106603766
71.64583779633568
72.65757340033205
71.56974279351884
73.00012558940783
71.07690679193416
73.3601534211251
74.18114812771834
75.76418909350151
74.30739094858687
71.40366385358507
71.36055939332331
71.11782188767381
71.27783311411308
69.96180977633409
68.97278747459134
69.6470535178732
69.66050660179192
70.88627172197761
70.59783240884433
70.26752484233519
70.2753506390483
70.92680564584961
71.43057054032137
72.81389099963378
72.4991482887783
72.32859584833795
72.6061981878069
73.52477216463835
73.53552167468077
71.8011770126747
74.00098905892222
73.90472286914519
71.08941792586998
69.67569846068103
71.24356564658456
68.72872418531614
68.92582466584393
71.25787241439232
73.0623573848759
72.34296443302644
73.22143564696445
72.66231655040846
73.21832395258288
75.40715121900374
75.21010536764811
73.08094966083699
73.75214705201812
73.08730735926483
71.52264284413214
73.2981408328918
70.69428095176282
73.01332936838688
74.37022525883702
76.97277180945257
74.14574330436696
74.06600346052161
75.72020181413583
77.30551666119094
77.23563071274441
76.6349488738299
74.35531067835942
74.33950797174982
71.63274625555465
72.18652543609294
70.43119430209882
71.02116790574665
70.79902363306113
73.3552697713259
73.24703230097447
72.14092007199437
69.87296804020954
69.22561297638232
68.11241782190847
67.95233494022035
67.1098740960442
68.19924962465223
69.3761965156595
69.43394536056401
69.54771270289123
69.9435521905594
70.04599597575282
70.05340281701629
67.40530585082861
69.3838506953097
67.6571456221619
69.46769592732872
69.62003410058392
69.68015622655392
71.27400957577878
71.11051607124521
73.84889752866923
74.0451974823967
74.98447226705703
74.25902337707463
74.6177691443576
71.75635703120312
71.58438415775322
70.9863069010201
71.15919581646664
72.35810510853118
72.35078638623497
73.2235605141482
73.40089488527833
73.51836025600831
73.5258156771026
71.42538521028338
71.36780414208054
73.11414159857036
71.00450788116274
73.01790830316294
74.16568172671013
74.00313705114681
75.2689469468374
76.9383874129411
76.98406478812309
75.51684813363995
72.8728867533392
74.35437700118368
73.45730959870998
74.87667287476324
74.93742317517653
75.21074219262447
72.69240575031628
70.42392046705733
70.58138113604551
71.55375870734778
73.79618475563665
74.84462451881409
75.2983474830169
75.2472838108618
77.55511515680584
78.47753263359449
78.67999090810207
77.88041981072728
78.3219053689973
80.75305462829773
78.91467075590094
80.47149078752008
80.45952779167845
80.1883118922537
80.06377189407183
80.0720202075785
80.0336345528143
79.23313244950646
82.20899514202944
79.61015501550054
81.60640714719771
81.29516870236509
81.20916796763629
79.12536467774359
79.09935096550693
81.69488691722538
81.53946578642221
80.77750554489174
79.62463241606083
78.61311951978723
79.80160578309436
76.69698085803597
75.23286386104346
75.45954952858871
75.76796580198304
73.93499672509205
73.2515012914623
72.35692221856603
72.91838108386476
75.32748130103289
76.54487718519606
78.8198183162753
76.38975675015108
74.81024938040004
74.8007004131007
71.97389514478866
72.21322460193537
71.683084848171
71.74985560895891
74.54847485937366
75.3693263136771
73.91342029062235
72.61709612285762
75.46838476335004
76.68632889800037
76.6028929846742
76.5921668446958
77.6881773882118
75.26828510230592
74.9970138892835
72.48320958863732
73.37983717803482
72.61246741513047
72.52763049714532
72.87410747978525
72.69726032934555
72.70675480184104
72.76621027168603
74.70304192549001
73.90883435391217
74.07218568642719
74.16076284692743
74.71086330635283
74.62609252576681
72.453537067815
70.16485909750659
71.02193818416549
73.2455402681169
70.68008292880205
69.59053712052422
70.97211032782509
68.25914407080161
70.14660407053412
69.78430117405321
71.83888715967886
71.98146977163054
72.27002929942336
71.72086262164116
74.1648418723278
74.15514833275124
72.63882474430287
72.6214470013274
71.7645604762484
71.62663481916348
69.6146791630626
69.52057412279561
69.09017182312238
71.15532669755191
70.60410006464697
70.58256193878303
70.64421623007769
71.40424408470125
71.08555112735678
68.68757087822215
67.52339043911437
67.18800157390689
67.23591352893338
65.40295526117757
67.87567981032707
68.05319459336161
69.94750385195276
71.68568868486437
71.63141431570916
70.50240492311275
71.9424404815204
73.37523478980225
72.06140547296991
71.94564707171739
73.81940145713001
75.70621593896489
74.72151617414472
74.73654066635116
73.58442921800955
73.00086998406493
72.91536071416627
72.43658423192167
70.18079213675193
68.53975992347476
66.10040942379445
66.68373921750245
64.97158252033329
62.56251179323898
62.57483560249769
62.89565844466142
61.82656573929184
60.12618929618863
59.96213735291113
61.514588481367404
60.62298900046161
62.188119999069436
60.37214675399835
59.698984932168614
58.14829475058528
58.388316514801545
56.48131894070543
57.1328113148646
57.931521952497754
58.52569733792699
59.81893619138016
59.59666799990561
59.61620377429884
60.67829934552434
62.31131442991942
60.94833366769241
58.95983395380531
59.13055178031884
58.34744565604351
57.64662731623517
58.48505377500814
58.76651243408893
60.395487870584574
59.97553204016314
59.451519102262004
57.19337748768396
55.53715432906562
56.272431343387716
56.50425863846872
58.66295857457435
59.86057075008291
59.95464184805512
57.954674084688556
58.34796171554957
59.01120729357145
56.74530970048294
55.81008321940522
56.12045728532361
57.86036963229318
58.73193350100145
60.15540226875418
58.85598502547612
60.60882123376884
60.752302628854444
59.95236852224346
61.58839006692064
62.27558210684813
62.29070596102177
61.818197379397354
63.06976478887117
62.34925654915125
60.572314642375176
58.17323395392099
58.33149806997045
59.51919635726544
59.10434539602779
59.579124187227926
61.61927119171084
61.83533966347383
63.03412730296471
63.51283147462752
64.52133027047265
65.51081199790579
63.609583562567835
64.39707810157236
63.85559640550897
62.070544705600696
60.80840970610979
61.55310414304773
61.81785790126799
61.654989894512184
61.69444716438557
61.82407811095553
62.06352884997717
62.80378996797973
62.74595979488901
61.01447735146902
58.88684805617767
59.41347199423453
59.65573619983443
58.095602728206366
59.41980140533441
58.3183529683732
60.37614131761196
59.307445375628575
59.322426487650205
59.28993687929496
61.493239174194066
63.57621017034576
63.28918910718698
63.27834482785673
65.77198971398445
64.43025208208839
65.86178814702872
65.71612370477354
63.2031565199988
60.69141278880206
60.02697697782046
60.63905432019631
61.54387668687164
60.46862184702487
61.79052360094087
59.59788078177529
59.628436708239995
61.58905485441352
62.04076501793326
61.838272164088565
61.400541869996665
61.79671054517459
62.60981043340542
64.17741437936984
64.24826546000905
66.73482019110735
66.96282977112674
67.03572950649931
66.40668041531531
68.36263109315648
66.50502853794364
64.82186349613096
66.59184644938495
64.93980235288413
63.533216155176696
64.7738108325451
63.56293936053926
63.490316708135346
65.7044139683874
65.67795662750574
67.21829989028359
69.09651884293108
70.78282320964766
72.78046983644538
74.23297180929532
73.11862730102891
70.35595560831777
71.13405324513273
70.74031371563962
71.92585459520609
71.61242812766535
70.40435508408513
68.86548304466864
68.8171695420161
67.35043388246467
64.70499939702145
64.38616386889376
63.29057288300146
63.283940139177744
64.18794505323936
66.5726946362485
67.99973190820296
66.09341903468285
66.28590709196035
67.0143565818013
67.88589508621365
66.48678942458231
66.66196800479489
64.37692173422175
64.30800373492157
64.9633919007256
66.8324480333725
66.06894117164879
66.16870808307756
66.57246227933936
66.86454629856811
65.88208352813783
64.25414855951193
65.7926268052658
65.96473925253342
66.62882870694044
68.85350857803734
71.34772410066735
70.03044973890137
69.33166395083082
68.73939207310279
68.71181811253332
67.66782792723134
66.0553045584458
64.1346233263476
63.672732814704204
66.09322924692152
67.12161474830599
67.16258741653195
69.75018263270496
67.84825536520152
65.3775960595966
65.74756391734053
66.98837671803302
68.12960579243855
67.78143130866027
69.76537086023365
68.63996588453651
70.10425463923846
71.62706433763857
69.64457550928219
72.29719355170197
75.18142597388366
75.08121445208096
72.14864315199453
70.01484035002669
69.40506657017457
67.62438385162747
66.74504055741552
64.72736341991815
66.00669095372635
64.16018715307591
61.85001064506922
61.88135026317269
61.199919673583324
61.18509469002902
61.354465516224714
60.9187091511044
61.328246239043196
61.36641506077104
62.65887001932596
63.77688080309646
64.04318538598322
61.65342042333251
62.022393530062736
62.22802904020791
62.586391061847195
63.477739355447774
63.34702249076994
63.12084284894067
62.69907150652736
64.3651142198703
62.2363700465267
61.75162796647445
59.390810306672556
59.143177770776994
60.53274567377661
60.2802185573205
60.585558953053415
60.49579100460618
60.31751161575461
61.79985198253396
59.58231762410261
59.01002798697286
60.45710778103766
59.84246063901743
59.01924164158618
60.76584908891828
61.138036659020614
62.96492667619157
61.923081674854416
64.03523964566948
62.44344667872605
61.864655293258686
60.81406903039916
60.11040798346849
59.0828202507254
59.10464207742215
61.26265601613961
61.64555764768891
60.28484080576029
60.93943608556368
61.95450544374742
61.57502033267243
63.63810060662979
62.18217371212024
63.53076796069551
62.60710181919915
61.7383127556683
61.247279683446315
61.27044706711458
60.743638082080736
61.98746861567022
60.97417356577597
62.0607973132738
64.04170532279502
64.4568886268178
64.31465999752115
65.40833592834787
65.45634585664705
66.32556839844013
66.51600466775213
67.28237297435437
67.13692029268128
67.82550774312344
68.1265593810916
68.65875491363003
68.39144450792286
70.32746727324817
71.70562788436422
72.97241136873441
73.28448727586316
73.88117471301035
71.08171078526469
71.48421723346085
70.89908395802757
68.77225381633403
66.82455537460862
68.70466999783126
71.24651413535341
70.76982909135793
71.15854877488584
71.69520766769372
71.64556878680493
71.93141687354309
70.94191193205945
70.54211132353763
71.31397083061331
73.62737700095603
72.12385094726399
71.74661391666817
72.88169753521849
74.06145846101624
75.17333322883424
75.12251106219325
73.22637399955643
73.2174455047978
73.10153944588986
72.25038373430772
70.39446784659697
70.75146851461358
68.76966858956136
68.75365353327477
68.66887117252475
68.48497120070822
71.2017374337399
71.1339848399675
70.5402118456967
72.72291576749471
71.18105179841518
68.74787845962571
67.31013944299877
69.58255931269301
70.53407097086121
69.14160393052533
67.60877003024324
67.07360960623728
69.23386156604018
69.09201650831768
69.07949404349904
70.67585675654024
70.21216861409816
68.34608423934404
68.21813424895565
67.7886864610776
70.41407898236935
68.17618552710408
68.23952267025798
66.76480257564187
68.30577931883424
68.44599623865578
68.45340748555053
66.30302029214211
66.42206756944844
65.51076016033691
63.94205839822974
64.75679727888307
66.61594060867031
67.12690253692591
69.33150569372654
67.4731023393815
66.90277111950819
68.98382062573096
70.246779388728
72.8918273078662
71.66857407906612
74.34415663863564
74.40043965130079
74.46320786542418
74.96698605111823
76.30281064549314
73.38576330485387
74.41502712918519
74.84122231217422
74.9956912433159
74.58376368470186
74.99842970676654
75.20884515058884
76.38411811961645
74.53596559780027
74.82294553219613
74.63202623939834
76.40359008785106
77.64822851956012
77.32408131132372
77.4699565071575
79.10712238628336
76.25522898729824
77.04203468042465
75.19804312898617
75.20648313850091
77.9080686482673
77.70235214082199
79.05136773860293
78.46211785389423
77.84079347209534
79.23327259391094
79.45382378886406
78.05514565057011
78.94345579275196
78.76727717072352
81.66290455318091
82.34181406913022
81.6282446498975
81.67282844988294
83.63563059105027
81.49272114665523
81.9788359016452
82.3547374447073
85.64740195216346
84.73495636956956
85.94585689422745
85.57324726979469
83.536055766938
84.05355710873185
82.13546006113548
78.88225073132615
78.40294728332083
80.84952225817692
80.54807910572086
83.40128114920405
85.76198173125728
84.29390675940472
83.61841153903335
84.2810007441157
83.73392182519349
83.57732015802846
81.63990687030787
82.35246395825698
82.58637675072721
82.89134102593694
84.28135603158405
84.72121501820487
86.08115594935548
86.69488975432468
86.46812369558057
88.17518892118271
88.304477665261
88.3829108998479
85.51736212803522
88.23886704396445
89.14761827598686
90.81610139414116
93.33647253682109
92.83976072177089
92.45685851808416
91.59554866941843
89.36117173922479
89.33101688579258
86.71291986558153
85.36979812144513
84.4242710045403
86.83126064713231
83.57908147826981
83.48802511432966
81.8333893475306
79.27072702220245
78.79701048811016
77.99746250504562
79.16345984686778
77.47206132885276
77.54887172532926
75.13625717912483
76.24643970383138
78.59416038589735
81.3829546369059
82.9538875582625
84.48202671440615
81.32290399262587
81.68535744788105
79.65872864724527
80.23841582411907
80.29925404764124
81.71788729478928
79.96521569510679
83.16496160203076
84.16104127582942
86.03895688085723
87.04892734630245
87.68538978472473
84.47502138322348
85.16090163041447
84.59805199366681
84.29630517385527
85.3998124026501
82.96321756583265
83.14068850398282
81.18890624197243
78.51762076274564
76.93963588648352
74.66105131592931
75.40850012596403
73.6578836791714
74.53532354905141
74.95256925691956
76.43227869476847
79.12320247290455
79.37928536043258
78.14391127325177
79.73554688006914
77.55330067974279
77.43174238209502
74.89710043597242
75.13997505060797
77.15808990855986
76.97877682412617
76.7861066212046
77.51368089422587
77.66053358871838
75.88236209642959
76.23953285845818
76.56639462926196
75.39284243993995
76.14113197974602
74.02617000365106
74.72678256862427
76.87539637084096
79.42230334053802
82.10856703906127
82.68257249009531
82.26086567640141
82.13246596985012
83.80517807575684
82.79089272177822
80.12419620825557
82.32551601885831
81.47217425454326
81.46357678617339
79.68355444777401
80.09869534996405
78.11396805398763
76.26218989960576
76.28101689644873
77.46595659952222
75.55083523277943
76.30628203341045
76.155990768189
74.70923142123893
76.20598158428801
76.56529938453922
79.22213184349141
81.46741496365095
81.97851119963235
83.9225616275712
82.96819136410808
84.65899233805284
84.87766290122828
85.275229964933
84.52983548197531
86.27333298242047
85.97238763431062
85.93217395440819
85.6614362654097
84.37131974078457
84.28996764529657
85.05285630783592
84.01555101077263
83.42294549059588
83.97338264229565
85.49579461395821
84.66793226460162
86.95606005436774
84.73283707446637
82.42473746878575
79.770253336288
80.25107375252108
83.33299810346918
82.54034218345734
84.29254913571577
85.02695710308393
87.48615373756947
86.6691343352509
87.72100592899656
84.61183930954418
85.54520658817123
85.56866535061602
85.45808307259945
86.54313653364851
88.41154946633334
89.00735583641499
92.33790019548931
92.32866161574576
92.57070136320914
93.70718658411124
93.47316511232287
93.02348362093502
96.17981717048333
93.31158765840208
93.53395570120877
94.58104399168627
97.56936211387624
97.05829480210298
98.1166121043174
99.76997830420262
95.77451682871188
95.76386899977601
94.1806130396167
90.72131759107351
90.18854642605916
89.4266803229031
90.67233418694661
91.77917606014263
92.55033211385789
92.73738960041628
92.03742136861226
93.51716731857859
95.72240122696654
92.23071755304055
93.81996672632778
95.7477692958784
96.90246396939007
98.80691626150549
97.11004039158223
97.03390165990211
96.22064028265474
94.90803973643368
91.17482341260565
92.74296281272456
92.13217013490733
90.61206052364986
90.52037024573119
93.18396727358196
93.10924759612082
92.93307720637796
89.77124049468348
89.96255365917958
87.81119514309931
84.4071036499545
84.62855625605418
83.64587717682281
82.8982514438254
82.99166053822321
81.01840482233483
83.13726477176132
84.26441776272401
87.4365564796233
90.737215425082
92.8788247372046
92.20457377049172
92.19369614606529
93.90763777079854
94.58139489966841
96.43293343706242
93.68242538733683
97.25443299208058
93.91429581762533
90.6020530596267
91.81344362004475
92.4996984993864
94.17608482281611
93.53715053630727
96.6144492269303
92.81966360341481
95.32029398583487
92.74495442042391
92.63312875976852
94.48318530752972
94.52757004953682
92.17147945919321
95.65445470667028
97.76582334512588
97.24249568168199
97.0318276794995
96.91664114724287
97.09295380712139
100.19979956718795
101.82522943428869
99.86151349188768
103.03202721206273
105.70447311761404
103.92840217039506
103.37997946505968
102.80504127159344
101.54050399765951
101.05557216981146
100.07542014661661
97.21063105460298
97.70350960428983
96.48661996461895
97.83547438804196
99.45605117137646
98.64489742126979
100.86959055040681
99.8118831454816
95.87589310648696
93.00664778794159
91.2026813968544
92.82110730718206
96.36075611731137
97.08702641096907
99.09441610788757
96.8547780741526
100.36769397977321
103.32541039047267
103.07466976643403
100.1267785551156
98.45540035961551
96.09683542834419
98.24850529652105
97.63500050323263
97.3765085673816
97.42247559616177
94.77085446610828
95.85098664834359
96.60761442127163
95.61321710777109
92.95810699653822
91.95700829360402
88.87639509467259
90.17919614840379
93.08211505304033
96.69507359286908
93.31057826062234
95.73025697624277
97.46232009016607
98.30636808380348
98.06300719369128
99.75463927672614
99.15995699817235
95.46153055695453
96.6459289793001
96.53231756923532
96.54867549856739
98.35701574353678
95.99198265012835
94.27369258936857
91.20406729307282
94.59436838554443
93.36365345819185
95.39289619300183
94.64055560821538
95.85834641693194
95.31754767749942
96.22307096470603
98.6298771636329
98.93574934771947
96.97298617384301
95.71947105641078
98.73058232727867
102.12802337978502
102.36919690596622
102.90389651551713
101.92291210979536
99.33001111583809
98.16456604528992
99.00518013071715
100.36219626505016
99.12242045245343
96.03811612556572
95.08650286618611
93.624904985147
93.58503903458526
92.8340050161952
92.09581787172561
92.21219765642398
91.81253113509686
92.1282095862994
89.69246730237818
90.47326148306442
88.54892282087154
89.69069131324314
90.830444431957
87.45337246411401
86.1490277903038
86.38738528036718
86.97635642550597
83.84268243737078
84.93205481641924
86.21535542152878
88.41489426729973
89.40649772281594
88.62201236601588
85.88878420731712
85.75114781674786
86.7494095315497
88.24350236484666
89.64623593747463
89.65850737416532
87.12697640403515
87.9069891751274
88.56247621809766
86.79453253932975
86.77974303260375
84.67872307059585
86.10762061005768
86.33651315864691
83.16807280971054
83.43794696541921
83.57292687402354
82.19498346672806
81.88326437982165
83.8621032778833
83.93472527272452
85.76221888641199
88.71334690093303
88.30721642433699
91.54552399958374
90.01326906239144
89.74851285251782
91.03304782008955
90.61517079992177
88.65847901348394
88.69235273937487
85.67467730823714
85.58797323248969
85.2960724444886
82.59531303060584
81.40706793879967
80.88486738949564
80.34517517631139
82.50937634048043
85.12080373989093
83.62384614146676
86.0880262619803
85.88134427638222
84.60505350475505
83.6496574240353
83.90526815316171
86.73007139134604
85.79232755697878
86.20237119367017
86.48955732165068
88.55875190960563
87.6802631184762
88.09524642487926
91.18233553945704
88.35135037272721
91.74593626898577
88.46917644451406
87.39293807421555
87.84427139311272
86.27440192639234
86.12019221380284
86.10650699326229
86.25986322686924
88.75918613486795
86.87282835021317
89.1991943462019
87.81118457419547
89.65919154712131
88.08561655383657
88.30096513525503
88.3491964958223
88.39222654502245
87.00487483463627
89.79111876448644
90.11620635923839
92.94598302600747
94.0986937176732
97.73372287054671
98.01798582078872
95.68475636490183
92.78267068306948
92.65708989580132
92.55954653402944
