1 0 0.0 2.2337860357266015 1617.0964377334976 2.5690845916681178
60.056122966772875 59.43631460019031
59.96767788245656
61.52730406393562
61.38721733222762
62.109069323686754
60.02617129319459
60.03478835130566
58.48336325533498
58.77767554197737
57.2181086571544
58.798007542456375
59.24287916096468
57.72631352147005
56.792620780826994
57.48230278400244
57.687328756005826
58.6335178642624
58.66107250896516
57.85261289531358
59.052476280399844
57.45667703102666
57.44895036590648
58.06408283722847
57.38069174272058
55.10317923248742
54.48232189699693
53.7614115644344
51.87323674157316
51.910893291549534
52.17809445435511
50.150269946636385
50.35898704986819
52.31073169371249
54.360342119194414
55.693713044431085
55.69971723253876
56.3102940981845
54.606945363491754
55.41761648398429
55.46339684905134
54.142561534071135
54.16817114033169
54.22066628774045
53.65634067401562
53.433290608905246
53.705420430956345
55.584165776443285
56.96947278872046
55.396219483016
56.28360019885143
56.70345355745624
56.82437215027216
56.75359194105196
56.95545259178168
55.00232195308686
53.61948199998946
53.95219230563003
53.99026500712319
54.091454380000705
55.347106011131345
57.38480964144819
57.961889213521204
56.27972307732618
57.5606755067757
56.541662332372276
56.53224815369776
57.36973516195729
56.197664272264795
56.20902642666161
56.22385896125199
54.28722943861296
54.61848160385848
54.56948090552903
54.23857038388392
53.69109519750922
54.352724697668876
54.216663813438224
54.753684971099254
54.6484345901186
55.036636204144735
56.41980532526597
56.05406891695744
57.9906634209069
55.78201089455869
57.38138276339168
57.72428917863391
56.33646309554074
56.62869210257013
54.99087631172393
56.06443217084938
58.04532539524557
58.33162958072969
58.324527610163926
58.05643633833629
58.131415393132635
56.9911409393723
58.02522618985927
57.13768108711845
56.08278092709058
54.589072085431674
54.365524305822056
54.354523548144385
55.55077381425019
54.77089886626275
54.56732843300462
53.12926622236977
53.13841143806545
53.53454474394294
54.25095849419402
55.0699964090907
55.10640154076641
55.43929712916186
54.41951903270197
55.67500372258555
55.879999568226054
55.59269046172227
56.33620913190083
56.311432672387575
56.367242386895384
56.40795340627924
56.42152335523984
54.62666512770482
53.55529484012712
54.932374407426046
54.9848098946095
55.00343447292092
53.22289814127266
54.28007735609557
54.310312426170505
54.28710570469548
55.11389152842366
56.77341418092939
58.44046711934796
57.71230218506553
57.706244962722366
55.89158731488358
54.8383311153577
55.35543930218534
53.86656096974697
51.91421636370591
52.80818269521995
52.74988770189934
51.30795817799822
51.601839645793035
51.60804084913489
51.92511513465964
53.0794298875567
53.856214064233214
54.272996508242684
54.63984119765352
55.92673354729216
56.03352077494137
57.59582041664855
56.25839629286196
57.70166699064854
56.5644567557756
58.380872832742064
60.085480031558355
61.66147484567016
63.29987997583315
64.97451411198284
64.16802079533113
61.788762512464025
61.23502371035698
62.740318194729596
61.9886751585669
59.855885913246
59.84065253435205
59.64771791567223
61.87948424704518
59.58287681885692
59.5644842330148
58.350704793452465
58.28791363900418
58.57849785873107
58.35286561655844
60.02782713271168
60.01371457937669
59.46106343576362
60.09670084569224
61.718325930082955
61.82646892538973
63.115302391586994
62.641367619383736
61.955581389922614
60.86157617952994
60.84940033154636
61.13847897741829
61.106244021049264
58.934694585180004
57.03916038221584
55.064572156526296
55.096966356331016
56.14988336010299
56.38940437989478
54.74101218729632
54.82151286106856
55.39909484163447
57.12905590414735
58.3543429244178
60.468264276457056
59.636088964834656
58.03272757043256
59.589837264967194
61.37393346698955
62.41013109295204
61.94720119828977
61.705209605935245
64.04938298837776
62.12130178613091
61.589742729069094
60.4364524684084
58.65703762461404
59.82061039539949
60.92441867824176
61.53267111794575
61.52244188143745
61.02694654943478
61.26478575420058
60.8799691848028
61.51427927974674
60.539522623992106
60.531256895499844
59.96974589126329
58.44306306586306
58.05899161328637
59.10727333931891
59.18714923843702
59.473458984172865
59.934650716754966
58.08732121837598
58.19185081192513
59.98411660872022
62.131159109924035
61.28907179912832
61.549045795670324
61.94322485320736
62.572918386768926
61.80137171464642
61.768214390463775
63.369086876193315
62.45041209796923
63.2237290093542
62.07044044765294
63.7953121293464
62.62711834135285
62.6439208153318
61.565703988742385
61.685621301890066
62.22154441854343
63.407355097973145
64.80107542047004
64.59147523927179
62.373945351996355
62.303512990879256
61.7431921234969
59.88734342346947
61.94935435073394
60.1840417979407
60.085134063792886
60.07758820689739
58.940795461514476
57.424493155695764
57.49646600897255
55.80673392270629
57.34898820566116
57.76693970634614
59.03128949548703
59.08858494873007
61.19849903376924
59.47575218016245
58.55753948925491
58.591627534870625
58.64509168064462
58.84296638405935
59.70897035637304
60.7887665255764
59.082018903755106
60.54828141052778
61.05392632988244
58.74710839406079
58.24318128119967
59.06316935808278
59.25357904001937
58.93542544424084
59.426365743210155
59.43711787356402
60.225627469895066
60.81927962036607
59.73673717721846
59.444561345029854
57.524681514590604
57.65856284983365
57.69752782209918
57.38017054462017
58.49965953370061
60.17780804317517
59.958351457033565
58.278572361035465
60.18360477218944
61.850559558811995
60.19637999114525
62.52727343995508
61.56029287252819
61.53442543161741
61.472016838508495
61.61611008037503
61.564307682953824
61.09825893423756
59.409515111458006
58.83355664594762
61.015219965113744
59.74797037412904
59.081614385575676
59.859730056188084
58.46983860233088
60.16762843719501
59.76544649022282
60.66851718849804
60.81300579415168
60.374075884169216
60.318486658781
58.22538984855054
58.52086308797376
58.06766991235578
59.42969788526855
59.36113277299085
59.37716798104205
61.16729796048404
61.34516777507682
59.049781109021694
59.127110489091784
59.02743974183064
60.468378610219986
60.84984275089455
62.810801024648825
64.89952977569442
63.398139613165114
62.65600407866352
62.4031831334143
61.34764154259811
59.72300112697974
60.414675360409625
59.031562113502616
59.12225130808666
60.60727639246479
62.49485350724699
62.453969084825616
61.21465000049257
63.452424756116905
61.73457888735854
62.106109900066926
62.1528839933024
62.15928237299301
62.62605713375326
60.276547516802815
58.319949014973595
59.63784810712256
60.78797909479958
60.90518838398402
61.430353732200224
63.018515202191494
63.13320329349897
63.46744059731715
64.15205959972396
65.72258330976611
64.37342832933454
65.96627215089492
63.659845876762866
62.15385516324657
60.70132144430171
60.923310882017
62.76817457910876
61.231708991630896
59.30529145112327
58.852757545000514
58.71637801981536
58.18665939393693
57.042306588848874
56.24234522896035
56.26474664042954
57.34142002116661
56.07260758405889
54.87449285868417
54.56953494980317
53.37607043323859
51.992363862084105
52.82535226215489
54.932577552739694
53.055253913988516
53.060905521784015
53.799295507531774
54.752025632778654
56.12173665810927
56.83728183020263
55.72927481020626
57.257649671056974
55.8141219934084
56.849238746532585
57.0842594395322
55.59493672809811
55.712196514017656
55.73395204566613
55.98126374497208
57.79682842751252
56.63716798495339
57.081511295665784
57.34262534403892
59.123031935451486
59.14497472365806
57.17171892884033
55.19431754462418
54.70801422493388
55.34039734536938
55.376574565603086
56.22385496057966
57.364104175829695
58.86402025287204
58.73983276583197
61.0445027840261
60.7705308199597
62.39944210488545
61.08588481038521
63.189076686689425
61.07053100594123
61.49885551479515
63.79216643175025
62.462550729364764
62.19504764825449
59.8350814109274
58.9921548901378
59.30752284278064
61.55312540965015
63.89455805311818
62.6195749522653
61.81265448015077
61.90611051620925
61.93150214226746
63.043499463975714
63.437611496306175
64.16362704197245
65.55743300338911
64.64448324317843
65.12871832740599
65.092743546634
64.8372770589804
63.550958666429025
63.49722904628306
62.92283471794629
62.87855766064871
62.41124456328876
62.193720639345855
62.00917633672927
60.1994007468509
60.33436685180411
61.82450012705183
62.25326494365337
62.12350907236476
62.34722500737028
63.34996556759637
61.98642894183955
63.775634913704216
65.16516616260185
66.20701803061668
67.22575232874044
66.86361955279072
66.38067561560351
68.25504426492873
66.05821227030012
67.15697361271329
68.63242277509885
68.62512035902802
67.83001633839042
67.87169303722156
68.34050259657454
69.75163669865718
69.27673006669684
68.14699669262573
66.78748023849624
64.13693710636137
64.15413917660635
64.62811094569653
64.93208614361615
64.9990414155684
64.89716088941617
65.27993224792577
66.26038649774995
64.23275509246288
64.84159072454996
65.14758345799945
62.645515785201425
64.72501820524707
66.19177111234654
66.52427519382921
65.73227520276363
65.74620404882498
65.68803471543742
64.18730229701336
65.700595534843
64.12397008045346
62.759424569230816
65.12215902779687
66.22589341435231
66.1793594797218
66.38132248783099
67.00969813153701
68.81007525606248
68.40761459012778
69.21335367867435
68.03013132630313
67.26813529576391
64.81485333046797
62.7017912027472
63.01199213520434
60.53138191385266
59.288471188280305
58.91081597339746
57.7782898080346
55.548909344379496
55.405411419706944
56.510808557546966
55.542531124544816
55.402574354869685
53.86446206296257
53.714260099567824
53.72057180438102
52.75421652860278
52.3827229667477
51.13710418314867
51.296617303571445
51.02814136844302
51.20578220307514
51.81872241654817
53.713223829085315
53.72376444204696
54.049433806607034
53.160798292256196
54.34988611634264
55.82084412361758
55.870924321872245
54.37900517129236
53.356249863183145
54.65639804545582
54.832632274979844
53.5367066052232
53.89008525333908
54.019625478613186
54.53168397543789
54.63819750723462
56.68984264679465
56.68385174028247
58.390775148439964
57.37854660451584
56.99052931961136
55.84164529524689
55.26565585025042
53.41453924347491
55.071672778055806
55.44374209761978
53.74363864854838
54.883398197913415
54.906202339420794
54.988572219179176
56.06702531004583
54.02581407356703
55.07574355656548
55.32610694605416
53.22474112064103
53.686911081989905
53.95389010601409
54.232532767629024
54.664741440045255
56.71894422475236
57.58647225662305
58.83118771373587
58.78923545220621
59.04208019978321
61.230053628685496
61.30237112764754
61.206530171073865
62.90892872071602
63.575716608207145
61.3030977574915
61.31148740267006
60.26972774454657
58.737450013528324
59.96060411890055
62.10360757249845
60.72196860130384
60.696010016876166
59.132704174349314
58.132127558671954
56.81995365198009
56.386605353871715
55.16040847924313
55.97277908671393
56.935546800694254
58.60936524114468
58.82101188999121
59.291839670458224
57.833652919879384
57.82102046539343
59.72887618130592
62.06741476940094
61.675587895369404
61.76920830096671
63.21643003766361
62.26320562825816
60.83600794697057
61.784656508201095
62.00026297541078
60.54089770026334
62.35401701885938
63.64754847234516
61.433583549671596
61.77149922143308
63.98012497207459
61.47660934311215
59.570676378446954
58.51416781741987
60.38064051689096
58.47702249688832
58.56032784061149
59.94652283376222
59.9753789626735
61.074712773869194
63.381008162296716
62.27107654711465
62.27907398658622
60.79378025319273
62.022290123072054
62.0129971838225
61.970647189970165
60.03232616097921
59.70960159854713
61.18370073155944
61.49763271092787
63.776162557288934
64.10219592602574
65.57824580104892
65.90183897409834
64.18474030298607
63.93379678504218
63.130330458475946
63.55985549451492
65.61184981200391
65.80788192710595
63.89698453763485
66.09363605458412
65.88002570959921
65.81302008914302
67.10383777457957
67.0765954247395
64.55204180020951
64.36140996742058
64.40046496722903
63.7909029735118
65.86590288150518
67.92748774164625
68.6676699806712
71.15090484727493
69.69878759175245
68.55913429791956
71.21970776729158
70.86833762922538
69.06327433092284
67.57033835318296
68.74848168754
70.83254231338088
70.00755501898705
69.9221484152225
69.1286009173668
67.85082537791736
69.01383641496693
70.60167430146676
69.74277946586446
67.3472114008953
67.02520133178103
69.60438416863298
67.19707568698313
67.11255293415276
68.94811712457825
67.06253507366534
67.01792768431498
66.78634642791386
66.62473700426087
65.48292797910554
65.51414090938006
65.2951282033518
67.72972021231313
70.2490221563027
71.57004736673638
72.41572537281199
72.61845207612966
71.0006001943599
69.03990891978665
68.4952304458159
68.59674702367272
68.58966352615754
68.02532323928624
68.44018797051294
67.59538206033001
66.3176667905626
64.16032782177277
63.85236124314427
65.7255043010221
66.10976046008399
65.72399069969578
66.12405306067221
66.13614697000507
65.27439648693321
66.05245664894144
67.363615667833
65.04195661686904
65.02924846576359
65.33280459105995
65.7263041730964
68.25577953452436
68.62731477554989
70.311545760815
70.24060129880476
70.03245094004221
69.32392150339393
68.7212382213873
68.73134819309001
68.53493599819737
68.84353645455835
69.85590968954848
70.38478792784534
72.28471757603575
72.02727989458013
71.68517662123666
73.96556002118717
76.32353036806983
74.32676130374965
77.18269000977136
77.25229970411824
76.75959603792035
76.22907775044598
79.075711502157
76.57098805222678
77.84223644362328
79.69623409525865
77.48890511556246
79.18752094492564
79.13395578943913
78.90924013537926
77.61926809674965
74.84354149842078
74.13011293699381
71.31298531998526
71.67453188552696
73.25553765653663
72.78906276579053
73.43986015118443
75.03557428523519
76.12266170936937
76.7204227716455
78.58545688505106
77.42025237514999
78.84200837808173
78.69100749153968
79.17845985969163
77.19241874134762
75.9819267280735
74.16133308612369
76.74118130666024
76.69281203743724
78.03436404666832
79.12909399237448
79.30384711527603
79.09557122052823
77.9665238657856
76.93526576540167
77.25687941568816
77.76144578877222
75.29596711867997
75.34170084349971
74.46140569415802
76.00329513274707
77.6688027244673
75.95648198086043
77.44296228273033
78.28082163543844
79.08397526616669
81.4876502790183
80.73850744437836
77.69578366667642
77.06230690089083
75.43435786033622
78.45337232878123
78.72273637768005
77.99241065176005
77.89214536644171
77.05885930979885
76.40452960332804
76.43391103062203
74.89936886436267
74.34030481308928
75.33582010956434
74.63226445084442
77.06495980720108
79.22634720003799
81.21888588904909
79.01938464856396
77.51890226238085
75.45271632391342
77.05319159667673
77.04418990108408
74.42944391327008
72.60380029885201
70.18556713739545
69.15534821829652
68.86941444918197
68.88039842798901
67.5506445128708
69.56410501245553
70.68308778347513
71.22107183300558
71.4140534539692
72.21820444352142
72.56231187537533
73.14839486618561
72.14636983823434
74.76495514999313
74.64516131203277
72.8209601621788
70.13818526819702
68.23941335513449
69.35228953789907
70.94935888812414
70.87960591141136
70.12774520273132
71.16790155639383
70.60426153102112
71.13881313039668
71.24457675570841
73.47315913600585
71.04531912897586
69.66637525796206
71.36860404088013
71.21967057906821
70.46565387289351
69.89395472547223
71.94705131259101
71.08180084530679
70.80094965747156
73.08079547387534
75.03368172161599
76.32537928585636
77.48218168453991
78.8070450132589
78.71519174638495
78.29360227114479
78.27010790128364
77.21598271730045
75.65784123834314
72.79979446276005
72.41795125111112
73.51342647134776
76.33246969388117
74.79361854021023
74.80915482510129
72.66292430805834
72.07073377044617
74.2246735740769
72.3473268663488
73.08103389706069
73.79756261750005
73.65350230843676
73.15442258629425
74.1081586830996
74.74771204064427
75.1002167255174
76.99150082741919
76.88448957122088
77.56486680736988
80.21895907486788
80.66013062550704
80.13899242387018
80.39361827276076
81.28238858628642
81.07204214159111
79.02883058122539
79.17018995298982
78.99294235826756
77.97365445779438
76.5485088684275
73.85150510574381
75.3556543997511
73.584263006404
70.8544344544667
73.35331984408137
75.22720804208551
77.2234790676757
77.56483301295957
79.59672773738195
79.44079702321682
79.25037633339674
80.25711574950346
82.44868345857242
82.19453974332818
83.46687936089444
83.09476381197766
80.76700347916189
80.3832686076723
82.55492682556071
85.32988173391884
84.99639674517636
84.86944301827467
82.39768135307516
80.16962912543165
82.50997732199028
80.34598174243311
77.38590009671461
76.79762248632926
75.25001826496634
77.49184509587229
77.12985257924964
79.89468224720463
79.87815726199305
80.04854568040152
80.01261362944834
83.17529793796851
82.87497767657803
86.06435761179775
85.11199176797068
84.56477392825751
83.57212109196392
82.30439776989184
85.05137037226163
83.86752695399358
82.80129444644717
83.37160052471086
86.13962835746392
86.44919666372131
85.38058347697283
84.3195825036992
84.41901547235125
84.30992656049867
83.73004026497874
80.38134858531339
78.78634141512585
80.79966788006618
80.35282364657219
80.37274750813506
80.55472722211738
80.22690355811852
80.20069532806065
80.90836777746932
82.37860260923993
82.70532965814236
84.14480221712442
83.92133668075137
84.00422769405877
83.79743597520655
84.18423065699871
86.25407545415995
86.50000899707568
88.47497829710098
86.68645111381014
88.80373807836187
86.12017654476578
83.79484580711565
83.55594178444498
83.51530639532112
86.26291669963895
87.41627158817786
86.15193307640354
87.85168880759396
87.53344107741611
88.30807453057561
88.288543992149
85.87941764055111
87.31191850502398
88.20104127149888
88.85574124481997
86.01656609019051
83.29038721774143
83.53273172870313
81.37832634707128
83.16504231660434
84.88081521228216
84.90679699441036
85.2223577337475
87.25810628570378
87.21359533647161
87.63782039939791
85.99550956270262
82.7895131518738
79.75174729929164
81.14130823207519
81.41220706262334
78.87108900337672
79.64302637786437
81.52375848702077
81.98203302904233
79.53719773745611
79.96409142551136
82.44686513507922
82.45617697305714
79.476914620132
78.64010098651246
78.2887669865802
79.37153537280743
80.40609537543415
80.44130391646075
80.1859725676867
81.07352569563014
81.96043653938104
83.16031940104673
83.16873152944586
82.73503148440498
83.48851066903408
82.769874931358
82.0860494830223
80.39360520357943
82.60509017325207
80.08962329330137
79.73016372464623
77.42892604510811
75.34803892664753
73.7700998930654
73.89198140714811
75.68951980149501
76.9396398135997
77.09048162860414
76.66901421889278
74.99247689937278
73.9406618679783
74.1514692960205
73.46615880762369
73.54316971440483
72.47681977795284
73.90511472351773
74.74256148158806
77.36713629591878
77.28926023260178
77.29825712528927
77.66829409548275
78.20188418109501
78.90191503564003
81.06126252468427
80.6790326599428
78.55192155961926
75.56820826738938
75.58103411258814
76.96655916540925
77.0296477929505
74.8603591069456
74.01917995767056
74.14239442176937
76.32926880436067
76.96651613304856
76.95564970648364
76.80948296753127
78.9929795921193
82.10771515229689
80.57178532159402
81.1382855581153
82.17796057907213
82.19049557388142
84.87400540646858
82.68427396428032
81.11970083389294
77.92226001612657
76.78752011190592
76.04000135742551
75.00834172343254
74.98664902814497
76.26781306513081
77.52070897759373
77.43472787220595
79.72888794635112
81.32628524372637
80.52691110635354
80.5057623463229
80.56833204984301
79.72054388463788
76.58256091373376
73.58010141178161
73.34587268916081
73.2899967105351
73.17166964439832
73.20587737754857
73.63121052352783
73.49123539848962
72.1353352563614
74.98491037508573
72.55955017471689
72.72484172835296
73.63777751101156
73.99529836035511
75.32445374398253
77.36552677438975
77.39115880416256
78.21438347545374
78.45841412297953
80.13390711354049
80.58453122372568
79.72855638329752
78.37829920763029
78.30989926510233
75.51537525633738
75.17204504868722
72.48588161983072
74.55524474389593
73.29013423547173
73.389422543939
70.5228518844646
72.60540269318163
72.39057175114208
72.20735299998384
74.03496177162204
73.44839676388081
75.37191273045302
75.31588888642642
77.98079053722812
74.8797644861969
75.61553142256281
75.59915891249976
73.84714284205664
71.57724170310865
74.37827571015842
74.60288233572253
75.48331120598867
75.57095189848934
75.33483810821367
75.24621746201457
75.07397899499443
75.110398340322
74.86863426297897
76.392461012329
77.29941212728058
75.46865133517865
76.5188021893986
76.30248304250556
75.0441369242084
74.14079160868273
72.74068451931952
72.54604947413314
73.05829386413444
73.77129060068714
72.36786195095534
71.8903778307652
71.8814868914154
71.4818776059429
71.95279912543347
70.07246831449555
69.27982043909577
67.97690122146926
66.14945905005388
67.87947126215077
67.91135238919424
68.24704839990727
68.34434493086738
70.05794152694521
72.40402809367532
73.77795922132292
74.21204545074785
75.23504385709549
74.81874549821013
73.86712867246585
73.83894326032214
73.20138456893591
72.65260114424096
71.16758679944999
71.90526884999241
70.34750890145772
69.30943512964652
69.11077906992215
71.63889092592807
71.69897704959223
74.23347463917312
73.3577718289602
71.35567846396624
72.84558171939798
73.89143102201706
74.24829626748016
74.42131683014289
74.7586935636231
72.00371598805062
71.96097725706186
71.92570085730435
71.42409379356151
69.73073133420664
68.5026473250448
67.40817153961362
67.02793963269035
65.43799726773737
65.28628637871883
65.17663444164245
63.53328510552152
64.62883578160923
65.35625091825341
64.60223041291363
63.2314074348583
62.07509465308014
63.94645032898518
65.55175999204576
67.57548224531942
69.38324331612237
69.03369848296872
70.20127263391338
70.37661084601905
68.08267399308576
68.4767782805729
68.79877876981028
69.14477642982631
69.34641767333042
67.25544667509314
68.07509529684503
68.36365625500252
65.63075837639816
65.91962827316516
66.10301545670968
68.74178132637371
68.39586081765144
67.66238811318746
67.29918905678713
67.54106929077219
66.92179180657348
67.10018740217531
65.4557070404845
63.32252133665857
63.79569737369816
65.73870185129272
66.39535521450756
67.55464932498067
70.0655837796951
70.000546351618
71.17276891821206
71.12315447931958
70.73910683696725
70.51805229859467
70.5024999399655
68.44038940094747
66.54969469691683
65.2415890351147
63.1757668100581
62.563474168770405
62.955114364744844
61.859082145768994
60.040502653143086
59.89863425051512
59.364368930918005
58.748377430858284
59.407954661040414
59.71596050894102
60.12607552308545
62.33183738860305
62.981315113135324
62.98761349296095
63.34565249388895
63.37666829221288
63.06882428182179
63.09758880775977
61.67141419204138
61.76817991701369
64.0878604745879
63.23043564223013
63.62737359908182
63.618025447038406
64.81930007388371
64.2450538484104
66.68403522043397
65.51769675839722
65.12417024485266
65.283254863352
65.25466419588113
62.849573148632466
65.17675217548505
64.21057517839627
63.83240190698812
66.05037904879681
66.44650681674783
66.40245191946386
66.45108380779031
64.28374783605345
62.635020945554125
62.57327029848158
60.79505995841578
62.867298839540496
62.41369164241653
63.53779920246937
63.916155272756875
64.11759344347675
64.21420840340113
61.85897186743263
63.6666578336503
62.125741953399896
62.650448449468804
63.38712757282984
63.611265354523276
63.63329143964904
63.77717938356838
63.81366227043401
63.8697827916041
65.75326600276675
66.8605160140958
68.61543671251351
66.26765162449303
65.916676233563
66.3469205528913
68.95689630188559
68.64207131471062
67.91024027660369
67.67763031196094
66.60807083405918
66.52246789381523
66.32565407401788
68.56636853935018
69.53922422745944
67.59995465508766
67.45031734036749
67.47196670338604
67.95489757208344
68.32272725075381
69.58520152253698
69.46681972852664
67.49397702081785
68.7024099131995
69.21202634578833
68.68707459006338
68.65967949289062
67.68730170279503
66.02942655570777
65.08240736009803
62.905627135388215
62.936881954649415
63.769148772037994
65.67910736904678
66.82471017961717
68.95586282902984
69.20003266209399
71.38203081570593
72.20582070506745
74.36103371445715
74.50720709171048
77.38225969595193
74.30801865890564
75.00803254326743
76.48326718225105
73.51020488176248
71.8199479794111
71.17070249902577
68.99940519738591
67.45159436991831
68.70773141753882
67.33484253116295
64.81499998048132
65.42608792872821
65.90088646499609
66.94685378827874
67.38837279190471
69.54900962561929
70.8239722033651
68.29995516892872
68.65572355803778
68.90097310865768
69.48380366630052
69.83004979862098
70.93826534345871
69.8039286684459
67.5628504030392
67.1594591819537
66.71368404382207
66.70312038794404
67.67551239985052
68.25007985054168
67.84470034262895
66.06637197299702
65.67040174183207
65.42153612465576
63.07506835355921
61.108455919448886
61.902996985944256
61.53894421883676
59.75709675966217
59.78756588593968
61.93018854972297
62.39688150848793
62.61973077321372
64.56096971673612
64.78824529065426
65.70281024635474
65.927726453069
65.54318707973367
64.78405136011952
64.80579780853459
63.27263923358302
63.28134927177911
64.44085918594487
65.66692645605765
64.85481209089423
66.50350272404248
67.71521395117458
65.16160974138498
66.10076815566235
65.70884751527306
65.71821510816864
64.74166993044598
