0 0.0
60.84745603625121 60.985220557424206
63.39999031857
63.74434159661207
64.40035723390497
66.45430667377079
64.1944857308964
65.3482621648791
65.49468485249531
65.89430750072131
65.88166639537451
66.13070966736278
66.23396856320568
66.07000297894432
66.85260523497577
66.05049767894039
67.1013020217852
66.96304476751244
66.3101303217552
68.47086723301925
69.51292414799076
68.69406841942718
68.64110701100078
71.35968717005215
73.24952934084106
72.59792847124585
71.05991223667026
68.89823861197104
69.23801312703702
70.57911408375645
70.27799037917215
72.21799521378047
72.35613707855619
70.32015489822489
73.12696390352184
73.97842661330449
74.65623590485622
74.68563680005555
73.20994963000183
74.99011628809552
75.43132446179591
75.01620043402923
75.02372048560511
74.48880516404408
74.35897053389188
73.23882928482374
73.4419227710149
72.43292881531943
71.85729646831963
69.00086096537638
66.32988724898226
66.6260537683985
66.30256393516244
66.25777451974537
67.44474641048743
68.99340006850898
70.31100290772228
70.57106271307093
69.96060269806799
70.8099482669848
70.34970863048561
70.92410036588174
71.29551977247284
72.80876462072203
71.52126383772088
72.85680563057649
72.94380378541574
72.78217874855628
74.44338507588915
72.99788053851138
71.2440569947188
72.43281453483223
71.7995799936422
71.70813624380335
69.37740115647263
68.70665469517982
69.06014707139038
67.82001387891937
68.66102530236614
71.20664269830532
72.28013682305497
71.55145383809908
71.5014880109495
73.61603851538942
72.98825137645719
72.0864841788444
69.97574714345623
71.10758442438332
70.21049293093392
69.30895644995877
71.95461628106723
69.35682032850325
71.10172427578087
70.92079315616641
71.21839313139506
71.3389859003289
73.12326618662415
73.25732486612422
71.92605703890588
70.71261063235288
70.85004500926627
70.82637075465475
71.17475396676791
71.69768941588626
72.72508205540467
73.11474022021443
73.013297256722
73.98342442932903
74.12150977539278
75.62081089628401
73.54520023375406
76.21955022713323
76.05632125962005
77.40098347335731
75.93594461788955
74.37098132930352
71.79197376562148
73.16907614168578
70.88690176942448
70.75387533577006
70.31699981122566
70.15532111316674
68.78398458066289
69.722845359402
68.56142793258824
67.81717889330109
68.45610066779908
69.37451389221563
69.39921562277162
70.66947647189625
70.65006375332841
71.03492278318052
71.11819799947175
73.83688454093229
74.47110362431383
73.72232120899204
73.65898348621425
72.39745494928506
70.76980632162517
69.34562141512365
68.33377459733394
67.86255354053552
67.64504823913262
65.44941427345496
68.06657865733027
65.6223848189309
65.73910013952685
66.49455802504366
64.62971342406611
63.24479396688955
64.27089511736446
65.65904155219548
65.24022756442733
66.82976671434409
66.27552393576104
66.44189862980951
66.84155783432662
66.78615657941097
66.99446405833496
67.55923757025627
64.90792412740169
66.08552965250047
67.59308968075018
66.57460693641963
64.45286980563675
63.800498194877754
64.0652431655915
64.4457201734149
64.42654317645732
66.72314842144128
66.67278770722551
66.10151285110241
67.61728543235802
65.10476624796964
66.27513267363445
67.68379486719434
66.48624999107133
67.11688182497461
67.18486426394533
67.1735637888716
65.8576071510497
63.733839958947925
61.801407844332104
61.06013859683618
60.95995825322442
60.53360855029472
58.73983156891983
57.18152927708277
55.93258232776973
56.33203117611696
55.14876619445387
56.98819506114809
59.18766299853796
58.94151015396937
59.025743925826895
61.30240274133466
63.644490532104896
64.85704192694219
66.32448247588762
65.29665119884649
65.25092583859204
67.41002709117076
67.3141752198597
66.0906068813049
64.15112379407334
61.972236066982546
62.849893958406064
62.690362806336864
62.75238853546994
61.14726462676986
61.79734979434029
61.59352309302964
60.09743136358518
58.6602221565756
59.884870896163974
59.029132321878755
61.28039180339816
59.353663104095034
58.79400671362985
60.48869152750174
58.42486837838295
60.43586359029995
58.673564952593594
59.28155819900807
58.89814767806436
58.23812429460869
59.45543225538842
57.102806847147086
57.082087996029685
57.83648907968267
60.08876771873189
60.43418543577645
62.7169323193506
61.909342504408855
61.243393893913534
60.48251738602957
58.14520045755812
59.23897162078479
59.35513321079324
59.10406541605459
58.369855705184484
58.35371430967823
57.31332820836529
59.412583975953424
57.55439600787158
59.25062379614975
58.32934765972136
58.33844203802769
58.69541761725086
57.82993580976651
60.134933471331756
60.772844344377496
59.61809433784956
57.42947376711341
58.10120255930591
58.2708820215886
56.46663197682351
58.43601146245797
58.51428183040062
59.2376530716312
58.063987758635605
58.05415438277729
60.150399153542594
61.64902804048714
62.972920479653986
64.4854460484945
65.94814949683523
67.07426199685571
66.51628599963897
64.89560434954494
64.84457742839751
62.29741146638031
60.71305946818939
58.35841614033164
57.1782782274386
58.67838955141078
58.31730147214673
60.458139165209694
62.01774209734995
62.02782649355253
63.008072073062735
63.75873313728048
66.18839736213849
66.17309721136591
65.52836257135684
64.95088520346543
67.34169390744076
67.08324747150407
65.50310759741758
65.47218542401073
64.69810626529909
65.09042778561384
63.905666021971406
64.00173358896775
63.50729721315023
63.80410556806904
65.38968294221579
65.08089118912311
64.56365087682259
64.66015007472036
64.75366431520038
66.26145080318886
66.0134614793162
67.43070771378058
66.77720043259819
65.06511741997049
62.751391901561064
62.207330990075526
60.87069811489949
62.68342791846285
64.5407225795936
64.53207273577489
64.21306226221355
62.84069058204577
64.5511989559185
64.53288877747923
64.51915009971248
64.41345061796635
63.849072715135954
63.38638814486497
61.82055357850608
62.9143728908096
61.83842414339258
61.912345265208664
61.298348106918475
62.23210963566021
60.263617059912654
59.57798181686007
59.06939166990123
61.02595774534448
61.482704590525415
62.14927274260554
62.31285476640556
63.72538042247875
64.3446580317405
66.09949266356713
68.13298608617133
69.1246285812144
71.10073732915185
69.13660877254199
66.80423480673494
67.03176718415179
69.49547610786314
71.08203344131161
70.67682558184747
70.73041884118375
68.5339827683776
67.93574429943361
67.83363243523364
66.68498870033756
68.42683686288457
69.11516834488941
66.60049365321342
67.01755038492065
67.20195327912761
69.24651598619798
69.26025580087214
69.13925475232097
71.36270420735688
69.26049455987473
67.02586053862032
67.24066210755245
67.06772660655456
66.16390358845824
63.89930990715361
66.00879387577432
66.19652556901585
64.59597708643696
64.69453561435573
65.30502082981694
65.31461992638586
66.00832174218121
66.03189642101134
64.98144044559
66.21826925142922
67.39374559514206
68.28281062185015
65.68550913239022
65.65470850332709
65.73120345599827
63.854755975768555
63.866258786927325
64.86965542656026
66.25598451180714
67.75472656520303
67.4365157327211
68.56122850787803
69.94570818133165
68.20220461582375
68.04813651637112
67.97037281539065
67.28759572583346
65.73016590571733
63.14472629417032
63.15359722982821
61.459386378086
63.03096490640059
60.50977193948152
60.12738742449188
61.589809058604736
62.72238377391339
62.54189917584696
64.97531812625519
67.02684042305623
66.4774612223665
66.51069720232967
66.32252488733818
68.54724172321949
67.78136626676564
67.00236473136346
66.21461474919654
65.07284719622635
63.98898055363119
64.4206411623348
64.6547541296412
64.29743596968473
64.29023502536803
64.07218760161156
62.27621146128945
61.48978657744586
62.571690932124085
62.53547268297154
62.689016614716735
62.66785095280824
60.34929147555132
62.16845599081796
61.99132957701748
64.46923283272187
63.37052936805642
62.78965361848732
62.118981378749105
61.594172143859296
61.58048108520409
62.491724965025
60.70649728788946
60.004733387092095
60.095084913153116
60.3985297405553
61.37783551597207
61.292228327898776
60.1696088293019
60.68575934540946
62.26131726721524
62.275585364754924
62.17117099813999
63.14766716904985
62.980336548481894
60.57819324127968
61.11275758721942
62.24311044810726
63.093285115524836
63.10772333968876
61.71169575572038
61.906002819909304
63.43443642062802
64.24302364598212
64.81416714300948
65.62766894954613
66.8768737293329
66.30195761893552
66.39075908891671
66.10654813455355
66.90608820607386
67.30274809750433
66.85690303302465
64.60564331477894
64.29319829667901
62.86322779864485
61.743725632831925
61.796361034481
64.0777711289942
64.13111649572197
63.105959958417344
63.29029972655369
65.21122897950139
64.37773355239781
65.4958354758962
67.57480740417398
65.95914978748945
68.3193959166654
65.92134611149949
64.44516109010195
64.21284378749651
63.600490778562644
63.55388374843513
63.58869479352323
65.15270516244586
64.71196928612834
66.98827572657606
67.53364888945147
69.23995975970445
67.62196255792007
64.94896209387082
65.34628401628855
65.4957672036745
66.53742317731117
63.9244172552903
61.927773962520895
61.44275970039655
62.00790023646639
64.3148079869971
64.72523052865928
66.20466518961076
67.43264676875067
68.90636968123789
69.35729632549784
69.28870143328163
69.45467272702837
70.54874135286245
70.19020427205042
69.64424537505627
71.44296521852864
68.97455451477133
68.88436592647476
68.38260058989489
68.55592504419909
67.21692709175973
66.4819741213977
66.34822820668383
64.82848386152153
66.3554591549747
64.0248787539783
64.3817891149005
66.49926492618235
66.49223926773519
64.55194518834523
65.0140935438954
65.1445413582078
65.35742150745297
65.71827921341314
68.31339896270174
69.52008525785374
69.19339733042476
68.01381232223048
68.1297545871506
66.99476622488125
69.21715395897779
68.28727968255325
70.61622674865934
70.19562166027042
71.35264761640147
73.28497160737456
73.22007344367947
71.54120336830962
73.06608829985419
71.16638750252513
70.04399981882523
69.97231229021718
69.14229807150582
69.23392729151908
67.0194025227583
65.5351272391902
66.69980296583097
66.65596725613224
65.57230992494274
65.19073842696385
67.42738189641574
70.01799884463928
69.46715510342949
69.65623650848815
70.28747917673493
72.56469438411814
72.71861734089198
73.30947030513308
73.81645027348088
76.29616044613618
77.52166821555632
75.98367575851692
78.22748112626154
76.86500822051804
74.58696910951231
74.30006746213424
75.1804117878382
75.73357901229267
75.57729973669235
78.06503643383493
80.95003037267534
80.80030125046734
83.94678179527082
83.68469486060478
83.33535029266861
82.43830900330215
82.54202276655917
80.86286693015552
81.15368343751291
82.10320465873924
80.21550537011004
82.08755162277033
81.34748430957832
80.31287121801881
80.68595065369894
81.01075930504359
79.46889082878961
78.4895371263109
78.75801423038035
78.49281877239203
80.7082064899949
81.55182505294711
81.84191964189947
82.64084985654299
82.54200928347818
81.97735420821255
85.02920937945575
84.90587701374126
84.86664820117035
84.66608449736607
86.59838340115535
83.72885243544805
84.73148265124621
82.24862589463089
80.49070154052772
82.04177685902702
82.15709341038291
81.13294409822409
78.38833407622612
78.1685768749164
77.31765441959683
80.04295982164362
80.45131238633114
77.26313067032159
75.62956700820277
77.64831689383814
77.60176902851725
78.17530187270565
77.32289715199876
79.62009273391638
77.6844605096538
76.6647302474946
73.84733939445701
73.78729258712383
74.55258532330646
74.89933868745531
74.88659564577115
76.19124031385527
73.26051122780852
75.62533798731711
77.5035630854509
80.00777711935494
77.27988324769578
76.82451846166896
76.91835633430449
75.81300714021737
73.07195030241058
71.08420387959704
72.43059438893249
72.37402433059566
72.2583137647717
72.23302089296263
71.18114315771645
69.82405828143104
67.5339848585251
67.21908974059521
67.42997591421219
67.16579871310888
69.19421564038981
69.01097487818164
69.95111911997554
70.03884542392723
70.69826097327692
71.42204174866468
69.57730257890466
69.79199001614413
68.33728563603536
69.22391185911093
69.56470785963052
68.22526295060611
68.9292241094094
67.53372895943347
68.4142485896661
68.42570080429573
71.14906519986602
72.4913759688698
72.73847728325867
73.14861769199281
70.4297448995839
70.6713962096022
70.70281862803152
71.33850912979476
69.84051850297394
71.18429973615152
70.08281317224954
69.16251029527076
68.89829502328068
71.43434356210322
71.41511018903746
71.4748006337951
73.75622634676715
71.48789934921034
69.89048013536835
72.00721833589046
71.03982634105908
71.04908778724695
69.09350141450146
69.12957348741327
66.9435032602648
67.35656829995968
67.55223042945869
69.26059985117479
70.6312244446525
71.88280650842073
73.46607911326515
74.23589195358144
72.19789666996353
72.31416446623157
73.33864260619002
73.029147840936
72.75165876104066
74.92746044521995
77.23789101004498
76.46777765027558
76.50122097068511
77.63414855093805
78.81670744962922
79.32258791231428
79.28390523847803
78.79523226432089
79.24208713492584
78.59592745576214
77.25828820129645
79.83470616602561
76.65108646405923
75.14356664871431
75.9687723709497
77.42310721532131
77.10795347749817
78.34009901978037
79.68332576760248
76.5148578610124
76.52321147311294
73.55651641984367
75.97768505017056
76.23234139714695
76.76901205898496
79.47633703385536
79.38716434365327
79.30500209697465
79.63720881226743
78.74002892930936
79.30132576726245
76.52567178884993
77.65772447740999
74.59413875392683
74.88910098668524
76.09579574187461
73.2586053800692
73.31725165100012
74.58299147735761
76.53015985552436
76.12785062459875
77.11485727041602
78.69101077541652
81.47217236470885
84.07163722792832
83.48943316653869
86.15873667297069
84.7420529338612
82.45733059118459
84.10092468878412
82.98169959401164
79.86657368389007
81.07499302490017
81.37809724576849
81.18447032049113
83.68515850206022
83.41996928690936
80.881744240446
82.45854998791692
79.28656004818428
77.36998288310163
78.09622220962116
79.24034713582103
79.88308535134755
81.30208105018279
79.28098696793084
81.95003236852288
84.47288813023468
82.08166625404901
82.12197350321905
79.41139097739857
81.33958432272851
83.21538136199871
86.00958917930677
83.73655302818474
82.84807694133109
82.09258509110423
79.40710006909755
81.78605587752978
81.61030244598886
79.80611813544182
82.6219195595405
80.95282485206451
80.96530172484171
84.15377119860685
84.83246357916882
85.27951503572835
88.44873526269606
88.93658669811056
92.28080418750514
94.9032115295017
91.33809232862652
91.93491683777812
90.51618166406043
88.8898594825307
86.6287107928791
83.60475492734565
82.35896026959456
79.8180057136024
78.89334697506429
79.01004559375174
78.9581054065156
80.48243759255504
79.98761739713119
81.311717782912
80.81881838058952
82.32753367145432
82.68141164977898
85.41919159838739
87.35484539584841
88.68374350403882
85.88896694305544
87.67183495839961
87.63531937379163
87.70181856483259
86.65732542936654
86.80728941162516
84.0965277120712
85.17031124866853
85.89526625341966
85.63281501102338
85.97244885879068
89.36439018455451
88.29424184875688
90.65085978692699
91.7707833096728
93.46113642040538
91.44425624556314
91.24741620167073
88.19815687345177
84.88685425596731
84.95096871211553
84.80071999388471
83.61038570150885
80.79986256902646
81.56222612384637
81.72179701528137
81.80669469282319
83.12396392487838
83.27639497304277
82.71905267688564
84.980038193686
84.78789516082155
88.16435201899445
84.97798951877238
85.47101556716385
85.80277642797425
84.76613332497656
83.16035725993
83.58815154956972
84.51049337774911
85.28471779563719
88.08978143749579
90.93814562796872
88.68202155150739
88.66209661655779
91.48098955322719
91.67242474008715
94.81777074437711
98.02052063701834
95.77782391792103
92.8172272226328
92.55583110885179
92.30345174258399
90.13257552907525
88.53253739103042
88.00583999010269
85.72969524370822
87.20336410741484
86.82302623461004
85.66962980109108
85.8424728478979
85.60509088121835
85.29082605017982
85.50177837916131
84.64918170484175
84.81684708080101
82.09013774821373
80.19791159941269
80.43908387152626
78.56938445774645
77.95109924469374
80.02489405138256
82.63799811533774
83.06821653067121
82.53549614165453
83.38020681762724
83.3150485840683
84.69130045023637
82.40539882048897
85.51550369935397
87.59531635321844
89.08573883406702
86.39058394402981
86.2143359587102
85.73002429410228
84.38926675559162
84.82171318697338
84.63667303962919
85.40093687955562
83.42807602360467
84.17055274750658
83.36628111828543
86.6289335529212
86.81863286922783
87.96667166541111
90.56617460317138
88.21743081002167
89.15309845929329
90.11324580369401
87.51842145492415
87.14042358492746
87.12897149047511
87.11761398463857
89.83301851345502
89.69211237999541
89.21770804301984
88.10025025442344
85.5691571669724
85.81386522873969
84.89082087173274
82.74086654102203
81.45678088713382
81.83725554746397
84.54617692262559
84.55468928491631
86.90245441094716
84.8734737860432
86.48562188766513
87.39474094080467
87.4148168696653
90.53815571072408
91.20393072856457
90.1615345078833
90.25029694011842
90.43342211983827
90.80756599829022
90.4734945375424
90.29095247176001
88.10661782990314
87.56197217630506
88.29206155626503
89.18804603640163
92.19089020258681
94.649784337906
92.14791085803029
91.60556719974105
94.42928214808596
92.49476069833197
89.18032571748313
89.07717614433278
88.86584246753115
87.63133854186238
87.38153850922131
85.3625247300992
87.7862277325988
88.05567340671189
89.20564953380755
90.75056179213657
90.01997816333531
90.81621792839367
88.25022099124303
88.59870005615578
89.37639188874665
92.24633379544859
93.21518735607931
95.01715948004852
94.7177905533351
92.63034491574666
94.4096101145758
94.39898268096819
91.22468685611321
88.77973408914363
88.41597112037441
86.55309362169585
85.04644741512602
84.88520327706283
84.46668127801378
82.90473549765944
80.47760817642666
80.9393136803914
80.34423037639155
83.04856129325653
84.52368733045988
85.55597567272214
87.07639115965108
87.05614833535479
87.36698288563525
88.62695998066802
89.06045737753917
91.69991608446922
91.60332965979158
91.25336390082968
91.18089031069326
88.63240687464939
86.1105813679431
86.72004808361517
84.76084488707419
88.12989647360004
86.27771754050634
85.52688127544363
86.62472112149891
84.47619215297253
83.1193261326359
82.8313610957453
86.03186807522714
82.86250314724134
83.20833016920717
80.25933192927911
80.1106701207934
81.41615231455114
83.25489549905883
83.84919971779237
86.40203091598619
87.93097405903362
88.43161254408102
87.83147014044081
87.70521509117788
85.37313606522429
84.57279585836282
84.18130534572613
81.84397893033494
82.78938654408715
82.73343100892036
84.53207348363486
86.69589205913611
87.36442825103734
86.64133423779543
84.53399712055338
85.5686499707556
86.23087758274698
86.39372772364159
86.42770229615886
88.91214191379615
86.01081427741428
85.855065697115
86.92871432813628
86.28953844319238
84.14149839238222
86.43288937319831
85.72533711336312
88.8465738780829
86.71544615052574
85.64905417338186
83.6420090104221
85.44755015006392
87.73737792747595
87.61801128653708
87.16743312429863
89.8211166486496
89.29647155221954
87.38531611959958
85.93324529869457
85.37896708832344
85.36757480024288
83.58993826273814
86.39894362960672
86.12510254456579
85.12039107155694
84.44449442298453
81.65817428395545
79.09182423819736
77.64363933389791
77.66010843028471
80.04565930379462
82.9625698489195
83.75279411240032
85.08115404693551
87.58194642152161
87.60637968937546
89.79626782868833
88.30119193920157
87.36315730477484
88.48192419977315
90.46964470700486
90.61852137044367
89.30374094770781
91.61695992183557
88.22474526623958
85.89487458418732
86.1451954727643
83.87858993426038
83.41561740948586
82.68513317928392
85.62674185104271
85.63831528091443
85.56813068864632
84.73540321064169
87.30356025203248
86.31056917545843
83.4935089008181
82.12535931868356
83.18268658983831
80.03719163582814
81.3947656873675
82.20737822638941
84.91556721910716
85.96340548838225
86.0469436641903
85.69379671069821
89.077875857387
89.03284596796794
86.4324671994742
86.44382072626848
86.36690008837479
86.05957729891196
87.45801899556643
84.47497306424064
87.03666592183278
85.79116597045001
85.19860385961519
88.39771747374067
88.75525560644292
86.06098991926997
85.49896079871058
86.04828817712752
89.29287298586945
87.39586957322345
90.17470360559659
91.316630011992
93.78150699104906
94.14366469795164
93.60422063091208
91.9078757873629
94.25570761134904
92.31727518754917
91.44813492889308
89.38685874413987
89.34299990576032
87.99757885840214
88.83525935381566
88.78750935293962
88.63479887238337
86.03478649173157
86.47900169734285
83.18308627739404
83.12744054393256
86.389970200832
86.3713124297716
84.15555186748661
83.60766083342803
85.30941562490176
81.97064681328494
82.96553251981625
83.04693622552239
84.42236603006378
84.7671427369935
84.01116476881252
85.0767395208792
85.66936597129225
86.13922434185261
85.85502561793943
87.02859962715364
85.23840545290841
88.4493678199811
90.0925307407461
89.8407949689865
89.02901548909301
87.44507710664516
87.08468925066227
84.68657210978084
81.79437418028394
80.78216652869936
78.02820966076638
75.15406905798962
76.00784066367792
78.74342423465718
77.60355739528606
75.81599630017875
73.36760559575382
74.91610729651994
75.83994230466018
75.43531086618535
75.27290875936764
78.13571095818814
79.7828720479763
80.35286460246617
82.57753914768384
85.06609837309824
84.91885047965224
81.94390054839442
81.21368613965032
81.40852025226327
81.33048536551686
78.97472473014365
79.32952109092184
77.02936395534789
74.38700703041262
74.39471405011628
75.83873440224872
76.49998502407111
78.6273457354128
78.83455995548208
79.73537016734593
81.31295992166196
81.05345472670376
82.36506403594898
84.74592623250265
86.06520372096867
85.03929425527807
84.80485966013826
83.95300500770654
83.94086452255898
80.80300602594238
79.36452971905955
79.77300143820779
82.32998495885816
79.60074803359825
78.73825154717414
81.67000653574551
82.36758969809833
81.39292919379966
83.51253613645713
81.73302172399434
78.52715060772307
81.3446669977109
83.30490212893196
84.68263916259859
83.55315680172062
86.8377285236987
88.70983153980596
87.88393601815348
86.34514724646684
86.30720064172003
83.04718003165462
81.91579113663532
81.89373792939588
81.87150147387322
79.96708992293856
82.10436753486368
82.0890368393709
82.04787035510547
84.60020389438222
81.8953239952672
83.73343678367782
83.85465916637855
83.86409052642861
86.00220310283632
85.43588168928687
85.84086954517873
88.6545862484301
90.15184950696975
89.28749769321246
89.59776586353256
91.0209111464125
91.03325109211434
93.0132387406646
92.05530859238786
95.67858699829823
95.87884815667128
92.89421255104918
94.21770120693141
94.32571267802513
93.54280428537714
90.49081814482618
87.86788419989489
90.98365802580248
92.1014084601651
94.46511849938405
94.03517425207329
92.35245236730816
92.09879523033129
88.90634029837045
90.60301627281181
90.57759202403574
93.47700491556665
92.76821464927201
92.75595962551151
92.35337710232551
88.92643559423963
85.7346257083322
84.8490175622594
87.82897604416509
88.29891336451786
87.49990273682327
90.88532828058217
93.75727728388294
96.15645122024304
96.18432229138804
93.4291516388787
92.84528168057894
92.73115174527256
92.10491250679858
90.09311546961578
93.08210643653928
92.92906753581833
91.58148117274725
90.72521149790742
90.56345405646788
89.80026280700379
89.94168920954334
90.14611741977302
90.02278297485076
90.0782484763295
87.41931873150102
86.48856309647317
83.98395066997455
83.81458121330523
85.73668673464769
87.0761108807502
88.8014784892563
89.35282228199148
89.1097166170439
87.20916027709801
88.25980472111586
85.41368479758931
83.53911299068292
85.60538006127233
83.62422479421917
85.83647988190589
85.96065576769335
85.9071464447167
88.59579676054328
85.0860139341085
87.71001101766633
86.8108209883137
87.30963801275404
90.66467714301004
91.96038635775662
90.18252835732682
91.7804507267878
93.79693886147095
94.92032371658004
95.21566919758212
93.10821349204814
94.5811279094508
94.53873911233609
93.99523868382484
94.76532878313833
92.76653474385428
92.10570743874528
91.04866925580221
92.34618799285903
90.53260167593581
92.72748827938938
96.29125808412607
94.52171203151791
94.40981753609263
93.87630252304893
91.44490399185827
91.34178236129871
90.40463836354937
89.8360152712129
89.68009914844629
88.4966807777629
89.25199659900788
90.98560353503584
91.18626720321991
90.69773159293291
87.97474338935993
87.53888515432504
87.50132206179859
89.73714281183874
89.78523458739156
93.27188765290653
93.01990725802919
91.79423243545658
91.83016094511109
91.88114254486574
90.59678581700815
90.17946183756011
87.97525499259761
86.20856394776368
83.8510592093677
83.83565411246995
81.48067945595693
83.2989578630152
82.38359864490714
82.74014861175428
83.7478444934688
80.62340362891135
81.06524756964244
84.22755967469426
84.24343068072301
84.92974690950663
83.09238863327424
83.61661377418203
85.2564562983915
86.13865384804218
85.49289557808797
85.76107338533221
88.15669865145505
89.36366836654884
87.1553504488489
87.9194250484501
88.64373665252148
88.8730152947287
90.34728877479968
89.60988528907242
89.6379152834141
90.17380378671022
91.84703576368982
91.43634313557264
93.0448692244261
