6 0 0.0 2.0613328317908075 2072.1802811387533 2.0351071254741533
82.38671725661888 82.80326349194772
81.4478504376069
82.97115041872294
81.04777622431456
81.0334056993714
80.07864915031388
78.63125682036323
79.04506899336658
79.20989426360931
77.42730156598373
80.46449808421555
82.29218412525955
84.16478797420129
83.98291288568595
83.96672423361227
83.46494701052644
83.33755206843766
81.6109119440055
79.40097682672628
77.8406691202763
76.22795277003684
75.2612725165717
75.67802135266173
75.68693177824122
75.62485336041107
77.23657802785203
78.7641462441619
81.6810981036316
83.60222578107735
80.58831619351467
82.15235170128459
81.54104166597419
80.65222078508972
82.32851553182991
82.3746846597243
80.35534251361189
80.29876380096383
82.02686068882498
79.23378810059161
79.16842625245759
79.19891326822672
79.5388979707277
76.55431940928987
77.54107188684212
76.6060728875106
78.87973651775053
82.03734793825423
82.75038053054371
82.12878763915359
82.04902206375132
82.17106094674124
83.12334277407571
85.36714183415349
88.00696534715009
87.8685950700324
86.27590487395392
85.47017056451405
85.54406618996919
86.0292822503898
86.69344287366874
84.479632784438
84.53150064143429
84.55599383373644
85.07348390042189
86.94601479343265
88.05199435783183
89.0495260497283
89.71826931848221
90.4623238788206
87.36922061373501
88.49954081656573
85.76388533585933
86.24844740389162
88.7937270290682
91.70588173699994
91.95743025480004
89.27505971409408
87.831162007994
87.0029226017884
85.78982310771579
89.01733714536532
89.1265112143435
92.02144411619607
91.07060675422132
92.06329810828511
93.0173761197218
91.69785057154833
92.14746187359916
90.42568349983281
91.55517844907278
89.74397323901827
93.23807772681192
93.08007360333241
90.76989145365144
91.84873515148216
88.39929018675285
87.03172625208103
88.13584149482499
90.35191680224821
90.49065584352458
89.04023572818981
91.52535429418606
88.66259674710332
88.35219973275686
88.34336401915827
86.93283559799573
88.81384920487845
87.47875959733477
87.08506717747568
87.0560907728185
89.04271606102921
90.93824991715204
90.6552620267736
89.13092437046328
87.8799109131359
87.8470655479198
87.81061954913419
87.21512675003824
89.90814155529718
89.89646687598818
87.04628146056773
84.75138410633551
85.60988875447774
88.62647312933532
90.79460675449745
87.89893296262417
88.09579824774275
89.60885507051914
89.68971183368323
91.03336928718797
93.07784565115264
92.95857019661482
94.40965370726408
94.17326679300734
94.87527490415027
94.36397077643126
94.21882988742865
93.3539353765893
94.35848480366217
92.00948232873728
92.42576371642816
90.1519100971867
87.56286545592573
89.66800482564886
89.67876524651119
90.29503016824609
89.54778777213235
92.83418992083082
95.42229114150248
95.40196388223617
97.2648278395075
94.51010841033244
94.57128599549287
91.90293189447455
91.3437591720386
91.16270671056894
91.7346285357063
89.08188277384212
92.08409179702758
92.04453459536515
91.0378802216039
88.84966192305376
86.29000166287207
87.52450288794175
90.69141606138045
87.94521558101276
85.57897299494854
85.15024768761666
84.47088037278817
82.92290104511186
82.81365780577822
84.79310479618152
85.11855177713053
85.4077665454222
86.97824952556124
85.58196660681189
86.91377069726855
86.02465980770147
88.68654037515108
87.81081362693737
88.62273398848197
88.53468842391653
90.99506085429489
92.93233049510738
92.17119153290061
90.97451091694901
89.92512111588819
92.10364770804479
91.57068711280544
93.40346921408782
91.11251749507362
92.21053525324176
93.08492900333711
93.5751477950604
93.56522791526389
93.2583517906719
93.44704550011812
94.15196051238624
93.13486763179893
92.70016554008144
92.51705078674993
90.59854932860037
90.5796362427446
91.40601057695254
90.90576475082463
90.03564640535497
90.01631451756178
88.97791726122301
85.80550849592562
88.79117244952205
87.20363616381024
84.28831279779854
86.55913927432569
86.6656019889789
85.44010857847131
85.74554799471316
83.19456631720176
84.25048651933037
84.1504415325536
84.38009283204029
82.51776590994707
84.20642525643011
85.43370948996045
86.2921814010009
85.40405068611788
85.06869280468447
84.42807401809952
84.99465095237478
87.54580582178956
87.82623743697347
87.83534388024067
89.32730460061126
88.9242227467796
86.36442606863416
88.06126008954028
87.70000601968385
88.4283925158423
89.79262235855411
89.69571091898727
89.4346083810293
87.73854283356872
88.9826388992678
89.03173247799465
89.04199634853602
88.62425877870254
89.05376635183386
88.36638171456721
88.3563831710332
88.37917943266531
91.4025038907699
89.5686445901313
88.59218388896771
89.9738300526344
87.80626667858036
85.63392818571567
85.53678391871782
87.14318203152216
87.54512259913491
88.91704783591274
91.6073611747545
94.95643548608449
98.64041182127265
101.77794298213041
100.98754198500446
102.22325553047969
102.08468288866501
101.91408649271473
99.1582768002419
98.72228674936724
98.62158066271857
96.64480659873742
95.634625225326
95.37533309242501
97.75775321617111
94.39637546449941
96.03308863991924
93.93479595582515
93.70189371526124
90.47770199120195
89.8127022814035
86.24689658921761
84.44830927286083
86.84005779705346
90.1125307904658
91.7565463846635
91.76788881860543
91.77914864182391
91.8180395426881
92.19645105985855
92.47413007294517
93.93263722810454
94.24037321498943
94.1900259576025
97.56912001102943
96.74470318204251
95.0156709259094
91.61175306992047
91.85239868906314
92.23319637959655
91.16074012080112
93.81686401892375
93.39514421945647
90.09548576205552
87.24736429739096
88.74923545285455
91.9421942551022
88.50608789962114
88.20109641053506
88.15822686331373
87.50888082175771
89.67461910699134
86.55053771136343
83.31157518712389
85.8170892637043
85.33031506597652
86.30631802637437
87.18657235674036
86.33755502586565
86.2993552160809
88.79527372526763
88.70671864759247
91.08249304292603
88.56920529174046
91.31668645942578
92.2600091824051
93.49714966401714
94.69227704317716
93.25962580540885
92.21917117510009
92.68110042490365
89.59003247556035
90.24008888406307
89.68405440945108
91.14843503273761
93.79730094176489
95.35511302907608
92.12144488429173
94.6977311826652
91.32696469186321
93.41651793262712
93.54018394118867
90.45820396854067
93.47011628124257
90.74431980935749
91.97073256831496
93.60766654692782
95.01861713233745
97.39258543917653
95.25879802444295
96.15803152652772
95.59675941355817
95.35088384549057
94.11430217776162
94.08816267826764
92.32938055559744
95.4263979222036
95.06359839978123
94.53968166293839
95.15327502543099
93.91603983948204
95.31050591222143
94.94272306015462
94.77290435468299
95.18158031489699
92.62562426978482
92.71363656205814
92.80901813616953
92.51459914662965
94.05253450000716
91.22489485222958
93.06521236881696
93.36118418220964
94.23989943986624
97.17107790244091
98.88006221987104
97.70331825798067
96.26404954325037
96.70922332681882
100.27867969198839
100.74508395441396
100.62938977711521
98.62171981946345
101.65666365141676
100.95078688915
100.81350971254568
97.39296747751574
96.42130786811751
94.64003106157053
96.12318965817782
99.62987633531557
99.4992663722117
96.12417711431836
94.89891650700397
92.78359703581117
89.91118254602937
92.09823313177542
93.34661466074922
91.82275118710447
92.05950063184866
92.6200598350538
92.5939905864988
92.96011402193902
93.17127776900958
93.42519150854605
92.85533758496203
90.05894578684564
91.83689451288522
94.78485912260892
93.21433674963892
95.76007921380064
95.98448385499987
97.90582380192413
97.06346653931588
100.5169622734852
100.82730624003449
98.9472552851691
98.11702764824285
96.75594718044236
93.9242961830955
93.65324511111572
95.48783279512058
94.05011200399004
94.19913128150031
94.18929943366037
94.22620452261671
94.41060242341085
92.2039909027516
91.08459790255631
93.14027189119493
93.58455724380775
96.98148937224681
98.42202201413814
94.82586257313633
96.90949192095545
97.28799500430931
97.2995131784902
95.78150194471347
96.08154662352752
92.93782544698128
95.58793595433747
99.18824906877849
97.83415920133619
94.47720112097603
94.50505483467818
97.13462594901121
100.5765715130207
101.03364807749519
100.67528556969953
98.13699389207521
95.94511216089234
94.0659407602803
94.29366303326137
96.73995394889089
99.7203848629491
103.208315549532
101.27915139767015
100.97682980381529
101.5288939793702
101.53904689673648
100.1812505941391
100.13491675979175
102.79373766737585
102.71999163493355
102.69766582299496
100.23216419404658
98.06700462734074
95.4601402059129
96.62205522802324
94.41507415453928
95.82029235984501
96.79601342261196
96.02006720459768
96.7332112235264
97.24582434667595
100.1119670114771
99.20446740034599
102.44704996118843
101.92384876315656
102.09103734557974
102.90893330215614
101.1487597753969
100.99528267791588
97.496244790605
97.14054088867843
96.14997569878632
96.09611401838072
94.66715827056618
96.22152840321046
94.86194848303721
95.13236265553356
93.2791224037678
96.13041327995066
98.21827019430467
99.44211560362528
100.55428709403193
102.0815140024186
104.83857856027066
107.12816388433235
104.70478791710931
107.97358110397812
107.86456268956675
104.78305395952367
100.78196000403243
100.02543491331554
100.07641125503147
97.43641092701552
94.21851193968091
95.63381800040186
93.50580190236926
94.56658229261937
94.17177693485476
92.59032743689366
89.52814508168346
91.67131987586484
93.54664249023584
91.82546478348141
91.50521794809104
90.3712317008315
90.5381522109185
90.18884767780348
88.13843501713545
85.57695507150893
85.54491755133164
85.55966237370392
88.26206500843814
88.27621360745381
88.24976122570011
91.2725246164715
87.92279213107493
90.48579776321063
92.29965190173004
95.82788435474069
93.28461664940677
91.30312042137622
88.62582015788163
88.52225772750606
85.97155703371662
85.45093458929793
83.02830118751629
83.48622389694023
83.72233950686072
83.73105439249255
83.91190106787818
84.65175938688932
85.94617471792425
87.91533649515097
90.05985803975814
86.62686117773455
89.6383797839586
91.282120288811
90.00520032474802
88.02045398034554
86.5861088247836
87.18788382280401
87.64197579647161
84.50146788447856
84.67484112707179
84.10713747201207
81.46237629113308
81.60941378918275
83.31587090864164
84.23434551742834
84.40671755770482
86.47641858347598
83.59657761978623
84.70594692534239
84.73084925976478
84.5097564347549
84.96300954148397
87.2129022276781
87.20344205865719
87.45910406858926
87.71776687357554
86.40055420586134
84.09298505042423
84.11666370207516
82.68973696527007
80.26821842836674
79.48587979263509
81.51705222912936
82.05644823704255
81.70344459737666
81.71180273181935
81.64595887119299
82.08001795068934
83.98332595023598
86.9784716261509
85.28070235271248
84.65693747192785
82.42367905624911
83.43052923201621
86.22483517900845
85.47180551307633
85.21923125583868
87.1389157748406
89.21952800745625
89.15038744796522
87.57509554216755
87.19074051861799
86.43348215588384
89.7941272398205
89.70303200003487
88.05475184065513
87.04874100892856
85.99560044083013
85.90673570777766
85.52146834828142
83.4202017104186
85.91663704213082
86.48329546530735
86.54381469411594
86.56969313164456
86.0861030604994
89.11808477751488
89.74030255812016
88.53154660828423
88.60883384993454
88.87846091409786
88.20885974176943
87.11469907987642
84.82953390399878
82.30547089141467
83.38109194511412
81.82928777370682
83.57380588978923
86.63778593237488
86.92066884311855
87.27868319228783
86.80072673263426
86.90818842392339
88.6946575058632
90.87399226806495
90.90268753064476
93.31492008747074
89.61116440277445
90.58822349413303
91.39940142918668
91.86614942593557
92.21032136303631
95.32363313514936
93.55725336612674
93.62236620329875
95.18513672432105
91.43540231808451
90.23013133872986
91.05763298768863
88.03624047999239
87.9513859283095
88.20582362705107
88.25664829560156
89.88986187930432
90.02011042312752
89.02995360471571
86.302578762726
88.02199144257685
91.44101737773462
89.94606520919369
89.52359563500258
90.40733794710759
91.19254940105739
92.8184744367066
92.92178354263388
90.95371508274889
93.37209280806563
93.8811550105248
97.56652228512138
96.93804911711733
97.60172057327885
99.7087220471715
97.34549634064211
100.23836628037904
103.41288298119173
106.79970331856711
105.83016057923358
102.87720312881703
100.7784669052094
99.66169946450051
98.3521567251035
95.29452788949273
97.43610661941881
97.78995935597784
98.06673897612772
100.90879710404825
104.57573688003329
106.35849454379304
105.61213791101045
102.34040981189752
102.29704962661202
100.28473997792776
97.94675332070896
95.81935741698689
93.97268771319649
95.39617846146817
96.16616821075968
94.00124586735524
96.34864371802787
96.67212374565182
99.25684164064013
101.2823157884788
102.17628727154813
99.3418223273862
98.36502828507123
94.45878610460085
96.35631582756255
96.97203146028481
97.03781452974442
99.77384252020457
98.63504761866183
98.40789537969225
94.72129324333429
92.14022282377039
94.33503056132217
96.87322541201256
93.34132198791406
93.23482306500199
93.84112382123351
97.23073773619093
96.40074972349682
99.4716917360966
101.8424724798307
101.33622761624245
103.7218922790956
101.46319984520466
102.46239268643049
103.11787863811047
104.03395352796693
102.09934218959354
102.37865066283908
101.92267223456115
99.23135709002598
99.07233753715262
98.21066904764542
97.37396006425125
97.8618915437181
96.48155179365745
96.18473293903929
92.75010027917078
92.80908071202556
92.48960320021759
89.02171913501958
88.85067610571343
86.92405691075191
87.0194270313107
88.43916128602913
90.04760397487097
86.93198960535167
86.90869397881941
87.39543802339686
88.47916537203017
89.93614301234274
93.15708283688637
89.91888306907269
91.80628661431126
92.22507906237033
90.85950484096814
90.59315571852174
91.98174859351538
91.96450133234292
92.849724290078
92.09199217677774
88.7245929886363
88.73351222157399
90.19637930334562
91.89848322670336
92.47246263817964
91.00492915241729
90.01317417558944
91.71961468594341
89.9751287623997
89.0586158463831
89.34605647177248
90.21900894136574
90.23078571623479
93.43070737708022
96.90936886492834
97.2508502557552
100.21351665083976
96.74765506922576
98.94803046504569
99.03785790082115
102.76570944859067
102.7305721355412
98.77519285676797
98.78509890380666
98.66362920968461
98.60776861416545
101.5120605500007
103.06630922870735
103.05599897764564
102.28784391928671
103.30719798567127
103.1065710927738
102.09278179904578
101.5725825558466
101.12859135796656
101.26770046151957
104.49554450103108
106.59116301580674
106.89596866836239
111.02858000929955
111.42908566691456
108.01463232887102
105.66641974180824
104.25568851342568
105.18204350019627
109.21872848433853
109.27503370810712
110.39146088479457
106.94838750840421
103.73292714890376
103.94019884672109
103.88495126513232
106.80603071330528
106.78603438288017
103.55878249497826
103.54805081276966
100.16835791849857
97.59195094671924
97.56122006286874
94.95447365037728
97.33874818462502
96.97010190418533
99.76553875510054
97.7624424824141
100.01195993358847
101.78733006643286
101.86729415563195
102.68596133432362
103.90569393031438
102.30321237440577
102.28920995756853
98.27790049654524
97.20505485324311
98.47538617281072
98.59907395130031
95.29284026078682
93.9820125305106
96.09315540315353
93.01515667982274
93.09112727829772
93.42658732501258
96.11098128235254
97.65194356997989
98.79882681153524
101.64227447457247
103.05270761886925
103.01436908444674
102.97565766337388
104.19185544879898
103.2028764067875
106.7944358571475
108.11821004712326
108.83016660145044
108.86930498814169
106.46534937101121
107.36553137248127
106.01205859965671
106.38166787901446
102.52095592307258
103.09957619364639
104.56742500784635
101.66040058075507
102.01862119009938
101.30761885314907
100.24877253154206
99.0888121684283
100.39217530995529
100.40836872607935
100.45464493177559
98.70751076042653
96.31489962845671
96.53595056726516
96.11282186608904
96.37667764306825
98.86312938421962
96.90652824916629
96.3348388365803
97.59682489519037
99.33674310798104
100.86535720934684
101.95438407803748
101.97330884396112
102.30779987612901
100.1937307173071
99.43817249474702
99.63118547092508
100.27635483830792
100.52270465152854
102.09835512545095
100.13291504317888
101.30493237520945
98.50610689104481
95.232955905118
95.37468606551204
97.29815823167732
93.93264260130616
93.7170917723929
94.6437179200306
94.68779747259038
96.347626499602
98.3863818400192
100.91214008723517
100.01594879403315
97.03535440474862
95.09971198566751
97.73996098150455
98.8381411655059
98.75484070208438
94.91254337139546
95.2225063099733
94.53977984104596
96.65459488461215
94.9517980978723
93.5674431540846
94.22267408643397
97.03063120230578
97.21619134516367
98.38267035525105
98.29369536712333
99.85761632155013
97.28653000569618
96.72434688691446
99.89653900795011
98.90350070369225
97.9601355770822
96.76086567856409
96.77634376005942
98.52343710941417
97.63759665949016
101.51462572584104
97.4821700004543
96.4132927415728
98.9989011643992
98.45821740705833
97.38321977354762
97.17894244079353
94.72825431450997
94.83864959854272
97.49908722983709
100.46423256105112
101.00235743166465
97.02546644545073
97.52851634615459
99.37743972245714
102.15413577010547
100.10973455513859
101.35665775444618
99.49610947060081
96.83884023556783
93.83707618667493
95.3956404275454
91.65543823443086
93.68926757263644
94.17848089570411
93.19381377796503
91.1946989744215
91.1673282639979
93.84960108510575
92.83681288982572
92.7899202155273
94.1299345921618
93.49802145341819
93.48318529436649
93.4950966195893
93.5268964363409
95.3212621789457
95.04123784158972
98.63094869430415
101.75760540623743
99.92527311503643
97.33288683991593
100.40573829613751
99.29017971227215
99.65128842800168
98.19003468956163
101.61383214357778
101.63975679954736
101.28331926563959
99.63583143448857
98.88038856703916
98.74963950919359
97.22775269112277
96.6565829562602
95.72176324055246
93.10704203954424
91.68120999010044
89.39276661783393
88.26284885081232
88.3789203116705
87.84499245792314
90.41756473241615
87.13153642882256
87.14515542530765
87.59224267202008
84.49498884887831
84.72483397906959
84.81093689335619
85.57989478925963
86.37421163412473
86.98707933122934
87.28803997128783
87.3496798238146
89.33745647061282
87.48206153035716
87.50383208465043
89.83063920418691
90.27917008192014
92.75106767171013
92.43340050226354
91.29998235226253
89.40828699997212
89.07079037577392
88.4138248729838
87.47593496184541
85.87132741027668
83.50935617348314
83.86362736603203
83.33437985245747
80.88525000963959
80.57518137921211
80.76989327365436
80.95566212977968
82.04885998384901
82.42683519998404
84.19533680416777
86.9443051304619
90.01045378621114
87.3308148318857
90.72278766572221
90.6761797902107
89.61841887809274
89.33158820430245
92.71232732876253
92.58608875820009
95.22491043912363
91.94280192015019
91.62721122807822
90.08310114188924
89.86991187802008
88.37508755586866
88.11740351644794
85.70968170109593
85.27071387031043
85.96921311187037
86.98253340727264
87.75486998214352
88.22037041898155
91.50435038854516
92.01464464922297
95.24392113828391
95.263344440259
91.71565997987804
88.73662129560786
88.76214122916952
90.74163278891369
90.63740000776787
91.86577942764413
92.9896466099512
92.92936646965146
94.67528666796983
91.94832117878121
92.1656106600825
90.9800941243105
89.42328962139243
86.54490773653535
87.89003006298258
90.28522132377455
91.01502755233567
92.10664471406746
89.82371574711834
93.05489016806753
96.55738874367985
97.81835970580352
97.30826823162488
97.22169277895841
95.97146567561991
95.5985344940606
94.75655649546177
94.47834718048057
93.80503813571875
93.21782299649323
90.45755995372365
91.96044144861388
91.641870359689
93.18367103667332
93.16707119125083
92.94152305700737
91.79274194087364
92.93013070120394
96.65179849636648
95.82383406895714
94.21085566541356
93.99987365769333
92.98841272997339
90.33892278544849
86.85217058614599
90.32787296865904
90.22426221056165
89.59025989067945
87.50233024677664
87.40981862305581
85.43676422946271
86.12330107810871
87.07914730857786
87.55103784311542
84.36148222098899
85.76837968249879
84.63617492057953
84.73135931371905
86.97764210126631
89.1955708533544
89.10078258844834
89.67616817763616
89.520905629817
89.69043765163867
86.14432747880691
89.17824952354337
89.09355772814101
86.57432719612196
87.96766822000933
85.54196320695151
85.55262505182758
85.65698855715246
82.75705825888876
84.44560603530037
85.01449669650611
84.3868694453198
83.82508885437079
83.86765882298674
86.68057644021673
89.69420509074554
92.0251414669953
91.95742122159908
95.62035611325636
94.70850352877999
96.3312033720428
96.30583251726806
94.1805149249585
94.12955230614256
92.31570606484796
90.46957467939498
90.12619110879889
89.18286470246923
89.05097968896082
89.45817799949367
89.18797213855972
86.03320557284887
86.58135026731733
86.516792733353
85.99520763568543
86.61448585193561
86.59294912315433
86.6908763613141
83.90209382452883
82.13001179034524
80.9885102927857
81.52628020050527
82.66928605909526
83.61827757715164
83.80756299008553
86.27682895911515
86.75022553718392
86.24483687234199
87.55477409630805
85.19555208200863
85.27266217937704
87.62100452261777
86.52762260588189
85.60426314448267
83.16811228138968
81.56270618881751
80.14047907340938
77.33637498496934
74.6194127415727
71.86228214001042
72.54074865293651
70.99803685513885
69.11025188689106
67.26368178759357
64.79685252069679
64.7562802830506
64.28672436602238
66.71617101475215
64.72761870749459
64.47622725851208
63.17070103738942
64.73426016359059
62.46071700212866
62.569815008401626
64.60231483270036
65.8717767193306
66.41836231111354
66.24333402958034
67.13558963369822
66.52399851726702
64.790781921459
64.81704072909285
63.31258457056
64.6917294649152
64.69937441668974
64.6801787648972
64.07116674402977
63.11842637623449
62.9421031081946
63.33085353860394
63.86331572314872
62.50728504058894
62.86926356626973
62.61958606983693
62.973075692932596
60.92536863557541
62.4281554018912
61.01675999546709
62.92669616804398
63.07855692557264
63.08702553093015
64.96868689246648
64.76755717214948
67.35854050104132
65.63493244596098
65.2645597239091
65.70735908826924
67.10509242755089
67.06910780063085
67.29802322637883
66.08708738454065
63.90832957019565
64.03738745275342
63.98280821341911
63.51878746603653
65.54061307489404
65.98322494536968
66.0299748085671
66.32539654479905
67.01207481585735
69.49353030415593
68.92407967146819
68.04181658715935
69.26340685475937
69.11874387386497
70.24625899420104
68.92485112360113
69.66195525464461
69.591125796454
70.73750062653826
70.87073777450767
70.2326968724605
70.24558293967378
71.33700682582291
73.79356642960371
73.8257628855594
72.43507274511904
74.087821939042
74.27547264011174
72.77451291686224
72.82473966708324
70.12271553740604
70.41889012095834
70.32085534469353
70.50339260655196
72.17391864835513
71.94036472524346
74.683856589788
74.57991755256185
74.61673133968719
75.96648125596212
76.0001168712028
75.49182598913484
75.39174014059208
75.79522330961186
77.13888163115706
74.7846790178872
77.7507950886347
74.81032116466314
77.42523400531522
77.48257335129678
75.69895884960377
74.29527097309172
71.57041659794473
71.58243332360945
71.44706155974413
73.06930557968853
70.19931905162001
71.73758182612077
71.4597963015518
72.05405722587115
72.85207918235618
74.27650950738057
74.05904097776802
72.16098928052708
74.17531441546376
75.71875088537507
74.65547661261917
75.21597552608857
74.93036317730044
75.00293540766603
76.18783537722858
77.04593436073853
74.72115054915385
72.75407437192233
72.35721370012627
74.43959958332755
74.21905479032375
72.75542194107489
73.88153392413297
73.50652669447643
73.98757884510478
72.5959826471715
72.27187448654388
70.9331104730745
69.1885826339425
67.63440614671703
67.59690789382317
66.22078905894237
66.11365856320926
65.2509706808275
65.16555997600823
65.4240002072109
65.46236083780195
66.74850998107395
64.56173231541834
64.50850184453641
66.96083509640624
65.25071625870824
65.4963971121014
65.88334720350268
66.2009844782598
66.48376392729377
68.11597908519698
66.66741206171795
68.9120038421066
69.6603731045675
69.58633525173236
71.53423100757747
70.23444659053925
70.2417966150834
67.79144614080298
69.5337059244953
72.2005477509479
72.91502285660282
70.86407971337073
70.85150771997469
71.1727221757217
71.09942182186548
71.11545529960696
73.39084535795752
72.67571032296276
71.42089649664203
71.56207717793737
71.60931771369648
72.3310977091178
72.32095000397915
73.83279785492985
76.64438045488544
74.63970976960034
76.64859294055705
76.69904954326759
78.70041700804612
77.8603017666185
78.48301846621914
78.43131446306249
76.63681366542558
73.8906366813748
76.1321390528783
78.95590779109101
78.1665634717941
78.98662836777706
77.1133632864433
75.5455123829084
72.71947223751663
73.36251475676545
75.67259855742499
77.84840549003832
77.64402762148623
78.25411239623067
81.07653208701825
81.13513513393377
84.3563538675758
81.30550345448452
81.89351607242722
81.94864942164345
81.48166362787555
81.46474361081945
83.6473658921799
86.87088213134243
86.85570938008497
85.81368434436867
84.70691770169856
83.87821685107764
86.78994332014742
86.54389079781966
87.04993038273905
84.48458594236934
84.40646069557283
83.06754892666838
79.87754926860408
78.3556304032615
80.5991461606389
81.41920397894478
81.26204162791745
81.76501299262225
