0 0.0
53.870658708529696 55.39507285328414
57.499036072972956
59.015274833175546
58.43369498620243
60.72403704298681
59.36133308624112
60.09680570613269
58.71272718058877
57.82129422756233
57.10948265905111
57.73619067343323
58.78858109671508
60.39687173560682
60.38481417517266
59.1881991040083
61.0036249918389
60.97395503916787
59.22157510115545
59.77705540605843
59.5259172878854
60.2579829606532
58.64233028442807
58.625936734626315
56.49470354343883
54.82741143424285
54.56978828124386
55.23643920034712
56.62390704698864
56.57545337590846
57.97640813353177
58.30859489575073
58.529011418124725
58.94547978696593
59.571163910527495
59.738776544073474
58.732379320793385
59.814895373125914
58.78716005123584
58.82906174194921
60.06049798408905
59.72767518694232
60.24570840867284
59.24672052644513
59.38061214467752
60.89093930852225
60.989198885301136
58.63407448580347
58.05831208658577
58.20387994598775
57.47701294197131
57.649107837739315
58.57896181276988
58.47452091245436
60.07267265753042
59.3701709908026
58.66870420247469
58.7312857478852
60.5272035914295
58.79767560013736
58.97111221082277
58.978219494484996
59.02463535762313
57.25426827295335
57.65135106547001
58.46076067759988
58.33607687324864
59.23715277051383
61.299699214245535
59.25376091018108
60.804571341921516
62.97273050850507
62.09562152206845
63.52684041856842
63.39456439787064
63.036640120284886
63.001211124262674
62.70885751154305
62.314082009467676
62.044175162146644
62.09177138891764
61.982549427442684
61.61678414817883
63.54718471519349
61.32449178584211
60.5290867870411
60.90676780789093
60.50301657989196
59.213076734929054
58.12520005913683
57.329335199947714
57.53686256391062
58.04380192681
58.47255042437499
59.37108456165468
61.44120044960245
63.772690022661756
61.354203477828065
61.1697743254323
60.937088197574795
62.54879793141977
60.09385053033915
60.79191047481013
60.846106752574116
60.09952489720758
59.715629467214164
60.02339187257014
60.99377313305774
62.41393175178744
62.19843990279863
60.45462488474976
59.312526726474495
60.17529646411486
59.5337576863027
59.83382497124937
60.814917206120036
62.15674520167353
64.08387186289721
64.95159056429705
65.59171420081844
65.39855201177149
64.36898975248707
64.3849736710562
64.16773802143207
63.050463787123896
63.613451938970634
61.572007503365725
61.42086607554846
59.987937979765256
57.69438408223552
57.83101275777572
57.78159019962996
57.26381292113472
59.29422359001002
58.898333684211515
60.24382764480497
59.88367160436691
59.67986782496414
61.382020094518374
62.30371928991779
59.96135831648716
59.913017135663345
59.40967351623228
59.01280210986517
60.635635552637225
60.76757499765202
58.971663844881455
58.994845045239686
60.830816237437965
60.7209655861611
61.44806957975048
61.6963895311648
61.680928115441674
61.11938565492809
61.47538180968309
63.303360489276024
61.565197520756605
63.2964249833758
61.36873444644175
63.028412455414895
61.46796056453524
61.15777115988248
62.20050991613942
62.75643991300879
63.47076844107634
63.55217453425652
65.13153560543995
64.85217907516655
62.9753122036485
64.30065561662467
64.23342923060245
66.38892299495836
66.79696676469514
68.63117013136612
66.9831211640434
67.71327186612201
67.7734584592357
67.61045225530322
66.92320629462078
65.54348550150458
67.67370762376588
70.34270184007232
70.19061152556826
68.31027152767112
66.23969369452224
66.89832411749575
66.42469128642176
64.38787494629847
64.06391510028898
65.4035844147437
64.85145128620805
65.75774447085665
66.53932377684042
68.20549296118226
70.25602468330388
70.6774766858533
71.43165229248375
71.53649079306165
70.56791933586533
70.57616185301602
70.5685910652544
72.37801895130957
72.10926621148506
74.7582351098451
74.73614383292622
74.78031888040778
74.3291421177596
73.93895393886048
74.68362112060056
73.87076278585067
73.88203260668566
74.65279991294149
76.17898666605062
76.84296181902333
79.71456024455563
76.92610704108354
73.95364577321192
75.1496600156183
75.676563652967
73.18143552412575
72.35777940234581
72.6045002292083
73.01922504358787
73.87952376466471
74.04509658547227
73.01695624817162
73.39877642919369
74.26715617551021
73.87586635955462
74.3286906470641
73.67485557508121
74.66737429467173
74.87906908104539
73.89402059027697
75.66725296635883
78.54741583664925
76.32711997334262
74.73846285366386
74.94176252299891
76.38779622813165
76.90990945337032
76.87436851482005
74.17977529367943
73.62477894031575
73.59844351521996
73.13925990915367
72.53332653239077
70.01659166884828
67.65545680070565
67.68261656652761
67.83994180079817
67.87189722385605
68.38703410697852
69.91219775863442
70.50629631731567
70.49883137787852
73.24817430529234
75.9712093499195
78.9057704686229
79.13556636135795
76.52543558972009
78.09512420845489
78.13875991930622
77.92350669607933
75.97674489283271
76.01609247885823
76.06061939246217
75.77061880856078
75.60078990472962
75.58361522366883
74.8206537617903
73.60242656135323
74.12066055273111
74.64881589564818
73.53813448435683
74.6838690507964
75.47753940891832
72.55368720174509
72.04834289748841
72.9461852952566
73.495652573356
73.2172281091765
70.64737228468483
71.6655442132305
72.05624696153883
69.47909611343091
69.65395296700525
70.57382152865087
73.27699946252761
73.17694677617952
74.37590881175284
72.48820106720555
69.91798014274964
69.09376270547882
66.54715592202072
66.55464538098882
64.24004141641574
63.446547422973985
62.988363425070716
63.26631203335938
64.14939047470683
66.08731807844048
66.78336132995007
66.64598764559324
65.49409910581873
64.0096222443003
63.22986458164522
61.27200868746214
59.109925185488656
59.08136439818386
60.288857361640524
62.63877129917637
60.525295548392364
60.901532475531994
63.15017866383922
64.29976943119495
64.05556074574002
64.06514496959893
64.09076160646886
64.29196378826553
63.5226672762888
63.55418486486926
65.15885354475411
65.46976206102667
64.69782035048922
64.38734089472347
63.79249002189501
64.31212865997519
64.46460922430688
65.13949644773058
63.39801121210667
65.20977297489404
65.18571485939489
62.63949062382508
64.593794572814
63.251737175895585
63.463517333249264
64.56105458302719
63.62255646611808
63.56318967824892
64.4590533546257
63.782128898504894
63.8633019913844
64.09162141528805
63.79150496519091
63.378832333749045
61.24753055859672
62.88857835015742
63.424043431341666
62.112608870284134
64.58474216726863
62.43416247362698
63.21605931808906
64.28563071467332
62.18607367047665
63.46927660726244
65.58849231996766
66.6399090803859
64.89424593169815
62.84179666251077
61.67255450931815
60.795029863142425
61.4506925615408
61.3416392958518
61.32566615911422
62.00130837185893
62.64711673881532
64.32846623030444
66.10328343607267
66.22398158262072
66.18022034326913
64.05140360410286
66.34470060278419
66.32136936383232
65.06138762357043
65.42519713060939
63.021403859839516
64.90076656121525
65.16978605057697
65.34004782232833
64.6668885214054
63.08880649999855
64.56464084571603
66.1568296988416
65.27045610343818
67.49157382011657
67.80311944325001
68.17823049381029
66.65086090020044
68.76306849342322
71.0135765105152
71.69256406095454
71.7178090368716
70.36152362654909
68.6726188901082
70.80225955179941
70.97324261080512
69.80463817886302
69.22003279891743
69.49030407526496
70.87910423942397
68.2386991944988
68.58947600052554
68.69634428590186
69.41101464509512
69.18412606573456
69.29352014818072
69.36250172509244
67.60299222498767
67.62146684626785
69.69131932236573
69.78604789960806
67.04484483718336
66.3456540378143
66.98668480632082
69.15292703109769
69.45915597983989
67.92133488346369
68.73697035029166
69.85064111991467
70.82852030998741
70.03118817636872
69.45122624205368
69.66419870864307
67.19174983031273
68.86311247401886
68.94024806726712
69.02898632265504
68.67086346811034
68.26893941783909
70.08170305388033
70.82460724350175
70.61377000715126
71.77351798322009
73.65377968318039
73.66589511938324
73.34066076366624
73.34807164984574
72.39231019382842
74.78690196963964
75.8088588162906
74.70147771623253
74.68980673800061
74.69777469426124
72.80972723358883
74.16820780125501
71.74895434574836
71.97971072384877
74.24616326712217
74.27818305848342
73.53721187848568
73.91628940689262
73.87896616243965
72.94882082705742
73.5824033927096
73.59800046380604
73.50943586542158
76.06341552319164
77.3698422035137
76.35889614034005
79.31693217328873
77.37256877197288
76.47151196733353
77.7918382835096
77.83777798872906
77.88846074849454
77.77733081113077
79.57805149907699
79.65552116609172
79.42363433411916
79.58932797673135
78.64538466968972
80.49329281204234
81.43797331546563
80.18355959672571
80.64367943314932
82.88955914894376
85.4334499606071
84.83007815099855
81.85315434138376
81.83531805328967
79.00968426999397
78.15811160395073
75.43580918815302
75.05744146128106
77.43933108968405
77.63098833647044
78.46549507349397
77.56701609976746
75.97128091684334
77.01263028668757
76.92540032339443
79.18069802842426
80.98546901887622
78.18150720129785
80.19497909187044
80.9286724840875
81.53350640535096
83.56620245875494
84.56689890523826
84.3646962341906
84.55264880651106
86.9269273256307
86.0120049307871
85.09264129168454
85.86333002304974
85.3871145277991
82.65982536492986
84.26786723665263
83.18301986943833
84.23627071953514
83.82212732249567
82.46236688626513
82.97791605450219
82.91945982428071
84.76981128352126
84.00166755480298
84.76142847607517
84.69764505828807
85.05108249051509
84.8702169478535
85.77704455510678
89.17487661489714
88.43259312724355
87.85067744480277
86.07514794304139
84.36817925397334
83.56321382423536
85.95293837724199
84.56931445059945
86.27133848289685
84.62596478959085
85.16888590696009
84.3381769275311
82.21367772020892
82.164688515896
82.19199632058535
81.13483178073918
79.32312953052087
78.54268316755312
79.29967586892629
80.66817753053844
81.31874310126449
84.55149602474722
87.64200941038129
87.54441562334061
84.27384204323354
85.66035676240637
86.11885881831547
88.09879816668315
87.37238322183426
90.0974720032038
90.11310625229457
88.22115509319642
86.15022029324993
86.29704314700646
85.29617730121461
84.13950160726057
85.64017331975079
88.67950043940085
87.14969831481744
86.82086125957932
88.34822732401561
85.43232962859379
87.32397715574808
87.2534765907314
86.43277451601666
85.96259500509456
85.57481048976277
84.4725036162359
87.3628918148805
87.80311795514247
85.3692688101445
87.87389000082406
86.95556224191338
87.01136783740212
87.32721187879238
85.93503521197727
86.56622925531265
89.7687466980689
88.31689029660794
89.51227269327507
88.36719647735484
88.3841602396746
87.58587510107417
89.90207024709407
89.01348083077326
88.2810897918827
88.42038438266351
85.33907765729766
85.4035301010111
87.0586449426967
88.37565808025134
87.40752109805254
87.29407957928912
86.28181044589549
85.11034776685645
81.75074708539641
81.0674664347653
80.77529578955912
80.78848231839014
77.82278464617472
80.0896242861747
79.74956847463515
79.65487760645674
79.49233799115045
78.76408311689116
78.71121906625727
75.79062934077781
76.55844400992757
78.50465329162876
79.29980336678308
79.419871831047
80.71003650721701
80.8561723138319
81.47085230086712
81.57075608606979
79.52087480939981
77.9158222980704
77.65761486054055
77.64980724142342
76.89427136735448
78.2646390102307
80.14109183548757
80.09827537801925
77.60741847418073
80.19773177757676
78.83993016879566
78.19425971750479
76.22632507167658
77.98595963848331
75.52394934948714
73.86793544321729
74.22146958509546
75.7232345343726
78.23933550110013
78.2985652846608
79.76772013024399
79.20721989264547
81.65681929660806
80.41734583488625
82.65917197484873
83.01524245256859
82.88426853549495
82.21051942261255
82.18669732419589
84.45906060852796
84.15856610348214
84.1436072502711
81.84830472842481
81.32715026048955
79.7561413590697
80.38634360973802
77.30040395126223
77.93005063485279
76.08875944340568
73.69703570279992
72.06444233888273
71.99971102556955
74.24816439818268
72.78629987333157
73.35931188330366
75.23713066400002
75.7639928632539
75.75561577690316
75.76474753283173
76.86305088682488
78.96946907321717
81.37791092104978
78.96267794607608
80.09846344535832
77.47886829231814
78.54037620823912
79.67807314506776
77.2625920600021
76.96869844757065
74.60990292234582
73.60524805207241
73.57849601342323
72.58979554434966
71.30462616670563
70.57754939434798
71.23706487390953
70.49677247977077
71.0360790957665
72.04379738012258
73.44279901154972
71.10400060653669
73.64714210446014
74.68850886198777
71.90172893478477
74.49622306568398
73.78637909907056
76.30226322773443
76.47459659495233
76.79287631991635
75.93476348317888
75.95578659184726
74.74229174673334
74.37080961241627
73.02471999882484
74.11544687386703
72.93790938957355
70.71435459724334
70.95727960233755
71.7225621372895
70.63816127111167
73.21607375034246
71.66432575121758
72.29633244972554
72.86798887326214
74.53205885040589
74.60102227242135
72.83348487835734
71.77680101630776
73.90276128238577
74.12921062574482
76.18304979248363
74.62703484197499
74.60512009980404
74.42844186713786
74.28862399604918
75.01371706008979
74.946998843588
75.87780300672264
74.07842637356839
75.0345313040013
73.62997820573747
74.14115815280746
76.41897186856913
73.65447360005918
73.54993975714447
74.54378825017181
77.38877143011096
77.1542160364138
74.3853454667878
75.42611678951295
72.42417695792743
71.41753189064238
73.13399408403454
73.46153627168947
73.50135329962283
71.79743590675258
74.01653948996703
72.19855850933422
69.39127687298674
71.02777448424938
71.68635974636302
69.5768215719022
69.72506771183915
70.93376992304279
72.08113707925885
71.89399404201792
71.75768680236705
69.19586593218223
69.22991358724009
71.97389089443827
70.55856221189788
73.29223326064272
73.2837559614044
73.6581166540446
75.70636148715617
76.74027108022219
74.72593338810462
74.56631964530669
74.87821335151595
73.96871069056196
74.64477515449363
72.1022696120778
69.71550175591527
71.93764534747503
74.79329179434316
72.49985803125357
72.94848787891856
71.79641240656211
73.86571810560213
75.12755798523385
74.07387758064176
76.65270288827821
75.11721133153165
74.21740668226319
72.11190327081182
74.74282749485883
76.0524657778359
73.8698608459894
75.22232262966385
75.80055106536825
78.03841923733658
78.00905411900047
80.0158040831497
82.78240631565815
82.72621136738432
81.79139636781706
80.61690280384492
79.91241938418483
80.76062781571228
79.99379245377341
80.94349653435845
79.59080889931825
77.50231194303247
76.4414529155817
76.43354869011976
75.14061492388102
72.17488330823947
72.94468827284358
74.04082687230337
75.93078646462348
75.13095283948536
75.67372606705533
78.35488358156316
80.49607461431033
82.9580881697649
84.80154387571203
81.93509918701857
85.11335977533221
84.43418157538692
81.7705891993531
80.62691029689296
80.57965265879604
78.78486210401233
76.06290764275694
76.35476989049403
76.22366969411509
75.60127794414767
75.3802869517272
75.09808349969586
75.07933079673224
77.00795965498172
79.01130726740786
78.9935101980204
76.0130093166588
75.40946287228988
76.82027302981568
76.29096365691449
76.23980135803814
76.52944758252787
77.26770432822158
77.7153997626686
79.86323625997142
83.04727532051723
80.78178977846599
79.96416393629002
80.30742256699834
81.63245523992993
81.01624072649406
81.0785976551592
82.8077956604662
79.58772168624539
78.68013648713581
79.01844565389162
78.99694542395572
79.23815052364405
79.79749177885381
81.22507777038555
80.98537117406008
82.76741551332339
82.12672118882327
82.29592838259758
81.604415569375
82.32946970013842
82.35051683467265
83.41770582292376
83.7238463673248
84.6970795539099
84.60760436167371
85.00631345390025
87.61368489762424
87.6311411589615
89.04378119076159
90.37662453620598
87.03174364181984
88.51315395616389
88.02622022931817
86.05847827261195
86.43057005129943
87.58775243220634
87.59894568996398
84.57419706033335
82.9306116310995
83.1652238980068
84.8245935475436
82.4575188051893
82.85632505088971
82.05712822975542
82.73496769806087
82.45838476857476
83.89623559591273
84.97766673726592
85.0297984087275
81.85019409359766
82.63617121470755
82.58529160438826
84.12697434966071
82.21805846282572
81.93815703024897
83.94207334569089
84.31461758926291
81.96512777351352
84.45441558088541
86.20562673391179
83.11256771936715
83.4477096977967
85.8525769629558
83.75286104572726
81.2013756007532
83.49902253825539
82.90950402104166
85.62301985386755
85.1241358177595
82.976249759877
81.65798269297221
80.38578336439473
78.57964138090603
78.42594403968464
78.50556225170628
78.54371427945674
78.08371685663539
78.11240909290122
79.92415383750014
82.90849052931065
83.22545211471346
82.78877499997108
80.48575134925574
78.83076321162252
78.7916203322455
77.72895058006777
74.90909737082407
75.5758751381439
74.05901653189818
74.2729977787759
76.53235612127276
75.1285629578496
77.71537558375142
79.52075394907077
81.16911882905666
78.04704003020163
78.32725020126283
79.77581839837748
78.8883886212764
78.52931952371648
80.24819545943947
81.2451966591156
79.52975273096206
81.27420675478247
82.49493301025565
82.87346671826859
80.09686191006747
83.27051940033107
83.37263942831342
81.34844303467598
83.6258343579365
83.51181372170564
82.80394755644772
82.92675581865048
86.21693478305833
84.36266482806039
84.6063882938944
86.43743538327662
84.4758261348749
85.69363314471364
84.9647061380939
83.96802599414376
85.2987263860094
84.56519523045783
84.28496412452999
83.77519731484864
83.3845600882625
81.48733509576924
83.06035125675918
82.67149857567965
81.72798917302555
84.50532634797788
84.84656167686408
82.89343119017497
84.6231345153344
87.42012441336259
90.66470485033177
91.06692210776168
92.81738264666612
91.44035494372024
91.40501284825403
87.82559997370626
86.02100846047716
87.4856131000254
86.83103978696825
85.5063365451529
86.19352803586571
83.9257727587524
85.33972977310007
84.2732054181088
81.12752852837924
80.79429258802936
81.11344383614718
80.47048622159735
78.10834867323801
78.93705233350184
78.8146289338739
81.00589754101009
82.0751049920509
84.82353221230979
83.62455114851315
83.76014449579743
80.51538955130485
81.60612814541264
83.76936727720432
81.29391532864443
79.54617416523077
77.3549980083956
74.73151260361335
75.09022752366319
77.28702224032499
77.17078282158
75.29965541260678
75.16771746497848
74.44573011629637
73.74108112672397
74.0670860494339
74.15215118653339
76.21555977780004
74.59315790414976
75.8731256119729
75.2373843232645
76.20523464275976
78.82557450563257
79.42576036945265
79.16127317138219
79.92929783498205
77.9358477224868
79.46176169784502
79.58293543933696
78.69571560021693
78.92119335202877
81.37651744128404
84.28814701794063
81.16379461988915
82.34786722279436
85.63591857978572
84.41817578324117
82.37959825567825
83.38991255311281
84.81430596310132
83.93564909240936
84.58963594086902
87.15457177498534
86.55741370134263
86.35273949121843
83.41261731916066
82.42440553425689
82.03846949415282
80.62162351942112
80.06092971340216
79.88391911410181
78.31625092721322
79.08865032393457
79.54283384149515
79.91400760147991
77.65503358089993
77.47057939202618
80.56079043651977
81.32501932916304
83.556849617116
80.75647369699946
80.38729551812459
78.15462740488536
79.3187338728826
78.98600178957086
79.81036572894902
82.18574881721031
82.22421434278812
82.41573949528379
82.17713861285468
80.9331270944452
79.16571147282662
77.98278899116593
76.1612424907925
76.57088997434731
77.05069917888522
74.89465457078123
74.50827195330318
74.53433193505576
72.69593287868808
73.88568332278986
73.448333177624
74.22207632650723
74.4629101313943
72.38711390876651
74.13207133484097
75.41142142198612
76.73874748377759
75.96373787307908
74.06035273275286
76.44671696880827
73.79452781548648
73.63326221058122
74.43336769273282
76.36146851292347
76.97873790732022
77.08295818661678
76.91385002500608
79.90986239347798
79.89741554380768
81.41658379867889
79.35812077364527
77.6597731341525
77.26854126246677
74.80274730734932
74.7835381877155
74.40145486446167
74.05937967312057
73.95954788159418
73.8807369894161
71.31634206548122
71.1556252252715
71.3556440899249
72.13383812390063
73.12205199096177
75.81160701650566
75.84953590688254
76.60207163824417
78.64441601061881
77.07203727402836
79.04413968426083
79.05427413944892
78.62629830657092
78.8255091729259
81.94600537791538
82.00650207747515
81.93502604870817
81.90396360289034
82.23332762582322
81.45780826864927
78.98587760296203
81.40108371578137
81.39265520757401
80.69292588822262
80.51163862496034
77.5712539028732
76.03925483092776
74.7374314398711
77.3716994520658
77.06108494158856
76.80692799049763
75.10628730064293
76.41511964549154
75.81429873183289
77.75317172201113
78.96734696458708
78.90709842143961
80.24281578150219
81.10009295921908
81.90137742149577
80.97739051815621
81.18566103914124
81.14658812935296
79.35139153501423
78.67280718333112
75.98059031981849
76.57237330597262
77.08562041098274
76.8861566199192
74.7817360560416
74.84018250096412
73.78378145263135
75.87829357774741
75.52752510219219
77.41835804355621
79.64716084146156
82.33338198207025
80.75584701748721
82.52555629043894
82.65809997068688
81.42034288034476
81.80012657329571
81.1406423291303
81.16651938359118
81.3195564209543
82.69086249096912
84.35894692391416
84.22605807701757
83.70301272287762
80.83067733918303
78.04406441439407
77.93332164720138
80.80021723835752
80.75831659521823
81.03173261928838
79.26354885561568
80.40487406326733
80.8547031067335
82.83698941887646
80.13045968968831
80.31534901441073
83.36467609787742
84.99423742374817
87.32117363437708
86.71776417728654
86.67277322834407
84.70048840078698
84.68794707654061
84.00941575691292
82.5658411719618
80.63524578979425
82.08890087906107
84.7895033929591
84.3196072210518
83.8104118230627
81.17246938890412
81.08202928005376
83.69619961783683
86.89223544135591
85.76245216641814
85.55459621043097
84.25817146021572
84.95668836852806
84.07333506212208
83.18594034615323
81.69395477589599
78.76677479606488
78.75859662726464
78.19710631397679
75.87146184783157
75.91654550722106
77.91202587073852
79.11434368661787
79.69010969726422
79.86663997465647
76.69581781320869
76.83092683125797
76.0950463021465
77.35323585324032
77.54132892413281
77.58506928333958
77.49407929906859
75.33832555348144
77.30477466470703
76.89889448671741
77.39235559351272
80.09561219498457
79.6724822916104
82.81350807213548
82.39540818765383
81.34139142612891
84.45442388889876
82.63800745996735
80.06669851373128
81.04524987083877
79.3180792517533
77.18155349613991
77.60955913627416
74.58813707078694
77.54824102571898
76.86562038879237
76.69661463849549
77.55688268209916
77.53460465990584
75.71825339924922
76.2824193647306
75.48092977382346
75.86528549991479
77.42874082376673
78.5217173533897
78.93319705826453
80.56620449583262
83.49572921588911
84.1977447345983
83.18007512668821
83.04487371723857
83.00570509371151
83.0159722588439
82.9538716483315
84.61877008109307
81.5491865445792
81.02954900966512
80.30457955310061
79.15571038097421
80.7663702965516
79.47571831480116
81.05116157411415
78.85530774710061
77.21174524750656
74.53201443471708
74.98085880421357
74.75627558503204
75.80541495760447
77.3328916461311
77.15763085578891
74.92344288616003
72.95791704804599
70.27061794595853
70.34574127185185
71.91743009801137
72.16436938333291
72.63733441414814
74.3433768472823
75.53840574403162
75.12516423087195
75.18800874963722
75.20647940999048
77.59894322055301
75.17564017258408
75.9464284368159
73.1335162335799
76.00550779705846
78.54940362116102
79.1964558447595
79.65367907107903
78.88241603045064
79.72307054090619
78.46569083554711
76.53968163463126
76.26735112708091
76.90534926434167
75.04721596335456
76.27674792201123
76.77148566996655
76.39497811794978
76.97760378778206
76.19636129421274
75.79891266199208
75.4761329700845
74.24794758308303
75.2728351445639
75.17383301851224
75.81577568694792
74.71286886408018
75.58761663148641
75.71974082889584
76.98215219096325
76.80209678187411
75.93530585180366
75.92580725916923
76.34394595710002
75.93246902880249
75.26201094634052
74.0732933568468
71.47344791333019
71.84768666206476
71.89349155592754
71.35609909117336
71.39463641135383
72.0420643118159
74.35266719686403
74.20666142505229
71.91633754150693
74.64890549189013
76.14380580676233
73.68092281643341
75.99501773994541
77.87230550320233
78.81132966170813
75.95309997824435
75.79652699631316
77.03880152368225
75.58073079866166
73.58162751636507
73.47184824354034
71.81299560924003
69.57097800473254
67.55838764423424
65.53325256776822
65.1967304016724
66.07159784022025
67.22720648633738
66.58833880936143
67.01530010006684
65.18266974057147
65.21779606674245
65.31520819944109
67.18151851058599
69.47562288631714
67.96742695978031
68.67642697489333
71.32466471192946
73.78736918098485
73.11546482002029
72.31383850251595
71.76355123413784
70.95352652565833
68.51354255487954
68.05531996039451
69.85469433443822
70.56054574048137
72.8857170960615
70.54945662449606
68.48354723088575
69.13380446680918
68.99847552855812
68.895314702449
70.37596079025127
70.36864360714839
70.1155061523462
72.56496733020606
71.82219172660182
70.86076940061277
70.73430956169516
69.5889577310158
69.40605569002257
69.44640459399392
66.81514220073569
68.13052314213883
68.88525829046975
68.64015646839594
