0 0.0
89.11548354967503 89.17785111310226
89.19798003787369
91.25635432988744
91.2378681662945
92.1794809366591
89.31800307324488
89.97419844917023
92.43249916231167
94.92005074096072
94.83259620253037
93.70030065575794
93.947263344257
95.58288827128175
95.86149794747084
93.06607869177992
95.39521214526648
94.9459900225591
95.0307329500134
95.08422994262618
94.62435645099956
94.18317321576966
94.95827766086909
95.52433648846316
95.0969579479151
96.21683739165525
99.36564019565743
96.57184108052346
97.62080374777402
100.12247979739266
96.57525302676841
93.50718454381868
93.66315371027811
94.1913126303451
92.89627854258356
91.46110709991294
88.81013860649492
91.01909551634873
90.29707702779045
88.83853817915524
88.02509893523604
86.797325651892
84.32713332711037
81.91182932358454
81.25998936579741
80.58294409843745
81.48272120320354
81.08183565368728
83.42971439790381
83.63855064216229
84.30895086224429
85.09121890493677
88.23150552377983
90.1976712333741
91.71488129720504
91.5543540731112
88.0325900714722
85.89685605353198
86.55919422236009
84.92190185914892
81.64398487328201
81.06887550257484
81.98726942548281
82.08776560873682
83.3195314661223
85.81114663419979
87.17200326716313
84.98805403283806
88.09528104345323
87.81141112271717
90.94583936284698
92.7302897668762
92.46685753343773
92.3419856230692
95.24769511348521
95.10339847869533
92.25828374457713
90.624256389151
92.02522414909197
95.52045253535852
97.73730417271855
99.50387108156706
98.46407598042033
94.84241351504511
94.75182903610525
95.5972653768585
93.30190031083325
95.13112704401547
93.76170120808749
95.13872279345763
97.71473821653773
96.112351684185
94.54463641155321
94.76430717931757
93.91404357893242
95.2895684263386
95.30007899261113
98.39434314501884
95.30806997113311
93.84926196070418
96.43397364139501
96.4093420011605
97.6846843922398
95.26919272041782
97.81651308208916
94.19562177555552
94.96741199068241
95.23262273367787
93.92804629203364
95.5932318749455
96.93185884532878
98.92423087688424
97.93081504634583
97.2659692764265
99.30713884360792
99.32810324111739
101.28778686602683
97.36033076655893
94.62051574671453
95.40709096202322
98.0144483626453
101.31073499762587
102.69578990279302
98.90702365037917
99.4015544251207
99.50162721185214
98.04525946365445
94.54624057483186
95.72017423881914
97.22279010572636
96.88078078729103
99.5584504366213
101.44722530204677
100.4751560983775
98.27900521910438
99.35557720655851
96.01515510149547
99.56236654703584
102.72396365485736
102.44870786212438
100.50123339787835
100.05411131905637
99.20077366283319
103.13297228626254
101.00263723264968
96.99218335890808
97.83760226508946
97.80608859519282
95.08150602239219
95.5309667551375
92.85183455180176
92.4741671480271
92.63801855033746
93.543478201892
95.08352269742856
96.99127376725275
96.75038739633197
96.851864416074
99.64748615311017
99.33526537632227
99.72665930648972
100.58585309667812
101.49799461893052
102.37613755771893
102.45143988681245
101.04039854034387
101.71517615027668
102.15789649703017
100.29685597114583
99.20881617234215
99.09343120403776
98.55313047959511
97.32309951304596
97.291780563438
96.43015149222035
95.7020710076726
95.65833255239377
96.0424064370668
96.24220285612967
97.33547681383878
97.29223891329592
97.24355258625891
97.396860868734
94.42477074323004
96.25734433673712
96.82554025325953
96.9075986620183
99.41444237537989
102.30821175512853
99.85980635668876
101.10008299661352
102.75626653006086
102.8183445251948
102.89793651775693
102.8276802688864
99.64572415247949
103.04535935570841
103.81754794667147
107.32489334930652
103.51662207445467
105.27641739862949
106.88338556543037
107.08108556243548
108.35286746242778
110.41521273943003
110.37936828959117
109.91474905423807
111.88888129950243
110.4593108813312
111.34776787425233
109.74319364403885
109.62272600559939
112.90487256858108
112.71991549245418
112.95903733259236
117.42455406374575
115.83402564500996
115.31535625707448
115.15917039676253
117.70458510888749
118.40615774713325
115.59239216846801
114.16269765368575
114.10312294945194
118.44247699884795
117.60924461719858
116.34554595647016
114.56570053524469
116.69921337107525
113.08281461199395
113.86558123822344
114.37637662576351
110.3084225824449
108.2689955761772
108.50850069199639
108.52224170490304
108.53510966220713
109.14750530363462
112.23548642144189
113.21601687106553
112.88526942736387
112.27098301025596
110.14060763716502
110.92679370708399
111.26800765981595
113.33339667477088
112.30089160139332
109.52996806287142
110.81815669089036
109.02784601029435
110.93163669960501
111.3349501076365
113.05875922144747
113.72858309538094
115.93932403575337
118.20006183827405
115.48237067094027
119.77475940167103
123.89175793593117
119.71663074223358
120.74707659539834
117.50236843584725
115.04095743061085
113.33007246397798
113.46177338112987
113.15205855403704
114.87051923439006
115.44745105934224
113.76002852400775
113.87454601127764
117.282083130248
116.63003052814167
112.18260821990926
112.1606141266368
112.31616422907028
110.5239774833739
110.42066925904007
108.96839556325517
105.88608992548656
107.59450451976518
108.32562938854048
108.2616106863355
110.6857824601694
110.7586925724977
111.48408839488135
113.35312028660194
113.28336730302195
111.08004650525376
114.56879762177097
110.5318089335903
109.16128762914838
109.74318543606365
107.00575137332133
103.44412792483409
103.2820009355181
101.66460235813948
100.7301563573906
96.94423893468661
99.2651006525425
99.436440046565
101.1117076852898
103.46031063709617
103.81017108951649
105.58697479997214
105.82431234105137
107.00566076817388
106.94811136355366
105.28275380787623
103.0332887768375
104.88848450513747
102.37012296015423
102.16256964558268
100.90584324415836
100.3348771943925
100.7467760352851
99.79197778725639
100.57214813155119
102.71657189988197
103.47457140916096
106.7331468656676
103.76669327559229
107.19384230104339
106.86008136213901
102.65000526702414
100.31990259995192
96.84205637934845
96.88918792230454
96.36451165562504
97.47637992829965
98.30798350419074
97.8520610016815
95.49796026627467
99.19291217140146
103.03610128027141
102.77018717809395
106.15639944900337
103.38902731944424
105.39442769594845
105.58342496362324
105.2856267702158
104.86552958369927
102.60901296038256
106.3697181827446
105.95656290021113
104.05802620062346
102.65485966616637
100.85994556115776
97.8405673262778
97.33545474659508
100.95497361605223
97.33818722384405
93.85388133617548
93.94788082081172
92.5569939975287
93.05371080675715
90.45779468820335
91.86608762788671
94.38822424594304
94.74382967680269
94.75599505185907
95.67308658372333
95.85278730842353
97.88397549191137
95.0724742395909
98.1783408218315
97.47812661565983
97.41063481565217
97.89057701983478
98.37228136546307
99.26622360120534
101.8995208038535
97.95502830567716
98.10354439564446
94.6396378437433
95.4927661276256
95.5422386910087
94.98880783228564
98.46158588834
100.17602735812505
101.01229607572353
102.80192658776257
106.68578318303338
107.4948762085726
106.664119877044
110.26730527660007
111.31325069906688
110.51089367382009
108.46378465768497
108.3617715306171
105.85954188028342
105.82691594541899
105.26088089396885
105.24292601445629
104.46040311806499
102.78735787061983
101.64887962340744
101.51056885211707
104.10937053905707
104.02825112401064
103.02619181326698
105.17359669997083
103.9386389751493
102.09503782556246
98.10359432604251
98.71564276922206
96.73030890971316
100.30168389604725
104.14751113274218
107.84243185043667
104.24571420043063
107.95117374509313
111.51654006876831
113.11882249744586
111.66226674267949
109.58071848864468
106.48634194669735
103.93705293452791
102.20881174977917
102.65966973333789
99.99939595258806
101.72365817313123
102.7800950852378
102.88724555897498
103.19201010060989
104.29631383984555
106.15214712875452
107.33009059530482
106.58752332182259
105.3045860444292
105.38607763721618
104.14296786397135
104.3801034940454
104.624876759946
101.36546304570483
104.4907900222472
106.0822259953667
110.0332557335831
111.04611854217669
114.94495063988364
116.71615024649469
115.76727574082719
115.75210978121002
117.6778099802897
116.16194306983327
119.77044238386006
119.04344123046651
117.77536814905999
117.96301476281056
118.31619250757197
115.00193198101547
114.79051247511248
115.4734539265055
115.27735195147771
116.27117120688766
113.88048729610824
115.58732667435861
115.59897125741269
118.28693950714838
114.57050876282271
113.49401378410343
112.40353281654806
113.00455454181207
109.60442559238821
109.75946604850543
109.87611686993506
113.37039763655737
113.27958085455377
114.2422953471334
112.29464084617786
112.49095876507302
114.45296918038403
118.01612716426483
118.03088141843641
119.50214467417338
122.30591881408328
120.96345702951393
123.20962644210974
123.27296600713679
125.57869157677064
127.77686869049765
127.29133284851284
125.5126569362121
125.4823347662634
125.50231107529069
122.38700895467763
122.32367109362995
120.8694056104807
121.60667310380458
119.36634210690944
120.40284770462085
120.82740432026405
121.02813804824589
118.0631682082127
118.26356288518032
114.30728457666518
116.52475780177356
115.00801471230832
115.51176503698238
112.1870767175549
113.7639947210625
114.48603192261184
118.93913035971941
120.31734240049119
119.60120318219097
117.38731500599269
118.47840138005346
120.83412340751738
116.01820339882757
120.04558018272519
123.64715342812701
122.87837842244832
119.18659161563666
118.92605767387641
118.2209264357585
116.35190978965329
117.675108768703
114.2938828032989
114.62118898238893
115.95315299695399
115.96501165386857
116.26600190986501
114.89015872970327
110.83241025007334
110.89645000506829
113.44009136364784
116.44759123305093
116.11836727250696
119.6460207754576
123.54684777577307
123.50946915613251
125.29973875618197
127.59011603614569
130.08819510689682
134.85831670547273
132.81001260162952
135.17047244127937
133.5405655883527
128.27035876924
128.71615312000782
125.62322394110527
124.40404647167367
128.41506991579297
127.21158268905936
127.23899512780962
128.0432331333318
128.4522934970367
127.33781479659918
125.27423991811683
124.11654012784841
123.73521008260758
119.81844694081896
120.74225031626654
118.63312214423232
119.09684499608029
119.62639048427401
119.56393880121209
119.63941399448481
122.25536957015402
123.30725295539844
123.47761729817492
120.39484388725792
122.2187277693562
124.11398259353683
124.15857381625064
124.8934755570892
125.38722529860141
126.4663722796299
125.68949628994939
124.70102844345858
124.80661615945412
125.36251170975564
129.09082675589076
129.14686976744937
133.83137333965763
130.38162322420672
133.97364510864716
132.15629582148608
130.35371793357635
127.53793873847079
125.98374553087311
129.36745445076747
130.82060182586298
130.5450383432129
126.60231854436203
130.50210069914502
130.13895396023364
128.75281391306612
125.30769474001718
123.35270543567577
121.14088668301802
119.44692842259225
117.65724860412837
118.0541324887465
118.06605833856483
117.32350258959991
116.11418799286015
113.42187621104782
115.20193028159196
115.07975824027852
113.71547974855633
117.30523859662075
116.30239566255223
114.7749357661521
118.7006529051386
120.04804633079208
123.87895174049468
121.29581909756234
120.49133951485709
115.67153117929483
116.7894811721161
116.15590556499221
119.38914561529957
123.15588485735844
119.81235197494819
118.6357985931043
116.76506696127741
114.4993217639533
118.51146125685834
120.46233173088224
116.60001507542196
117.31918615192414
113.92136641416083
117.04233184392595
113.70437361484446
112.6949946850074
111.72291040266832
113.13863350077203
117.18830011491615
118.46829019804449
118.48200777662406
118.7164733235284
115.01748095072979
113.69178801821556
113.70463972103687
115.43766105214637
112.84662528034674
114.33871308146618
111.44215242789274
111.4144374189995
111.84554488553898
110.87414764887545
110.95636371216568
115.11488512878414
114.9818776949096
118.8366086900471
122.31343761904022
120.44055094592674
125.1054980273521
125.18431206380518
126.80388022694116
129.89625618279112
128.6684276393495
125.3452736244919
124.31268307985867
123.53506301316727
123.3177228275558
118.9336264070006
115.21388391863725
116.80454011094342
112.36272957942701
111.71728369131749
107.60515863243735
107.36253586623722
106.63440552495373
110.59502718912158
114.09298030509503
114.70882072481662
114.01677584361632
111.94373556105978
111.26712475081303
114.79162271209233
116.83670905972808
112.7762656770731
110.51219039574204
111.13118738846704
107.00948579905824
102.73288314978167
101.04076688729933
97.65853206504252
97.67027997951868
101.26140430228394
104.36343589674883
107.56668500723846
111.87238727890984
113.05450632911632
110.46123809849249
111.49645152272336
109.39616366308269
109.90465863311114
111.09020907404489
106.67503712690021
104.2242907592465
103.2023405103668
102.09040690656968
103.1337369281154
100.51858857853792
102.9282375273508
103.33237654588642
102.60520923877726
101.68551799181789
102.05217867513592
105.38881857363172
106.69388994707633
109.73622024030719
106.69956620367617
108.77512080979471
111.28194641990211
111.30801275621252
111.32266902415456
114.5679036853089
111.91983758683357
108.03539271485789
107.90911155278265
110.71843047668699
107.36929462213776
107.0279723819811
107.3737515082242
107.07367371931052
103.7021704064527
105.47715716461082
105.46269380337743
104.94851058199673
106.23537216330473
102.28607932762375
98.28063793356354
96.03625332658147
97.27831504220907
97.31282857730493
96.82613220829926
96.5317868245953
96.54626819943427
99.44293265696489
103.01796586039511
105.07889345597692
109.11302412697191
107.64132571206994
111.080327023076
110.67091704725345
110.88209020735282
114.47201958045034
114.23385716120087
111.11465527885179
111.13784151323533
109.16956261110504
108.54841791735966
111.9545967928142
110.37876511234961
108.60819329779622
110.01704142168666
109.97491470893728
112.7898654642142
111.80401724501274
111.54260018842635
111.49324671561425
111.5999684343072
107.93572965712673
107.9466126315084
108.13205987216548
109.25906333517162
112.34554433338518
110.4245382016155
111.19787667401182
111.79364574892233
112.72076604134728
116.48703844873674
117.6733709113867
116.33602342888861
115.36036968409239
114.67768488406675
119.16234948732733
115.69176900109113
112.86944270244092
112.88113336114803
110.89348580144375
111.91838846022405
114.6026929539649
114.87822759495157
114.7603815995387
117.4988435477037
113.09816892952892
109.24498873268128
109.71293582223429
110.09540507427084
109.76792198427924
110.53008413187841
110.87893668408144
112.88555701142015
112.77907785391797
114.63664421622393
113.85505588941933
114.15378931315159
114.10421207950182
110.492345424181
110.82201228027853
111.14424256522396
113.68355090395954
110.48723644073402
112.87175047373366
114.40440253428173
114.50105953037371
116.85340593202746
118.54435851069823
116.19724875581363
111.78313987133858
111.12602020665953
111.1099191886862
111.08851112445663
110.8009090591546
107.56313399308918
108.38259923040849
108.01279417517704
106.00770003831359
108.98424831973774
111.6351216707977
114.2514283727081
114.82696556119451
111.70401471078922
111.79000964212737
112.58231951109109
110.99071864706613
111.75621275769846
109.49900940032221
111.2144909325078
112.91031008754612
108.50434508347324
108.44549111461046
109.30112879026909
107.46707987573541
107.74665993496122
108.06415158472855
109.25169629276223
105.11105339800731
109.03566036048807
110.54715202346031
107.66108470519438
105.75546533163498
105.714238726605
101.69923508580796
99.20188236709512
100.05111787856603
99.2018877775506
97.82697161440265
100.67476957450249
101.53223532517501
100.84223767725571
102.7436882230308
103.64502405216263
103.93186596053935
105.99863037591378
102.16417485365045
103.20681973167311
105.71280142068888
106.62550152680254
109.92313684442303
110.85914830183205
110.44690031966798
111.2920218318049
109.79200784420965
105.83399724422668
105.0254197386097
104.48482185701423
101.14641717293001
98.43386053121128
101.93703502167124
101.7520266506822
99.86039600638794
102.32764504827577
101.26211887395725
100.12826627301253
99.33290114752023
100.23384277978488
96.46129410638699
96.69830006012181
94.97722650118904
95.72975608555778
97.74908326151711
96.94221763428709
99.59611730487634
102.40809459907884
103.83150983705147
101.0717550411371
101.08992152870083
101.10955171499454
101.11988002358459
100.42594014993509
100.12252170678511
99.75334979113511
99.40535310060056
100.87212215386121
100.50525877417631
102.10420063789347
103.49196292091305
103.15873096293285
103.52410800153
102.28178111712117
102.20596571169087
100.85523176399236
104.18161461803122
101.12402726682477
100.6385425628522
100.4260024193917
98.26662319139521
98.42085509850354
97.93253563017538
94.15722929890373
95.16819875748992
92.544325742182
90.39993271013236
93.78204718323661
94.4587303034287
97.12413133428623
98.54810024557494
101.60190603138797
101.00442640151893
104.10088677064779
101.17904354640046
97.92338936453777
95.94580446400344
96.52202324581803
100.19837125502738
99.86758887017872
97.9126257484759
100.9000498457918
102.97523032360799
100.42588064391501
96.47198049891554
97.44214766802673
98.99296711617725
100.46725331770958
100.457153632837
103.89833820463441
101.37046825570116
102.0143390322478
98.87111214199943
95.02070836539075
95.35476565390073
98.09766723099436
98.82580485359846
98.95846486132119
97.91033865817339
96.14078910401525
97.6262745870481
100.27084338948575
99.52816007218324
99.73029719090924
100.63416198283464
102.37461140582967
102.2895367862702
103.44389635368529
101.64311523807582
105.65794625540661
101.57733679575675
105.24308455723795
108.42744489078781
111.73018759267435
113.3316094881362
112.5582029212051
111.14755872648524
108.51019194749131
108.27490041180725
105.36671174031838
101.3570764995008
102.99872434347843
102.64178375470318
98.78572540085284
102.32549170029893
101.24386664442612
97.19506670057407
99.97417478979096
99.08310107978149
97.54108814047918
95.63951372627666
95.75397252595799
97.71526502500222
97.73156405481879
97.75146915982045
96.46821781740671
96.64814898564337
94.19897934717359
97.69587823177208
98.92403413996074
97.38532392753653
96.27551722009422
97.9202998205067
98.40831680463673
98.0076006738522
98.04216071165465
97.216731253518
94.61706560494325
90.88788429305532
91.07807318833058
91.12436098774582
91.13461645759676
93.20149451919661
90.83282025665213
91.50737363513517
91.8078690068161
91.85806214787547
92.32940404443512
92.51571963168107
90.68100606789157
92.43051802113439
93.52918413117293
96.39145645671498
95.98305960465493
95.88382092314411
94.68471659582022
94.95878834638836
91.61354402743342
90.96165401978456
90.41912090676995
90.19643984476454
88.40809359023149
89.57672051979061
92.74784564700678
93.65751339738594
95.44945642173673
96.95477002889056
96.25515505539175
97.32246346683088
97.15211522413179
100.60351412357721
99.46865076183369
98.59561867022688
97.45668014156581
97.47188949247801
95.75097621026029
97.67026720308832
95.21037163229535
94.97014436615997
94.10009483262061
95.09545687312777
95.12508180769791
91.573591292713
90.24519579301675
89.37863442826963
85.95790668999489
87.62974979785687
89.43052592941586
90.9544729738036
92.22899797376668
92.34738281406993
94.76998516570191
91.01860732619517
88.82882758590219
89.0194410188587
89.12834903042751
91.94936583776229
93.35945243411528
91.70511369180252
93.05739744251706
90.26827989232011
90.76232902925886
90.64955882031148
93.2075237449063
89.81856390027785
90.82290414772669
92.2553502304317
89.29409698770174
91.4223895960403
91.1373522179149
91.1007965090411
87.81928739692012
87.72440857292396
90.3397613649168
93.37138513278362
95.26762830584849
94.66749121922192
96.02863874130989
99.4221685056402
102.63832186863485
102.7728459213286
98.92274462510073
97.63815599397441
97.41323153014554
94.24448128155575
92.71499589495299
89.8109764185947
89.53402997147585
89.17327406098298
87.16967176869635
87.63067783371467
85.09339977388723
85.75122247306221
83.8522559171427
85.68568142871361
85.81140732941087
87.59667171336343
90.80154588809069
90.70220807570558
89.36145109751546
87.88559996777985
90.02409953808673
89.92902381667416
90.48702457851451
86.99260843303507
86.88281330506717
86.89307713089543
86.66836491085623
86.35129119167323
83.09665761639764
86.14581758572675
84.50619346766499
87.10154318036699
86.72298728387892
88.35038085567108
87.75878290300487
89.04341748084168
87.7425298912009
86.82923150380823
86.86510191962985
83.75233899654268
83.39572604786625
84.3684141823167
86.58666777986858
89.45290433942273
92.29694910650939
91.90427527780447
90.44135213833978
91.01221899146056
92.51950312670995
89.97651442366998
93.3517358641198
92.06398230532214
90.70229539125417
89.60239019225084
87.93252806447893
84.81248488185571
87.73082411977441
87.21843523454437
84.8016356561806
85.13390943659127
83.37186359190913
86.14165548266217
85.29980166057352
84.1013558706884
84.21931329457969
84.10421131296958
84.19995914587713
81.83599950390177
81.78316810001533
80.26937275952572
83.24292826121697
82.82495575994396
82.8424141832689
82.7840842978163
82.12020785649632
83.87237603990252
83.89192214849479
82.51713341666417
80.26358026828574
77.62663419689301
76.31758456499252
78.38852917844937
78.72516584251939
78.89994819205931
80.27819482213364
83.15468266659602
86.18984225578947
86.06117343690195
89.40098131680597
89.22154119175723
86.96414494324394
89.68823269925699
90.09250386556396
86.92814183685702
88.32912021757842
84.95223341731567
83.18851160479352
83.29331327124584
80.21721893142977
82.98923067655967
80.48085641445492
81.68665745822167
80.39478704533703
79.71873349443464
79.69711246495227
79.68713742345317
80.65137279025518
80.55310911784925
79.68993066396888
80.99037632327938
82.08387360936592
81.75837265710425
81.46592690909516
79.20007193261588
79.40948251532919
79.44541600190678
79.86930918336643
79.8586894403974
79.8673991144698
81.67545309332256
81.55417384865065
81.02596304990084
78.8358911671115
76.88645175503426
75.8785054867515
76.52240426188385
75.17108825080172
75.24699032074743
76.66329758381526
77.50706620447728
76.83024077995306
75.59314015932455
78.13224550199413
79.85467379248166
80.64574683338783
82.42789750105439
84.36707179396288
83.81776602716177
83.14485305810138
84.19142932298762
81.2223058584806
83.67123575465682
85.74737437630708
84.83694689129287
84.76637329908051
84.71845267990447
84.13552425985374
83.52849287444077
83.12365441452405
79.97354789370053
81.85765789985034
82.19014096707119
83.5800224306642
84.48276668868317
83.93819064819844
85.29496772882327
86.79458714661182
89.51831294951776
90.89349818863187
93.05506201450262
96.14930777442048
94.78222584628364
97.539126098373
96.75017538717759
97.824611259476
94.23772656813082
96.13000013091158
94.56731704107064
92.87706936125076
93.10139776409484
90.84805465711474
90.49648774421992
90.6275070094869
89.7538522881198
90.49075111642902
89.78641804915685
92.80910471690196
93.12158179848448
95.52438369730977
95.61136413371743
95.22438433063813
95.23473353309564
95.3488064515351
97.0135733478092
96.99628012194125
95.34296790790397
94.3631019380498
92.07877401983619
93.15223971126574
90.85311097324366
93.50793770026173
93.49686068667583
95.56053370004439
96.18446387422651
96.71968603032819
96.58977024716918
94.54293027484046
94.33209683968882
93.89537195810219
92.732021064323
90.45389813008346
90.56824600959645
92.56416808110048
92.46459995158388
89.4673125252591
89.2762173278254
90.13264800413967
93.52017157081131
93.87249679293443
95.26667355310596
92.23457258870258
94.16965421544096
97.64722577290856
97.02639328189036
96.88765113787068
98.59856594997179
97.10311889259177
96.37345250996225
96.35296949676695
96.64653978953065
97.535468498551
95.89125546533053
95.9278107221101
93.33753026382523
96.79554866840274
96.74247244354709
95.26754749530068
94.25665587462524
94.14187115954749
91.843668949491
90.43575507801222
89.92295705541984
88.9910446822688
88.87257496192244
88.31454318914489
91.03991708324368
90.31856910845241
89.64773387684937
88.24998024885586
90.83203797590001
92.58085566813513
92.88683565893615
95.83141290055607
93.39683998791257
93.3117634196839
92.59782295467164
95.23363911842489
95.29483699088271
95.86818367278036
92.22536250563368
95.03451878405262
95.14620338509052
92.71014491378237
96.24216761120067
97.24709352809502
97.99681477527194
98.89520809265329
98.93955635284925
98.96591960708619
98.51873819566607
98.64232554985902
101.19477224681695
101.50243247916934
101.24300250803527
98.24819282318907
101.57929953141036
101.78353195927933
98.42968804593347
99.23683717756246
102.40111026848675
103.6826530169786
104.54474370787695
107.39710619580904
104.0950114507477
103.1925781534331
102.19075460190143
103.23306503525154
107.03668897164192
107.9734365761238
110.4001970627407
110.64544639509036
106.37222042277806
108.36921878876842
106.53632437183178
106.52212218959589
106.07377851901937
106.22815517250406
106.95336864289307
109.78302670008844
110.06246095143571
109.60082413981166
111.69837718212764
108.1412085721658
108.47505437979383
107.32513804391367
109.13527546269559
112.2365670308105
112.18541592011715
112.69802765767407
111.75936729159662
111.08066920377155
109.10733351532191
110.10129838809013
109.18132563012138
109.19282129958653
109.13072910593536
106.6618096264035
103.7144079999208
106.75888846292241
104.51349735259832
102.29780684386066
102.8189904698468
99.24258437177728
95.8332200400595
95.73093533015758
96.26325321770301
93.61802848686365
95.4655846088411
95.52592971363545
98.47928795484162
101.35400274066376
102.87665231568342
106.62425773540048
105.5095142008853
104.15933845264792
102.47711071771006
99.20562304930186
102.19645253060638
100.06502143155642
99.10375886492174
