0 0.0
89.6774826743117 89.20721486785555
88.0801865100338
88.59691465531986
90.0882341020471
90.24097291657141
88.79938058815094
90.28705581043903
90.21177443710954
92.5240445840076
91.52766730858603
89.80900138529609
88.39826335561627
91.60829131051692
90.73697386694607
90.66515669314914
89.48870267119284
91.42368441947865
88.67334319864085
87.74232216627
90.73109399691363
94.24669810851748
93.37230054491332
92.17581271106457
91.11585472420207
89.90723825837483
89.56988022083594
86.28858726878963
86.27540397662473
85.16759127817706
85.1790830339049
83.91794277522995
86.36990883227539
85.84784182392998
82.93564940221644
85.9961130899703
85.97759940984025
87.17433052412767
89.60738815016904
89.47323834389567
86.02509894932732
87.4588708425234
86.98870069525358
85.99408009724486
84.18583550673904
82.48888804579987
85.22853688698163
83.24466473614854
85.73917530616485
85.66063113368382
82.95479471327879
85.58540410193824
85.55794466823332
84.93105249030806
83.80141870612323
83.22388909206492
81.42227457227852
80.82208863451196
80.81058127580769
78.94438588896048
79.07318137280367
77.93713409070286
77.22892697570059
77.57172387468766
77.6217748122738
78.23495590310611
79.97664250104485
80.66356000666391
81.60306305930389
84.7299093409138
86.7349445323933
85.99264242150292
84.61347566531182
87.13489076152577
85.30892524218315
85.52652671895228
88.52948815910507
87.27802316469632
84.89833529783296
84.86684887761082
84.95312063328024
85.21516181877321
85.75408944366762
85.00592021708145
88.25235245101578
85.02426526322037
84.53398423646996
87.41066455594299
84.337458782603
85.35140517592897
85.23873358337701
85.10421307803176
83.42091437123366
83.50978501619824
84.02026597584657
83.23842325871861
85.1103455471146
84.98056878060932
81.83826231117699
81.946468724275
82.7870747173575
84.43969206979021
82.37209613900717
81.79013204552348
78.90568994045219
76.34244414672969
76.32998650527546
77.3595473609864
80.31498908461235
78.90610530102511
77.91844386972389
75.58469728461658
75.39694120408906
74.05787102480346
72.7042337889922
74.1834062224704
76.0316896839367
77.42668175782492
78.11739989882989
78.37747937486812
80.38423194377363
80.68433721072584
81.45843419952881
82.56693245325809
82.74647044387174
82.72007020852345
82.77463887767075
82.75679958044034
83.07056479192835
86.32190189069603
88.8630117755896
88.71234071831233
89.95851829574899
89.12570991553177
88.52149295519203
91.71541678736699
88.37316069496129
88.35277999872173
85.11369376298583
88.12916560525703
88.11128748230173
87.95030494466553
87.43099561122004
85.57648282069529
85.35410194813774
82.32054502702235
82.25328161076241
84.3250626257082
83.36421135861379
82.8150071001414
81.04053077280369
84.23790140566788
86.08934675193699
87.00321995038385
87.95805894402257
88.96258564010748
87.07916102159432
83.93224404800061
84.49854521553718
84.83653478981932
85.79979609124797
85.12646693397969
86.67640349881785
83.258208586814
80.12074870021476
81.76352412564907
82.74900488113741
84.03322570406668
84.5901434545276
85.06149829996644
84.3271541201548
83.20426708230654
83.88313020583522
81.78198547762177
81.8145647579791
84.40981140551317
85.8932026220074
87.20009638848956
88.04823355205001
90.16057016659214
88.84045373603573
88.75160060744201
89.2735280636796
89.32134496812009
89.69781260988259
88.16390650719346
89.31049186497698
88.94956823345873
88.24151839657434
87.49629896119683
85.49890224310468
82.19274817508709
82.56286004290126
85.263297860012
87.22351745276508
90.5515552008226
88.46131902557141
89.68052913632148
90.12708777522833
90.56473815604802
87.62582060751473
87.53125769157064
85.59736912904395
88.45922674986446
87.06163133841898
89.57902827860502
86.46613988352735
86.8585593443624
89.60293797752486
90.34288124546487
90.65663066354416
91.96602674645364
94.48006510942653
93.54762478975255
93.63990531775842
91.66987653546279
93.27909239784589
93.70183013006839
90.84489676894269
92.36480239815468
92.92924376011547
95.49671160809126
95.56142705498547
95.52557605143657
95.55445131266181
99.28144452425644
95.86742673620383
98.75925015957566
100.36412934483232
98.751729935056
99.39130666680116
100.6208910435851
98.78388410501204
97.12984510576115
96.68250169187664
96.61207257975515
99.160797778537
95.57101969505713
95.21631190453122
94.04164902384744
96.84107501857108
96.17498169101732
96.4383551418329
94.32445092978769
96.75735034330614
98.68411234402143
94.79204185836826
93.66993208882093
93.29653478177585
93.80047079032671
96.43065836654019
95.46973900076787
93.83563158418735
92.68008388675318
95.82392460317986
93.56425200345093
94.38358749138679
93.68159692641989
92.2138132463073
94.022940727105
90.87967673457494
90.90139516019738
90.39494279188379
91.03243770971002
91.11927843503621
88.65562651572021
88.61771559664231
88.95978860457345
91.49110572925909
89.7367172534515
88.50111629620669
88.27635922177014
90.16250341674127
93.39595343355111
94.10456830478118
93.40179705789508
96.24054356732205
92.75247371827066
89.56689701722537
88.32596691165585
88.48906874206688
88.85692522242692
92.01713785729926
91.95177264037598
92.5665835728235
92.29199603711406
91.95739288499699
90.14232630885385
89.55666857938766
91.72765099599717
91.71496225943983
91.78629964356205
92.26953826145808
90.63921304196734
91.00786302629926
89.96604573428006
88.41272719750108
87.42944174183391
85.66719653716484
85.05635113681204
85.48776052187239
82.29906703478888
81.25866176033134
82.80356055107613
80.99763377025968
82.01603384744296
84.98645239792452
85.11352925626312
87.02524123444323
87.23443149802767
85.68432099335446
88.43707752891106
88.47093989139304
90.01778758200902
90.02720994040061
89.25085182211058
89.37006943088824
86.19001048471851
87.96251246216676
88.70537039645151
90.95309510194983
92.93180424683554
92.9131569430728
89.47862538891643
92.02562016408257
90.61559034438511
90.47371590987224
89.31431376486293
90.61325666042127
88.27466993052627
88.67176840865359
92.06033939476099
92.89863513733422
91.50518235345966
92.03631571343952
91.35008654795709
90.24085459527542
89.35073901528682
88.80182406867324
88.43542282096418
89.43128859231778
88.76969752683814
85.27514470919058
85.63087920907861
85.41807968786007
85.19637718641106
85.44365975027452
85.05622033754746
84.34650276244334
84.78930237769052
84.68616539081867
84.5379998528375
83.09398510344407
84.69326785244758
85.43881454902852
85.6141925739404
86.19684245044421
87.73447714395708
87.82003795010948
91.26700719120811
93.32590699411192
95.01965097473641
95.19881084191577
97.64038326292858
97.62214049091396
96.56163489897122
98.6862276736053
98.56584086724604
98.68594227078805
98.22172462564004
96.8940997858739
98.2462489266464
97.97728823981419
98.02860661586492
96.87436997444485
96.60535575225786
96.56211962300786
97.36904073292884
93.82500588226011
93.55019513464721
93.45083205800607
96.89825334577122
95.77812071045975
95.39630388912502
91.66529941403083
94.52190880160127
93.30512116917245
90.96813671834661
91.41793369494299
91.46826137794541
88.35917345424028
88.44234821968521
90.7134546492365
93.56734290420408
93.76625688953878
93.72931780321521
93.25656273186272
94.1868299923206
93.06344647648619
89.89343227886256
91.61484028873451
89.3384574846295
86.21849362776956
88.0174520228495
88.26723309152317
87.44274725552987
85.65988493485001
86.49642746688164
89.20096364133762
87.68081252978666
87.81671355620833
88.16441585274637
89.45217845844658
92.51002738171026
95.94529199089347
98.09923120277732
98.64599197953098
101.53468985639908
101.86254781119888
100.0399736349327
98.78944749980538
96.72428170099386
96.951634788737
98.34342001178553
96.88928350057427
96.75088996804611
95.11435068794984
94.61472552349964
95.2861113589939
95.2240987072362
98.1695554057798
97.35986632279912
96.05494287235862
94.77141322602232
93.49568898950606
92.66718556705484
91.32029369536721
94.47268261070236
94.72926843613362
96.5030896661374
99.0490570597101
97.99066698223746
94.85474705172538
97.7335037271168
97.3210796626456
95.46983487712035
97.28429680671242
98.97468517189743
98.86522241861124
99.88012056725626
101.63535220410213
101.76421676405283
103.74022379147787
101.22980078680372
98.68166697364414
97.63797352775178
95.8887866198672
97.21072513267013
97.13425296322227
98.50160629354397
94.78934954217085
94.07106063625855
93.91890625598303
93.76627633830833
94.86555955291185
98.37927579287962
98.56818454069347
101.38348674002906
100.49682391236676
100.51221822360027
103.74627668042358
102.71483171189936
106.16510875725865
105.72955482276734
103.73090452360123
103.29960319666178
103.16567529983544
103.15206950782232
102.40314002314406
100.86733722665423
100.84221666699817
102.54798888534071
102.52901296131469
101.45066100636865
103.36637138085395
103.34834625808408
106.92361680058518
105.50976918562252
107.57818111265587
103.56106179823476
103.53836730185489
101.14559612362761
101.21609740061477
97.31314348318398
97.63129372485493
99.30143203022206
99.81455654890206
102.36467143022357
100.65751296277907
103.01335676118627
105.14535707254701
106.43043737963539
102.5101750219734
99.66795488870883
99.97888984192309
100.30379731714355
104.10360557644236
106.3884969156399
108.98809456423285
107.97680971873471
104.10219048854881
107.65785003154883
109.57627146720384
106.97372860412557
106.93960535471342
103.61243987373865
102.115408165415
98.70309961931477
100.8966692214445
104.33854495006048
104.40652816847852
105.58092760237612
102.17686150387807
102.27419919846236
102.3298001909662
102.0299391864604
103.21566201977247
105.34194216586005
108.99769173481877
110.15325138943854
108.9983964548324
108.86722350565744
109.92521314358333
109.17536092080132
106.69116533331076
104.36188576673332
100.2836094975103
96.72174209149959
98.43189246174657
98.16266410013448
95.83416989383709
95.47973505813697
98.95716287223478
99.25923854934472
102.10860878884984
100.09945593323171
102.30682077183002
104.54090143046739
106.37955675917638
106.66624708120095
102.60647450982204
100.7904649192641
102.15801629406461
98.99801592051966
95.37008421711805
94.69786434637457
95.09638832270383
96.089988504617
97.28102075246773
100.92520808003161
98.95129336950981
100.79313906503235
97.5908387973577
99.24176794099418
100.64977379346703
97.50903513609245
97.64587915715784
97.5858616839037
98.52424147295147
100.26020559161712
100.3690032897149
100.54846985829778
101.56864673928082
104.3791276540958
105.53660790288086
105.74723628630748
102.43004781666656
102.90227615363692
104.77012515213539
104.38322356169458
101.5666385512227
100.83670571720879
98.04486035962715
97.18995095466474
98.35158051316792
100.4202771460671
100.83416595035548
103.97503122000036
100.04551478136219
100.80294940383902
100.9507496047644
104.40469294712543
103.0881927817654
102.10249016564724
102.69794272441074
102.71752578593245
103.03126443211448
103.05415378168873
107.1545527234938
106.9297478129522
108.45921399910273
107.08856181711533
103.64927012259388
104.86154273528545
103.2068463913556
100.80085615421955
99.48680523877212
95.50713293749126
94.14442024556935
96.36187522706254
97.68007744131413
98.25061428705583
98.78354364360844
98.07417110845158
97.11335341289796
97.72103955651521
94.57396481664603
95.3132123137921
97.30983163625078
100.07304287386144
96.80015114457596
99.24615940278125
98.1829150650227
98.7261299302724
100.81636546633612
101.63197476360924
99.14178159181931
99.03784264603699
96.68828018299124
92.99579625907343
93.01550901054874
93.18077502524679
93.94718899204103
94.18129993226701
96.97917031655747
98.70853651986828
99.14665824099457
100.1083094152875
98.17783475743576
99.28984919426176
96.94209496477997
97.87193302561562
96.64432985547504
99.74354560928695
97.67629219278129
100.53410328310446
99.07827626772236
95.69542303157286
98.55696900994994
96.71565809364914
97.28558784933304
96.72849990547766
99.87660261423183
102.9657798578241
99.29443372502615
101.8506061087768
100.87067311846737
102.94688896596777
103.27166530939041
103.3676095453896
103.3561266215251
107.0676600008213
106.28250634858324
106.29316626984114
104.49825764219307
104.4617426749841
103.8282353754377
103.80260181089912
107.8124090540745
107.11700633747168
107.14429880148381
110.3950739677386
107.94894866054612
107.2264519783304
104.97539629841162
104.6480710401441
100.78909970822522
104.82589353682839
104.28969699336201
101.95657369245676
102.3483872169675
102.03611454692594
101.97453237198435
101.51115274496446
101.75989220664164
100.48992974620073
98.35005661576733
101.00666306659025
102.91033613377773
105.78842426008582
108.51212825254191
106.90336185054863
108.03260315325204
107.539170983812
107.60014525781492
111.22176026650106
111.17407679085746
112.72734338679368
110.34250096433519
112.62189092562292
108.58187195399015
108.82315297483267
106.2974537657253
102.23505805452841
103.11993275629322
103.84774351479028
101.15837870492638
101.23969329410914
101.93148120543326
104.91551825591907
103.86898967573674
105.53235956906698
103.85334646542337
106.10069912630031
105.0147501521155
103.46368258927282
103.50843435595617
105.43454766838262
108.20076445613063
109.6942224636046
109.59051658013506
107.98009098262415
105.89054494315926
106.18308029083116
107.43308271823209
104.21981175109195
104.7336822813228
102.88328803485331
103.00565946243651
104.6058899313348
104.30038658310545
101.8705031789799
102.44978189172686
105.86577185425406
105.03593889376779
105.29342857932636
104.0555472292877
107.06105709405726
110.55151357488644
112.75614507608458
109.43338404159351
112.99221111070311
112.3666012675396
111.24889622302257
109.27411653529056
106.0805285221836
107.57871928901258
105.29627254867746
108.25673625317062
105.09105230755259
102.97798886082181
103.13155507551814
101.87732163981288
101.07894869476092
104.72744117009705
107.44202232615821
105.77976601024133
107.70586342373674
111.97170193265164
113.50201770892383
110.66658049049194
106.99266778842254
105.10888561082568
106.57868187280336
103.0108033984065
105.59378805933673
106.0756758229908
106.09064582568408
107.55639994040547
107.79125528942131
108.2996679018536
107.86705199196768
109.50916204996057
107.71494703656629
111.46562062611467
113.81717533580331
113.0958933266067
109.65513894398222
110.29634096322575
113.67499457628682
114.24020335510691
114.27445916558852
117.15130785446357
117.22217924216783
114.05582193761552
113.7987455857001
115.2050034937603
115.27575409901058
118.6810264055927
120.50258740800933
117.96917623797266
115.0313615438976
116.03745876145477
114.22727376547402
117.95415777241477
114.88972646784659
118.29282970128465
114.13076078319135
117.21593659851587
117.73780672996995
114.00218209052724
111.55132724462744
110.82670143043497
107.5845757516678
103.64496547687727
103.61477069000306
100.04437579022365
100.01394497740264
101.672054491562
101.21096413927708
101.32550262474051
99.80356060605673
101.54213598461176
102.10570519521829
106.10044962549826
108.96695052674143
111.60488943234296
110.17491707355127
109.87408054945601
106.33275740144316
106.41554637369269
104.45467941520803
102.93347631518782
100.2343366290129
102.31732359008211
102.18246709227637
99.2804770726483
101.44107178049018
100.35148319783858
101.29002748367606
101.3286562050324
100.31519390551456
98.47838785191723
97.65940954984812
99.16574265815436
97.73038872654563
95.81210725951588
96.41862191919537
94.95672140465535
95.17024223800325
94.94041410043039
96.9735594499533
97.37826990189949
96.5134664847323
98.23731824654261
95.80162289414402
97.64748923647417
98.38334915577194
97.0250485957636
93.44344639359265
95.12921177529319
95.32845922624085
94.02176116452547
93.54235106461523
92.21140852331851
92.08046817376191
89.69552640988667
89.95166439355212
91.82827103657988
93.82849730247649
93.46691911374907
92.64540286344426
92.7233218477085
94.59882901784228
94.10402471834009
94.18625957293408
91.66936157140586
93.65760325027101
94.03918401746824
94.53454422044098
96.08909994694085
97.51092347167635
99.10689563041049
98.88231656714771
98.86239296859655
96.5971610257369
95.82166007094854
93.91341692043508
93.90402533390109
92.34196915853998
93.52512277104049
93.1255299608117
93.0918489358938
93.22095510733688
90.67745521501077
87.19804494597874
87.37830997606099
85.48426592656861
87.74410542945162
89.8054516493945
91.94721267042524
88.75674759512633
88.50553611071564
91.36448077793811
91.59644678475019
91.8359860144275
93.61334541740564
92.25618673126596
92.65543984487246
96.06951201613852
93.79706269305325
91.03866036382757
91.49459237449086
91.92187565732223
91.90725463606337
93.24377799814333
95.75861117315672
95.41032729758429
96.28941457017375
94.27885284251954
93.05262151505819
93.07186358651792
93.54891541910816
92.94752427112451
90.66491183410957
92.10855800384624
95.02640617824079
94.83283285942753
92.00751757470395
91.98868946850543
90.38669334991516
89.30861762750148
92.42305672195732
92.92152117207462
92.9083369281777
95.83415848430016
93.40976106461964
93.39895622546894
93.12076104887375
91.02685735979945
91.09565729712105
91.06118330177647
88.23783559607709
90.68338395720652
90.42039166574627
90.51480456370402
91.23497233532174
91.49954515439737
90.85034018444794
89.65566794597963
89.69108423766271
89.755449771308
90.94657364023129
92.11766811311968
89.82227243471458
89.64388936631163
91.58645810316263
91.62035483543168
91.73140690103976
92.07617377915854
92.31911641115936
92.9394690230513
95.93258866990101
96.56520340851087
97.0205246522807
96.10197447362687
93.6107282222626
95.55818377612486
94.68696025378662
94.07866787587362
97.00381593432229
96.80310237388079
95.3122933972862
94.08892345827722
94.24210045422147
93.99987983656492
94.1848932397343
93.41381183507443
93.73657852666389
97.41209852091195
98.6125405922019
97.11624654735155
95.76300434605395
95.06343116538822
96.8971974548485
95.94587235638701
97.00628034563584
99.0643538016291
100.50734193683967
101.35551813698517
101.05930320986843
100.94351151740048
98.05144957442715
97.35643603375355
96.20149432741894
93.56385888527714
94.68934030788893
98.45824242040658
97.5928739296623
94.37129348844897
93.30404218754033
93.29046968077692
92.99294743738308
95.0933872736001
92.71562216339971
96.11240897348961
93.6305347839907
93.66428891368845
90.35568950124744
90.1880230193321
93.01242650698843
91.63598425814743
88.67636068646873
88.55523450957823
88.50961624695768
90.06547135179017
87.44046160689096
85.30097097115758
88.34616404420504
87.79502975382648
87.70230242303994
84.65116091764327
85.11612597043082
87.00854382860419
87.08763380472712
90.22104471670495
86.89950589729496
86.4060817741118
86.99407497012074
86.68403026462683
84.6886902638362
83.55524640911233
81.55609528776314
81.56793957057565
78.37391456736937
81.11497887654689
81.1377553794854
82.64801965240373
82.85384763969037
84.9711355719641
85.23179745375245
85.60566624454967
86.64355055931733
85.23731414153856
88.59143525293136
88.89077888539698
91.5466266185796
92.5908527169846
90.29409804163924
92.30052582187885
93.4433041288618
91.52213014802862
94.9066752594993
95.19652255821892
95.2195836119213
91.9612877188512
91.28520710904132
89.0638987533841
90.87283905930677
92.94190670359517
93.35754828903814
94.37454361242592
94.8757005091562
96.44772300723372
93.90674058325054
95.95254600774145
96.342482103036
96.22460641180835
99.57339487881372
99.21159011561257
100.87574015232939
97.4372447937415
97.15888076101372
98.94098246270495
99.08252813751173
101.74691542488812
102.88926668802468
103.34641845121183
106.94311236630132
109.64345229770261
109.7857817471569
109.84288952535367
107.07914420395963
104.20251884740453
102.27452148412763
101.4666822946311
98.7184205898013
100.89719054970965
100.99113198010689
101.43284576918397
103.9712934854156
102.02600573344743
103.80373003161982
107.82620982275435
105.50694698138949
105.61840002124649
104.99931498115174
109.11918279027839
107.40941507592713
107.33484069659451
104.94232852393134
104.93171600135017
104.87841589937322
103.36418148663446
101.8172611656451
102.78559215477436
102.80663501674009
100.56475033204647
99.63803923639097
100.81665652369885
104.70581743100833
102.73709506995081
102.07324889234013
102.75758406463399
99.72678331641852
101.66602643458283
98.44374580103216
101.84029843282985
99.67833616350532
101.10844545215402
103.27259126203761
103.04920706818629
99.98010814457676
103.52504265046743
103.7707140833764
103.34549108168184
101.12529658446917
102.34694351598928
102.59280821849251
105.68268104708434
105.62069031353354
104.94019779318938
103.51510756535944
104.3106884256444
102.10899632716269
102.05237518494297
98.5587918094943
97.2482924852233
95.32268753877871
91.7180373988084
91.1601307301138
94.55676476001278
94.43825008113173
93.17121355360315
90.07952647907489
90.66110509571723
90.94204438428939
91.13538407200038
89.4926179344182
89.97582768521063
93.10853086976951
96.6819056790479
93.13694096238947
93.23704760336093
94.9191075543167
94.9813723561022
96.18843307938907
98.98510565382995
102.13521904874177
102.00881121895793
100.7703040613885
100.89325853766843
99.5134297217127
99.39884737154516
99.04024014829182
97.84442357102195
97.69789965885285
96.1569903141263
93.56798107028588
91.14639119041236
91.15774312849965
93.92999670909518
91.42049891947005
94.82732551527472
95.46790816375393
96.58413479299534
97.26047744937878
99.77721116649548
99.63118276012112
98.65223819590015
95.39922646651407
97.7082264934618
101.25014699399276
99.01238739080756
99.77135208042594
98.23648046924299
98.20760187532618
96.38152748612437
95.98851932410166
95.93009211345084
95.7324931558753
93.74607052358884
93.37749487818101
96.35275467545534
96.32745721644771
93.10600214050099
94.88424185166156
93.28629079612244
94.38169136330963
96.2783519208656
96.29767718049735
98.14680624574798
101.33291239041525
104.93207882886216
101.96864939439989
99.2083568539192
98.86035647301216
97.7821744569166
94.98290799870351
94.46927175865913
91.23980906300896
92.28295618373004
93.35682937540915
93.33993434289212
95.79121080070469
94.69694062726289
94.73387278322159
95.19957502128614
96.74343850783082
98.30424708666884
99.45231043975419
97.92534296927286
100.06875478253939
99.17701040337401
99.43075075995266
99.96668014126878
99.86776557706833
101.96907180126207
103.56067163375697
104.00531292075246
103.40345359755884
100.66097517919914
98.6685544991478
100.20369030723917
100.04082280214357
99.92995420333008
99.94411268661958
103.80965831424253
103.3509576176375
99.99676696785457
100.19625107461546
100.99540378991466
99.14034816851682
98.72931689411347
100.00363595919119
101.19611608245299
101.53921738244141
103.95322083621879
105.05419067034796
108.01172529074171
104.46909574975268
107.90665000277481
103.74919834728061
99.69846700289435
97.50740298817615
97.6801403909051
97.51677717020637
99.88106389787153
99.82616496478511
97.93017300924454
98.36094937084407
98.00070960588276
97.95241265687797
98.13440496369775
98.61270570844404
100.81852327872375
96.78560430642052
99.90998516069382
100.75470402489879
100.9530883424506
100.45988901069232
100.72360640073425
103.13616828724312
100.74299615990275
102.83527645143253
103.19903206224325
106.22934903938562
103.53632522177088
104.24449563037552
104.05162962089248
106.52759054846757
104.79058424382426
107.08544287693532
110.32835895943221
108.84712039684005
108.70741816484035
106.26645529573736
104.99262880626165
106.42560590474106
104.62328047082782
100.69037074240129
103.31037387666164
105.50975146216673
104.54298867061775
101.60896658140089
105.54904873308523
102.25720670311688
100.92097826365102
99.37821070624678
102.00900190678054
98.6427646825664
102.46325653892308
104.26837032963407
106.16285827312971
108.42481680601624
106.49240228749282
109.7376170887897
109.76557831378737
108.87910138249912
108.79551163986478
111.2061661489576
109.13323623492276
105.31162964931261
101.1555903573896
101.13811150337521
99.56721169508786
99.59235457126519
103.52668075961158
101.07816123595543
102.02609551119362
101.19693728347096
101.5195001951626
98.1818561054478
101.07717653763687
101.20424680491352
101.74216356090061
101.7056210897538
100.36467399499807
100.5515873148
102.01436021269211
105.7342157417722
106.08892613212436
103.56655878904564
107.48392677594802
106.60245543661603
106.62996320435239
102.63883121079151
100.59295783762535
101.01295454721453
104.18982971360626
104.12159501342899
103.91879936249495
107.4473935606163
106.63377112305625
109.75398593196327
109.39652700613595
111.48974773003093
110.76470323154044
107.07985353394845
106.55852164676058
103.61872247188475
104.2018221549686
102.33391021209562
100.45407891123583
98.90047676753493
99.09599880064303
97.20957668744242
98.81482962809598
98.96224526824896
98.79270024373962
99.31362854297251
99.58988180801819
99.61474885819645
98.7791835083991
99.60425968953994
98.99391886523178
100.10947906224891
100.07970847754463
102.80200552622051
104.14046961535796
102.41639449469535
105.67937124299647
105.66829735881153
106.78192795884273
110.64484059477822
109.68594530865974
108.40849235241774
105.12991244300639
101.90543660481654
102.18665402726697
102.12972560128567
99.03870157967248
97.91464086268137
98.59178838091789
100.96238292547478
100.10962417853413
101.62914076496699
104.87557821441744
101.36746093119696
101.94673347000551
103.78221842508526
102.19228170493508
101.83524958178194
99.75102948417005
101.85169119865618
99.95917062384049
100.39569192986491
101.80453702240531
103.49324239702169
107.30782254353335
110.67148862013894
106.2723890157224
107.43773625443409
108.0760986904299
108.05058382486739
108.0801359929385
105.91014414256631
105.8669972019557
107.78675984862471
106.93360767103182
103.83185186067828
100.42695865644266
