4 0 0.0 2.3510722270796505 1764.6957285252402 1.3421642559567948
94.65699039543522 96.12105500590887
97.09903781314442
95.16795876266788
95.20341322642605
98.10897281093465
101.4491811135717
97.62685689179065
94.54094428987572
93.46833093068945
94.0713237930813
94.84407605856508
94.92155247005371
97.45570963227145
96.4750732470944
98.00187971708611
99.74056187655917
98.92349941320663
96.47972329889882
97.53608335296968
96.74061475243823
96.91435073958434
97.07961997994597
96.19159812164197
97.21547892988272
97.42324820073219
97.3665691310401
98.49550982195427
98.03790882140117
95.85100887111112
93.79000772589164
93.30320908569243
95.43326654079956
97.15287062425539
96.94899555392047
100.57754672017502
100.94359001514782
101.94706074456434
102.55698716259519
106.42894620576654
107.36519669070815
108.30271942907478
107.98893689149268
104.1335302601675
103.51714561909465
101.78044759835176
103.89551436538993
102.59534545285423
99.53342747068605
98.71208060154588
96.57378316953884
92.93451056111937
91.55002071846533
93.62645144998963
96.20943780510194
95.56176603087235
94.50289753922101
92.14675218152317
93.91742718423993
93.87935582113886
92.38968189252499
94.94898336356675
91.9916105988415
91.96909874351817
93.43196711477191
93.61297245321047
91.3804876248037
94.37989232140485
97.27774504659577
97.0787163543818
96.73079885739483
96.70263089348529
96.44647141916386
93.46551817142839
94.77256846041459
94.12200364066581
93.63630858452234
93.07300707520372
94.91691386560089
95.5788458444393
93.93429933672192
96.97991313293957
97.19207193370445
95.5146196571946
94.6552858347866
96.93402149284718
100.4549234062179
96.92303079839402
93.93752958566705
95.9471597305628
98.46209143172487
99.97604767879753
101.46819876649317
100.78536192557739
101.2551259984799
98.84712756046198
98.88390815693349
98.78652030716042
101.12361033833761
103.34309167643465
102.47784035366003
100.25446015537602
99.76863027540163
99.46856429091663
96.75743105297202
96.73957834046499
97.36119536620083
100.76442104725217
99.26325864409613
101.03671085185204
97.68907299607255
99.42271328702041
96.45668594359009
95.73856667104612
98.97098232550424
101.40761606066489
101.76495290331658
100.20049263061098
103.6985557510173
102.40062259893774
98.82555570838127
100.27180475459554
100.94064702621293
100.97718072518634
101.130875253127
101.07574784641812
103.54897323946801
106.00726831738672
109.04053189524147
107.8453097559969
104.45076060826261
104.64069145415336
100.4654014536922
101.72543899120099
103.85026522749774
104.24451767862001
105.05915250996175
108.22926760202607
104.18472593979551
105.31051673306932
101.20219192842438
98.032479060129
94.39374441207849
94.24331640048803
91.367291135092
91.71911583033213
91.66677275975921
93.14459289967489
94.36522431846576
94.2917502990122
94.11513293413208
93.94320863960279
93.57781469920353
95.90506986443667
97.64198368530916
99.8314495696555
96.18147402726883
96.25597382733213
98.56272670141367
100.36524889049588
104.36493173631499
100.5432449797435
98.83396193592253
99.06731402331773
100.23695334339257
100.29368274183629
99.78165770605047
97.7071198399074
97.5584507935046
96.02158783549362
97.83333651770656
99.53970369123267
99.18527965021867
97.54402088389713
94.19882381383276
96.37542430737204
95.39170374989367
94.49110612570145
93.74675092549866
93.75635317225483
93.67825566833577
94.80690121052513
97.7173790857354
95.99269766512967
99.02337852861444
95.19480846234286
98.53818316428969
101.05041133917334
102.78753478025905
100.42942839780943
100.41512404724554
98.65806031499392
96.30427179548342
95.17606459234459
92.46327477823135
91.74550914812961
93.93295125529407
94.24036853711023
94.3896619768955
93.53652036711108
94.60011439736945
94.74361233841388
94.69215680224691
96.42602824449081
93.35750974746706
89.7046857756404
88.62058315090474
87.73285211290867
85.25079368318792
86.74463199946544
85.31962946117252
88.193184269817
89.18776031517157
89.10511932164582
87.6139342246365
85.4912788525924
86.42632797294488
88.04046655662164
86.30817397994251
83.81276943012696
83.90480925487142
86.70557449572311
87.48445837917484
84.55706532462541
85.85529776680103
87.09774949081373
86.46703125823504
89.2681876013794
92.40526816478177
94.97371473354521
95.00841619533131
95.86509306745543
95.85131655871497
92.87726986391512
92.76141722969554
93.39541808937435
92.6165606945995
93.26314922547374
93.88408906152186
93.53711805119534
90.97390569618736
91.27081672336722
87.70278919141128
90.13401810046018
91.59410959352661
91.05903837689483
91.04939028359297
89.5473397471798
90.93573153993646
88.48628862176464
89.10120516845862
86.40354430165611
86.15225871432722
84.8785294852499
86.88286685253574
85.06977448170174
85.90575824081515
87.41850349130833
88.44272030680138
88.81832057705597
89.23603753904034
91.23886347787979
88.99253014023712
88.90376828858909
90.22116409322658
93.38867192574698
94.73896970457503
94.28950946136284
91.8682879287379
92.56001540919866
92.50905104003552
93.10219046364413
91.39679218626311
91.30660236999512
90.9393832929608
88.16379767259353
90.83199212629985
89.3676731767223
90.50188128196118
90.22660048541002
93.61984516519789
94.49655878500643
95.38236557577723
94.44652164412085
92.42894841651908
92.05158828145267
88.86521368082823
91.94267441980548
90.51367129093495
89.3724281872053
89.18149191765704
88.03113772480837
87.8027197344895
87.52565539686603
90.95933679878969
87.99872492704263
86.16360541459099
86.41920460379828
87.92797091783578
88.18233772826056
85.47338302439488
86.3538986989386
86.9270769857048
89.05571047928419
89.07718989111156
91.57952923059212
91.5322703591028
90.88069584631205
92.84773489512258
92.0371712845131
88.6489916723122
85.4309254411638
85.08789349852225
82.1205419059919
79.92738046067356
77.78634317702499
76.30505518328029
76.31463895620206
76.85547101996222
79.50762749514752
82.05631886616563
83.1198380791716
84.25107452066261
84.52598812293171
83.73784588713069
82.43151785758701
83.00242145532667
82.74569692034225
83.56729879271396
86.12875661802278
89.55144907908533
87.28696790352677
88.4104251303394
91.81367668386471
90.29876904807837
88.20290080031548
88.32688026308307
86.24261329344867
87.23992440635267
87.97475586726617
87.78517972279937
88.9854136147366
87.6889057395715
89.03593881530067
89.23486521115282
85.78597482662762
85.91684177657622
86.00895371367655
88.26991167492898
89.16829148950785
89.07544020037932
87.41271683778635
86.88779897057108
84.73785771508604
86.94101324868939
90.09379282910216
90.71420619851365
90.69391775705935
93.22819765441885
95.99176676926382
93.65101044202179
94.26340857034185
95.52271670306389
94.19085841540564
94.56474417729329
93.37369510980034
93.40870657074875
93.91126034978916
93.32820149945657
91.28708879753992
93.74595384091401
93.54031714035081
93.14194780732966
93.12928017698651
91.81694642615193
93.73282698944735
92.29754242673772
89.97515918949583
90.09725522525177
91.29647406235563
89.83982688217736
87.88174829473671
90.12995899760588
91.79432184920684
89.9628484925485
89.7473829109423
88.40397444075798
89.63689270237617
89.15820012450249
89.09237500256813
88.87350814599947
91.10460295485558
92.83459796950503
92.91244671840266
89.60196506349243
89.70033543849259
93.11901384244933
90.73781258338552
90.08256386556586
88.20373564452147
88.04171880079811
86.72278897028218
86.97480211937707
87.82901884982385
87.6158384875796
89.38556965317603
89.45130992214227
89.12658479755873
86.3491143629882
86.75741579007094
86.4828622860128
85.82825611056221
84.52152206264573
84.7206076073409
87.86084700361798
87.87659108689738
87.20419399509939
89.4216402505999
87.35825521324134
85.3965335824016
85.44688372442654
85.48196108278954
84.99921590917937
84.84055150581163
85.72806952008148
87.72238400912643
90.59039902404898
88.3073735240361
88.3691372876151
91.08083892039333
91.36451552964242
94.25484063427233
93.88308990079945
93.76506619042257
93.6948774435749
94.72636491041146
93.9583114413794
93.91357617310044
93.53082966685074
93.25793848244678
93.00899708340474
92.30430249955293
91.27704295044609
90.75903480185715
91.53552879442641
88.5177343041849
89.46556716941974
86.23394378601436
83.75951148481798
84.52412267750256
85.39728568007499
83.29180761120715
84.13514513534714
87.3622130738415
90.30049077900095
90.25344877848605
92.04293415938962
94.56515496608203
97.10152922991907
93.56158534841391
92.36757939828766
92.64817438656958
89.41558117331124
89.37580393308052
85.9211196821703
85.77022741015908
83.13197132719841
82.60400904634406
83.7440620924707
84.06675745329531
82.11457311553491
81.76827844532644
81.6921946939327
83.32418193776135
80.54515925996371
79.33813675124765
79.4479540873979
80.18840990755687
80.19684089081989
82.8417595645782
84.26217039816012
84.27415750698007
86.83388736855848
86.24035304608643
83.78526729966336
80.91928232920833
81.95573177460626
81.78699082252017
79.15439612170147
79.04539013935512
80.74447908843477
81.84800128887885
81.35174963436944
80.47007619095776
77.57886993006515
77.82080441917242
78.7754880786457
80.37245997650133
81.99836644712991
83.6639302262107
83.4527334981351
86.14484236474796
89.3337097782649
87.10918504096767
84.69715182837253
84.8274196137581
87.89586383104572
90.99491077314327
91.2810692028643
89.35693594973755
92.12515866841133
89.8216541286694
89.64812501007737
89.05254840089366
85.84128786069131
85.05171592622973
85.03922633023585
84.41713809252826
82.30279994400954
82.21685550145666
82.8958555281241
80.80322875116111
80.14270533188294
82.0628727064706
82.5511591276112
81.70750152970733
81.7675542178839
82.68602677214635
82.49864888411729
82.95413477204137
84.04982056837456
85.5488414867395
86.84820414170518
86.83255030978
86.84995702182229
85.02963877723472
84.8036581093205
82.68420530012588
83.14591965822058
82.90831603527896
81.12871937620719
80.54217065603065
82.97623491200434
81.09866077422842
79.87464311279835
77.62995642371648
77.67203772507327
78.13485150159761
78.29676375032277
78.5541539313003
81.48706781852793
81.58023244653758
83.34626767306467
83.93477800549458
83.53383612663936
86.52599594651197
89.76180069013225
86.7083999413313
83.47725209988073
85.63336991123055
83.77741074203014
83.79543933487568
84.2793434871875
83.57032605596457
85.83536644375147
86.92157254483308
89.10350423866588
86.25709584116176
86.02447639502199
84.37714526420253
81.470283901784
81.50351311912384
81.3602268210039
84.5755988422027
84.39245317196404
82.5215213268776
81.11283744366108
81.73904856893832
83.1741615832965
80.33800034444516
81.29937853093091
83.98607157747689
83.97578188411363
84.03651007656953
86.69414140575978
87.1735799386527
88.55206643495302
88.35493399766531
89.34205634276789
88.39625437052405
88.3620057965215
87.88326958559249
86.82375904111792
89.78396338590173
89.27313281798685
85.92594811994057
84.96604702556922
83.32798962263745
81.7439022528993
82.0807781790583
82.07235605248572
82.65766500903946
81.45418229013097
80.40294261254753
83.03678365219388
80.71227360501467
83.52338534101051
86.18633441850092
89.51665724316787
89.74432332582982
89.20243600360295
89.18835483010915
87.92966072650373
85.14776580737409
85.91880646124947
88.78027479794177
86.11038746435807
85.71759657975979
85.995579883876
86.35435197077013
86.26034017969197
83.02301747320675
80.24052722557893
80.25539477406524
81.59489286046873
81.44273390732803
82.31868937228407
83.21480865875505
84.43400226542254
81.24289287344932
81.30746697545896
80.96950055871693
82.75130740683464
84.53930374542114
84.76172628977882
82.1752730005593
84.48998104738064
84.30438959283005
84.16612256054586
85.44691015252285
82.44750913028071
82.87142818175987
85.26973550495735
83.20273734575198
83.45001131215461
84.16325812481932
82.03110877300885
81.4990895840854
81.00898719046218
80.1879121731053
80.0512144827411
77.16406200499952
74.8962665430099
73.60982313995753
73.5995266661187
73.85449956352535
73.64780877180347
73.92923376324534
74.0668255955141
74.92380523738521
76.20715174375407
76.22140275814886
77.01194274137724
77.51370845385075
78.65888931390403
77.22616197987342
77.58179246200962
77.64500909132354
78.64316366718407
76.67580642813479
78.13108972979491
77.94372147927923
76.1761445065644
76.47924808146959
78.60358570259099
78.71388367427822
78.66083877733018
76.90654424032857
76.00761495631585
76.03977767410628
78.10098754559031
77.98287454853192
78.43421392069823
79.72824076205875
79.70917326325926
79.67382378931254
76.8628593833747
79.88961304515476
79.21596838610719
80.03599519617647
83.0171786492333
82.56127293542367
81.61107511249405
81.52015734372112
81.28117685782567
79.43420042100759
81.97341425905705
83.79414540056324
85.43945529826132
82.53973376540097
82.48719925843062
81.36421762941471
80.75445573590568
78.60878888384813
76.66148518839388
75.23206024177645
74.88884968746973
77.09846361932641
78.62919388721267
77.92646392111216
79.93660698132955
80.6106119777521
80.93396818880181
81.342325242809
84.40240174590673
86.18033110470287
87.31020725715604
88.03319238969047
90.79585337009817
88.35952091668871
86.78579130047638
86.37857647003086
88.12859850441124
88.09303116835373
87.99362581719758
87.50756996277458
87.31441043045086
87.26836442956414
85.53683233972171
83.97547204927166
83.40933831010007
83.37799617501791
83.7281426814315
83.84793017016183
85.29358826073145
84.3012117755247
82.68280840537294
81.1708792801278
79.97734899037728
79.99887496030128
82.59221942836434
82.98523798566555
80.26088849631404
83.38443703458644
85.63268896389107
85.72097967271229
88.24719605327908
88.1877266672726
86.05392492220798
85.77252611699218
84.13301965483564
87.29522894525584
86.50082450951005
87.25461646854187
86.92120324326893
85.55393985933226
85.5686134825891
86.09510544115409
83.92288685617676
82.57013546302774
83.37728518194814
83.81489896645395
83.9159140623996
83.22194834591039
83.28272071945622
82.65135181663464
84.18167453778348
84.85767796919018
86.4771991667128
85.9400199972949
85.01581865400271
85.51142575561674
87.06924190314086
86.67594863406056
88.955316181255
89.7128748644133
89.73598840437798
91.83179370091581
92.63118920733389
92.73486261300609
93.2338154100292
94.06433905684223
93.87478988905255
93.35306350957855
90.81965218459007
91.85691069637456
91.31053397267432
91.81307303889287
89.39994339133501
91.4089691397857
91.58961686331756
94.26269012162616
94.11415539591597
90.48091307833155
88.04759265974107
88.30370466552284
91.79226185462653
94.90690003979834
95.24497921244944
97.08611019747369
96.93092272232091
96.54189303628253
96.57243471066484
93.99306115130743
94.63368729758972
90.99297621103761
93.38831358613116
94.43661166458917
95.70403830773631
95.71364189990636
95.60514225566448
95.9002840114343
97.40933226117724
97.17833407136047
97.03003756246414
98.50217941276824
94.8859541979054
93.9915734045661
92.97944347194262
89.42321472189784
89.49933858126255
91.90018860940754
89.59497957583773
89.79725821017733
90.3301670275119
90.23959300612022
89.41164686076281
90.0814875965989
91.24526301486031
91.44902796402299
93.29686508902726
90.08476403069773
91.73493820440791
90.42616872258222
88.69822005672621
88.09621117396736
90.34684813746885
90.83988295903329
93.99815039827406
95.88877184124547
94.03250944269935
94.56465724743968
97.5946165173944
99.16872098994884
100.7801960467814
98.9046725114936
98.01788251524746
101.73278323368432
100.03491840834629
97.96595877019669
101.11572041915203
100.4122200435985
100.51723302341296
96.68936757084539
97.39743083687037
100.4064673306797
100.39574300577112
103.81227009407296
103.85168504139651
102.18347984210136
102.2924470653294
101.27388578004212
99.86752502740171
96.98867723499642
95.43585747591273
96.04306353277393
95.33690782836315
99.10507270609916
96.27975290021402
95.27693622410965
94.95581928256347
94.3789196570178
91.19719838826475
90.39764406914509
90.75580177644021
91.36864127325813
91.63730501495115
89.20982037285388
90.12083563723529
86.94924670134436
85.88061744677812
88.44630249998808
88.60496464413266
87.66233715170381
87.83007036172671
84.89710490861123
86.62811073562227
88.31204433487542
87.98109353302763
91.10453555491506
93.01682637307088
94.33276973610752
94.31533192151018
94.30431224141002
94.2921723529693
90.90592149436311
88.0595706412443
90.63798380952919
87.33514782819776
87.99113231589263
87.15864449089179
86.75387824882104
85.76990404792626
87.16126420898884
88.38891036607015
87.64938698936957
90.7107443424936
88.74598995989832
89.49949245936334
86.41039292183363
85.23659481533447
84.63158894602921
87.33464362814902
87.8558466374327
88.00021163225927
87.77605359795994
89.7043446035174
92.27611030354154
93.86916005857184
94.17036276088345
94.12509114942112
94.86263643703651
93.95336003124271
94.28262874651892
94.32413391541293
97.55279305002705
97.38029918620985
94.54656307221315
94.39168378389276
92.69513589589454
93.08394774590303
92.65208495319972
94.29172832364439
98.06527229095623
97.9396969325576
96.7292355515016
97.2448307190887
94.5797436460289
94.40429360135586
95.91460343977836
93.0360347236594
94.57454375503501
94.61985132734262
95.41056512400822
91.97000650335565
92.47107776591226
92.43398717437255
93.27182228881824
95.92219930546578
92.80990795607694
95.53771602090245
91.74424973714963
92.14797979967636
92.18534231675503
92.19522260945959
92.23944497089616
92.4519556298088
92.87347472956309
92.39111436224144
93.51361676005253
95.22694457230004
93.8561861084602
91.64443360685628
90.54869283653869
92.11074953563936
91.99004048983487
94.13226470794633
96.1378055463442
99.5813511153538
98.01365679382154
98.32473645444753
97.7151349175547
99.91260252371413
102.40011721702581
104.20186524024153
107.55098937363017
107.45426583959049
104.31722914483511
107.03092862676606
106.87669164644855
103.71770847063729
101.39537378092955
101.60252721359201
98.07634295583841
96.29916775009909
97.83190188489324
95.54541675558073
95.87921083198157
96.63502864727859
97.31387206621172
95.11501059982815
98.10595206010372
101.6237646399178
98.17461217243292
100.75617504216324
102.66484366297155
102.7115550715623
100.43854211163188
99.90083830864923
99.5591739951182
97.32648634700412
96.81067178208652
93.81009156422091
91.03849660445395
89.20396765558303
91.32504670910068
88.07048595672441
88.09533320030745
89.00638795365886
88.71737790286444
88.61006772200389
89.59451703796918
90.81148086378872
88.71838569731995
88.85633627707969
89.70811438956564
91.87548944645826
94.44873766012704
94.00122712195137
96.33862466415964
95.98740367673884
97.20488089215151
98.41174289226792
101.75735261610889
100.77726640021619
100.041390103754
99.8781973536256
99.70438497060411
98.99679971267915
95.41958960377114
96.02197025866732
95.99638141849435
95.2242728162116
94.58368900354783
90.97942323319168
88.61681872629575
88.58443777097807
88.27802225845538
91.35969210164016
88.39202046680886
85.00039442935338
84.31427835469535
85.60484806342762
84.36464098063956
83.72692700335855
86.51600783347027
85.41770552911653
86.28508384400399
84.81239540544347
86.69866649703113
86.07669455876149
89.09859080779447
91.04982126585854
92.09826257496006
92.70433684114957
93.9211734291588
93.38815671514587
90.81554523231063
87.41359424504373
86.51201662818512
86.50320463363771
86.82509143696804
84.53653685110481
83.24528212761304
82.10190269298072
81.76545185112072
81.7572415067304
81.97972524602874
81.01048201837138
80.94578828824288
79.99394397410737
77.19355615431593
77.13343948669868
75.46512948384347
77.54138043043199
77.27547989769998
76.25152577122009
75.86657281568041
73.47126590273163
71.6111700553873
72.48365604957282
73.28460033499584
73.41287046136738
74.06181451261526
75.2253592528252
76.95107853747244
74.8487119299287
74.86107816123051
75.8646589921806
75.54843718512632
75.59715599357556
75.65041226222802
75.89645600341511
76.10043068323854
74.65144089234552
76.94063312109859
76.53736413475967
73.66460653028551
72.0114586991762
72.3342169392141
71.92634286213695
71.50099716441702
71.38171454473233
69.9779576331446
68.79623171624736
70.46474943767173
68.53165155932506
70.44531414947834
72.17580307439516
70.33555278994062
70.69119057144005
70.98959699737466
72.93853509542613
75.27838030902815
75.97462640861029
76.97259382938186
76.68832514537125
76.81651559307872
75.96517286745542
73.64802738461198
73.15442032135509
71.66675484088086
69.52519978035399
69.96739592766802
69.23529561951605
69.85829887446663
70.63861126741567
70.674165432913
71.04417683666829
70.42874525919343
71.75536491591802
72.46714627015838
74.16197676125987
75.52200717747778
72.77725881458862
72.5772917841345
72.77637634871236
71.79228815985392
73.26624435513833
72.50796414814536
72.45415559916988
70.53770091778557
68.13648102995656
68.78791246626456
68.62981981105226
68.96287252638191
69.95032269448768
69.16047895655298
69.07701586669756
70.89115958838157
70.15384467913209
69.58885298705695
68.42785392383081
67.29939059492645
67.5871389691564
68.32043986702367
68.37214310717539
68.26931530130855
69.15093157350105
68.72485289220339
68.78459133818771
70.31834029560888
73.03761256473842
74.31281788531558
72.49176432321616
73.05757129006112
70.99638305916446
73.05400628146629
74.14876548532868
75.2656846968938
75.2579190839438
76.59338212763703
75.70193881027294
75.36834579695385
76.99032199301391
74.44531580435452
73.63375793157935
73.0266818516776
72.78726436577676
71.22931714105155
70.72388902632355
68.39088251800018
70.659439978722
70.64724082411905
72.48389582292562
75.00184588640751
73.54030468159561
74.72017310346054
75.36785820985574
76.86856648067666
79.27231165529548
76.88550940200604
79.16209357696457
79.12045742362591
78.92893552059071
81.43712907117704
79.85280439244168
79.86112382588843
79.72169449361887
78.14041728460197
76.8196726614194
75.7997044057031
75.63130967571196
76.1244307798922
76.09367689161238
75.43174805302682
75.35004533472721
74.87142783650299
74.8811525078898
77.38637878454642
77.31259877132176
74.48501191450346
74.3531568088936
74.30288101908994
76.72898954529174
74.51603546586833
72.89566214591285
72.0439581715972
70.8855694204667
71.22819895598349
71.00253612506536
72.25638224793514
72.42648413581502
74.13903369404917
73.51321919218466
73.6117452404608
75.24310637118558
75.0637715207242
75.81531962928895
78.2402233889062
78.37028207071891
78.31432600818817
77.07578210999196
75.34050562860502
73.05146279198146
72.45872633927411
71.17185390208076
69.41158475685586
71.72636749889531
71.75153228291406
68.98516536436779
68.91916294543643
71.6329945749313
69.71680172059924
68.94183241065187
67.30227857572928
67.1786090446724
65.07546941363195
65.06202625327128
64.07524736101492
64.5417173309023
63.33987380910861
63.236435279736526
60.93529768520867
61.25988942449833
62.75195598044154
63.949194214286386
65.6345519831247
67.41057440043242
68.29704650414769
69.91935875043318
70.94850852851735
70.75953544862405
69.6932639929841
70.09701683109901
70.13795445521339
68.56577958873184
68.33817095357263
67.5111710331409
67.66750634856263
70.03900583870156
69.70507486753033
68.19278695685193
65.78870851661269
65.70066701455207
66.75925242393875
67.06313104291135
66.19223183066812
65.82011012192613
66.42123215526294
67.12431474239793
66.46561395263602
68.14391275797642
68.22588674684467
67.37801007390279
69.90580200645398
68.82784602588032
66.72421290797736
66.11321849334661
68.09098469971443
67.5153343750722
67.4274159120073
65.89077296493907
66.6165009331632
64.12830538385688
66.6252859584114
66.4319016723889
66.4638361565231
66.1223681383951
66.13485265134112
64.67760857236715
64.68747015667752
66.85217953214323
64.22281877278832
64.27264112087998
64.60562008187807
62.60259128608571
65.01096832722622
65.15366246179572
65.3397490775807
63.00482011868786
64.95857879858865
65.92576778334202
67.80091869133277
68.39753917774647
66.1157280410326
67.26196137048692
69.2943386152717
69.36617578865926
67.29794279542965
66.71043704184603
69.19056249379872
67.16224436690723
67.4414711749617
68.0822766541484
67.85520075914782
66.39751835644125
65.33584674043863
65.97226175076153
68.59620338929226
66.21432725946025
66.75632906405387
68.0314194404615
67.8015257636539
68.33610451482275
67.59868408897005
68.35877572619314
70.06436912335317
71.2225190792446
71.29112943181481
69.82957064036016
68.65068211527402
68.81311563368145
69.38600149973779
68.57521234703282
68.79530338190632
69.01018268218044
71.73210867441239
71.7406535494133
71.30667503112844
69.90694150409388
68.90073404955332
67.07483337219573
66.49837916454631
68.76879081954615
66.88852244674861
66.83010024088867
66.77902186056633
69.42664509371212
69.27437340518371
67.17992176696131
67.73665684141737
67.74984878797365
70.3431205172113
72.34890021021542
73.56535872359866
72.65291519357031
72.27986852546142
69.51055471556737
68.63502096803663
71.30376902589327
69.24017030417853
67.8555944097304
66.34565494722956
66.35999407341124
66.90637296804438
66.49710458000764
66.82619605405677
68.21387062922297
70.16570773114876
67.40429417109286
69.43512168186575
69.961150764773
69.74990947303871
72.06807254939665
72.08360597448788
70.66310257457233
71.78257793085656
71.77074988649508
71.65290858760895
71.60034495611178
71.67864713366014
71.92633690808276
70.79192974325149
71.16390308449711
71.02723111016493
70.71292214711012
70.75120284652373
70.81341805022338
70.53162416553248
69.1873950133261
67.83939060434459
66.98224354959888
