188.81376997367886 191.93619293535372
191.93619293535372 192.40053550526622
192.40053550526622 192.42190032188742
192.42190032188742 189.64836089593055
189.64836089593055 189.11775519102457
189.11775519102457 186.21811656954608
186.21811656954608 188.56352195902468
188.56352195902468 189.83250407396793
189.83250407396793 192.48675477350034
192.48675477350034 190.18958880311743
190.18958880311743 189.23011201768253
189.23011201768253 192.4580399544651
192.4580399544651 189.0376477907533
189.0376477907533 188.5725618764276
188.5725618764276 191.01532301915205
191.01532301915205 192.74265786406806
192.74265786406806 190.04691738182407
190.04691738182407 190.01467357132677
190.01467357132677 194.6110783552502
194.6110783552502 190.3407635646819
190.3407635646819 186.13162825733752
186.13162825733752 187.84741908888492
187.84741908888492 185.25846119999434
185.25846119999434 185.6152611307833
185.6152611307833 187.84492908033562
187.84492908033562 184.64627888652245
184.64627888652245 184.6195428272524
184.6195428272524 188.4936503962506
188.4936503962506 193.33153712858189
193.33153712858189 198.30081258546267
198.30081258546267 203.30761807482605
203.30761807482605 200.23615643833412
200.23615643833412 200.03350943362696
200.03350943362696 199.02634151593264
199.02634151593264 203.61281359065583
203.61281359065583 201.0531962129065
201.0531962129065 200.9326507074045
200.9326507074045 200.44067409524797
200.44067409524797 201.990444407233
201.990444407233 198.07215787251144
198.07215787251144 197.80035456043362
197.80035456043362 195.81058899433768
195.81058899433768 194.82856181833122
194.82856181833122 200.40886486584486
200.40886486584486 197.30681555182213
197.30681555182213 194.62305471522117
194.62305471522117 194.2453451775214
194.2453451775214 190.76289571522045
190.76289571522045 193.69090887906358
193.69090887906358 195.39733442640195
195.39733442640195 195.36968789914957
195.36968789914957 195.43689248959862
195.43689248959862 190.64539429378428
190.64539429378428 189.8144052385199
189.8144052385199 185.2716975641353
185.2716975641353 189.55660638690742
189.55660638690742 187.75375922625756
187.75375922625756 187.64531648001167
187.64531648001167 187.14362484089978
187.14362484089978 185.88120668084812
185.88120668084812 185.65437683856237
185.65437683856237 182.10613418258743
182.10613418258743 178.65390755189867
178.65390755189867 180.9430500736811
180.9430500736811 179.09081568183248
179.09081568183248 180.46582263187975
180.46582263187975 185.4949487187794
185.4949487187794 186.25006885581945
186.25006885581945 191.04106859553508
191.04106859553508 194.68288012520378
194.68288012520378 195.21221178949395
195.21221178949395 189.83791175866727
189.83791175866727 188.65953061363612
188.65953061363612 185.77847295518703
185.77847295518703 190.9170017682403
190.9170017682403 187.9779793736131
187.9779793736131 183.81162922385772
183.81162922385772 182.38759041546993
182.38759041546993 181.9726672340003
181.9726672340003 185.51093293357013
185.51093293357013 189.07071212103057
189.07071212103057 187.64852833382497
187.64852833382497 191.3058800300271
191.3058800300271 193.17297538704793
193.17297538704793 191.73155192623523
191.73155192623523 187.66121748029798
187.66121748029798 187.63232834607615
187.63232834607615 187.37605279391192
187.37605279391192 182.77970098333947
182.77970098333947 179.29714751389858
179.29714751389858 181.08884918659894
181.08884918659894 180.86771484826318
180.86771484826318 180.21030061205954
180.21030061205954 180.29502047576102
180.29502047576102 179.43814812157598
179.43814812157598 174.23124633202426
174.23124633202426 177.22853193597538
177.22853193597538 181.15871821871622
181.15871821871622 181.82939381426507
181.82939381426507 187.27777315127213
187.27777315127213 192.75913221206923
192.75913221206923 189.23538197912384
189.23538197912384 186.50793225567685
186.50793225567685 187.50600212495902
187.50600212495902 186.15739169268292
186.15739169268292 189.12306998258487
189.12306998258487 188.87534529124042
188.87534529124042 188.8415814526046
188.8415814526046 184.52832745543094
184.52832745543094 179.13335198891912
179.13335198891912 179.1538015841823
179.1538015841823 184.5408270221758
184.5408270221758 184.33655403640591
184.33655403640591 186.59625351091194
186.59625351091194 191.08635877974203
191.08635877974203 191.20701787762923
191.20701787762923 189.9197220096913
189.9197220096913 189.31227497233152
189.31227497233152 190.84596864531656
190.84596864531656 193.60326856649237
193.60326856649237 191.40470483951012
191.40470483951012 193.72471154130363
193.72471154130363 190.01951045333945
190.01951045333945 186.97491859189003
186.97491859189003 185.89626535440857
185.89626535440857 186.66348331085607
186.66348331085607 186.4611781314002
186.4611781314002 188.12344517896128
188.12344517896128 193.72570396385873
193.72570396385873 194.2488820969047
194.2488820969047 198.91916262704663
198.91916262704663 198.12934082117437
198.12934082117437 197.88036730376376
197.88036730376376 197.67982916318152
197.67982916318152 202.46601976949353
202.46601976949353 199.6087096256325
199.6087096256325 203.28659238800486
203.28659238800486 205.1968313578021
205.1968313578021 199.67848255012512
199.67848255012512 197.46476120527393
197.46476120527393 194.24355036758783
194.24355036758783 188.63205518985964
188.63205518985964 186.96496054995862
186.96496054995862 183.45322910123426
183.45322910123426 179.2054064097956
179.2054064097956 180.4741067117675
180.4741067117675 181.12477547348382
181.12477547348382 176.87176508408714
176.87176508408714 177.55655315716749
177.55655315716749 177.6001226108233
177.6001226108233 180.2038342809093
180.2038342809093 184.485396354483
184.485396354483 188.29578866744376
188.29578866744376 188.447459015378
188.447459015378 192.58531935047193
192.58531935047193 187.94804312114175
187.94804312114175 190.1561057705365
190.1561057705365 191.13830691104965
191.13830691104965 194.1728722986643
194.1728722986643 194.08418999338213
194.08418999338213 190.14729655297765
190.14729655297765 191.242193793898
191.242193793898 192.22190671989415
192.22190671989415 190.50167684107987
190.50167684107987 193.26143401044587
193.26143401044587 188.75046807860545
188.75046807860545 192.82330152160574
192.82330152160574 196.82823429139796
196.82823429139796 199.25472690812637
199.25472690812637 199.35566232517868
199.35566232517868 198.49479725178992
198.49479725178992 197.9959673644804
197.9959673644804 196.33277979762693
196.33277979762693 191.73162768913548
191.73162768913548 189.54953586298805
189.54953586298805 188.21915422249228
188.21915422249228 191.59644545335195
191.59644545335195 188.9427962558539
188.9427962558539 186.89400279543239
186.89400279543239 187.51405765911682
187.51405765911682 185.74316114564797
185.74316114564797 183.08531610253596
183.08531610253596 179.57628010415385
179.57628010415385 175.8865703322937
175.8865703322937 177.66570613410929
177.66570613410929 177.2225400151495
177.2225400151495 177.26307559966853
177.26307559966853 182.19781092302745
182.19781092302745 187.56861259052093
187.56861259052093 188.8761519977966
188.8761519977966 188.90693574485448
188.90693574485448 184.00125382553287
184.00125382553287 186.7505312129598
186.7505312129598 187.48481435073532
187.48481435073532 189.30413019166812
189.30413019166812 193.86635118768245
193.86635118768245 194.7173948238664
194.7173948238664 194.11580147078496
194.11580147078496 199.3292237016947
199.3292237016947 198.83536404235034
198.83536404235034 195.2823008531381
195.2823008531381 200.19318256231517
200.19318256231517 198.53505291542072
198.53505291542072 194.32190035345815
194.32190035345815 192.75672894103133
192.75672894103133 192.25769651118296
192.25769651118296 192.23780856922644
192.23780856922644 187.47692817309274
187.47692817309274 184.5249193413984
184.5249193413984 185.21303353500784
185.21303353500784 184.92856426816581
184.92856426816581 185.66026417113156
185.66026417113156 185.191196290282
185.191196290282 183.688010704403
183.688010704403 183.46808586876256
183.46808586876256 181.26414429040537
181.26414429040537 186.28652590566213
186.28652590566213 184.64591647055235
184.64591647055235 186.85955803600083
186.85955803600083 182.73969486107387
182.73969486107387 182.498142224077
182.498142224077 182.42512448254496
182.42512448254496 184.74782605540528
184.74782605540528 186.4468683529775
186.4468683529775 187.32331787731894
187.32331787731894 189.42008159955208
189.42008159955208 190.14618051777902
190.14618051777902 190.3880534551512
190.3880534551512 190.80496342438568
190.80496342438568 193.27449145854604
193.27449145854604 190.37572114882718
190.37572114882718 190.85930607884833
190.85930607884833 189.00657964015215
189.00657964015215 187.42485646600716
187.42485646600716 188.53407450305207
188.53407450305207 189.45451183479315
189.45451183479315 194.9350850859741
194.9350850859741 191.94141568813603
191.94141568813603 193.68034075495288
193.68034075495288 190.15623045803872
190.15623045803872 191.26941937895364
191.26941937895364 190.83014518878758
190.83014518878758 196.2316495356774
196.2316495356774 195.7102253213566
195.7102253213566 195.36593286215665
195.36593286215665 193.63842884453885
193.63842884453885 195.3676739245334
195.3676739245334 195.6529911141803
195.6529911141803 190.79797185932446
190.79797185932446 185.6449220742602
185.6449220742602 185.87614228939304
185.87614228939304 190.50215542604545
190.50215542604545 189.8058392774645
189.8058392774645 189.8797680150653
189.8797680150653 192.71778411275855
192.71778411275855 189.70824995513905
189.70824995513905 189.7511828022146
189.7511828022146 194.68989326293647
194.68989326293647 199.60062844475507
199.60062844475507 200.43785491133033
200.43785491133033 198.3197286242395
198.3197286242395 193.56268261267547
193.56268261267547 191.8702849428215
191.8702849428215 187.4773688748005
187.4773688748005 187.68748634808213
187.68748634808213 186.26691130010272
186.26691130010272 190.4510754677634
190.4510754677634 189.64998932548366
189.64998932548366 187.35029407273427
187.35029407273427 184.03146297196815
184.03146297196815 185.95585194086442
185.95585194086442 184.83129783014357
184.83129783014357 182.96242555821763
182.96242555821763 182.6246935636405
182.6246935636405 181.72517300201403
181.72517300201403 181.3889796257436
181.3889796257436 184.79907575655068
184.79907575655068 179.37666685895732
179.37666685895732 179.5904190593706
179.5904190593706 180.06853534551715
180.06853534551715 181.6375816669875
181.6375816669875 186.1004491808564
186.1004491808564 188.4304229611929
188.4304229611929 183.0422648243109
183.0422648243109 181.82350068636228
181.82350068636228 183.17686541558342
183.17686541558342 183.39526381064883
183.39526381064883 184.75645150120323
184.75645150120323 180.13830512858104
180.13830512858104 180.38647540091551
180.38647540091551 180.18043334634407
180.18043334634407 180.2118084784636
180.2118084784636 180.5895143283186
180.5895143283186 183.2459831881768
183.2459831881768 184.9258767559941
184.9258767559941 185.08577308183604
185.08577308183604 185.74719319023166
185.74719319023166 185.7234078764607
185.7234078764607 188.53715705031271
188.53715705031271 190.02105166071263
190.02105166071263 193.9217427345266
193.9217427345266 193.3303517091019
193.3303517091019 192.8641597847059
192.8641597847059 193.03944724177245
193.03944724177245 192.24611302172383
192.24611302172383 191.33314355400876
191.33314355400876 193.1905757519986
193.1905757519986 193.42527178783047
193.42527178783047 193.28411626097426
193.28411626097426 198.44797576149014
198.44797576149014 192.7297402552323
192.7297402552323 187.79205137919757
187.79205137919757 186.5919779418837
186.5919779418837 190.51108580230942
190.51108580230942 186.85261251160605
186.85261251160605 183.1169353872936
183.1169353872936 183.77954531854033
183.77954531854033 183.12026552819384
183.12026552819384 183.06138133976148
183.06138133976148 182.5932295564392
182.5932295564392 180.84903212288606
180.84903212288606 181.09024189685752
181.09024189685752 176.1150191931939
176.1150191931939 178.54012460453777
178.54012460453777 180.25679636081884
180.25679636081884 185.01603596814573
185.01603596814573 188.46533786017375
188.46533786017375 187.79857558314603
187.79857558314603 193.22266201775386
193.22266201775386 188.5439201456517
188.5439201456517 187.4615695791392
187.4615695791392 187.35795491979727
187.35795491979727 185.41810708071586
185.41810708071586 188.99109746463265
188.99109746463265 191.563692681686
191.563692681686 190.58904571160576
190.58904571160576 189.0576701595231
189.0576701595231 188.34244397855716
188.34244397855716 192.21206525267763
192.21206525267763 187.0753728214099
187.0753728214099 184.8452933388464
184.8452933388464 185.83772962907682
185.83772962907682 184.7672760173214
184.7672760173214 189.03731988457884
189.03731988457884 193.6719917159284
193.6719917159284 192.49751225333156
192.49751225333156 191.6905909590128
191.6905909590128 190.13129319051907
190.13129319051907 195.16623290459378
195.16623290459378 190.14234496952815
190.14234496952815 189.6233796788665
189.6233796788665 189.58812835913304
189.58812835913304 187.316675432935
187.316675432935 186.69478702653004
186.69478702653004 186.04985775126326
186.04985775126326 186.12099417707108
186.12099417707108 184.2478627904988
184.2478627904988 185.6796047738932
185.6796047738932 180.37966427043855
180.37966427043855 183.94164853680473
183.94164853680473 180.1139141810885
180.1139141810885 179.82224375666888
179.82224375666888 179.97629097278707
179.97629097278707 175.1868718508878
175.1868718508878 170.86898331326452
170.86898331326452 172.27602198066648
172.27602198066648 168.53265633082498
168.53265633082498 169.39229073397397
169.39229073397397 171.15469732409437
171.15469732409437 173.65569885390585
173.65569885390585 178.04715563109212
178.04715563109212 180.95338357776623
180.95338357776623 181.16049662592428
181.16049662592428 179.46508982414397
179.46508982414397 182.1847577034421
182.1847577034421 182.24682960699377
182.24682960699377 187.58409299081384
187.58409299081384 183.998678161765
183.998678161765 186.93511850416857
186.93511850416857 189.65800377394046
189.65800377394046 189.03060708162505
189.03060708162505 192.28073501256773
192.28073501256773 189.26408818151077
189.26408818151077 188.6737449646656
188.6737449646656 188.64626847182262
188.64626847182262 183.16064510559247
183.16064510559247 188.52085266770965
188.52085266770965 183.7255216143198
183.7255216143198 186.1582026978653
186.1582026978653 183.2850005871877
183.2850005871877 183.1957499424448
183.1957499424448 183.71078279985852
183.71078279985852 184.4635625482962
184.4635625482962 184.95769711282583
184.95769711282583 185.21426230489763
185.21426230489763 188.05952897346995
188.05952897346995 190.5053660129907
190.5053660129907 195.99308149419693
195.99308149419693 191.20976035240392
191.20976035240392 189.9469421501956
189.9469421501956 193.98710119465363
193.98710119465363 193.7505809320887
193.7505809320887 188.35109399338504
188.35109399338504 188.12877445013947
188.12877445013947 187.82627803840126
187.82627803840126 187.69685549043126
187.69685549043126 182.44611034221907
182.44611034221907 182.53173617473936
182.53173617473936 184.44688336681847
184.44688336681847 188.52940854362035
188.52940854362035 188.00796606290965
188.00796606290965 184.5398275628983
184.5398275628983 184.46540309268045
184.46540309268045 184.23241278582177
184.23241278582177 183.58892312693334
183.58892312693334 188.74964424593668
188.74964424593668 184.34245920651688
184.34245920651688 187.75719210027012
187.75719210027012 188.26451037898144
188.26451037898144 188.98126053494218
188.98126053494218 186.2468149753362
186.2468149753362 187.57169051512113
187.57169051512113 187.50919924657143
187.50919924657143 192.13608333794417
192.13608333794417 189.10123186684763
189.10123186684763 187.58409826642443
187.58409826642443 186.4762095404911
186.4762095404911 182.72867444832
182.72867444832 177.84379061173803
177.84379061173803 172.84719942179308
172.84719942179308 172.25424633649538
172.25424633649538 174.0193842104926
174.0193842104926 175.28014107706682
175.28014107706682 175.24938973249562
175.24938973249562 171.39650096678028
171.39650096678028 172.74817450257018
172.74817450257018 172.50876591781892
172.50876591781892 172.06322614939322
172.06322614939322 171.20785531094063
171.20785531094063 166.0627235505288
166.0627235505288 167.39179566062467
167.39179566062467 170.30530737519743
170.30530737519743 169.2742987136655
169.2742987136655 167.21321451951854
167.21321451951854 167.79748515696218
167.79748515696218 165.26347296078217
165.26347296078217 165.35872297501274
165.35872297501274 164.5549449953525
164.5549449953525 166.2226808255239
166.2226808255239 166.33045710873188
166.33045710873188 169.7147979116581
169.7147979116581 171.76461347021893
171.76461347021893 172.53933621952575
172.53933621952575 172.69145566241863
172.69145566241863 176.1464950051912
176.1464950051912 176.82751353561733
176.82751353561733 171.76663460069122
171.76663460069122 174.482515696513
174.482515696513 173.03492666085285
173.03492666085285 174.07431601039542
174.07431601039542 173.83936173875347
173.83936173875347 174.8330517923435
174.8330517923435 175.32364819969501
175.32364819969501 176.41994312786323
176.41994312786323 181.44161760487233
181.44161760487233 180.44462269111108
180.44462269111108 180.61743389014
180.61743389014 185.5440055393595
185.5440055393595 181.6869992321001
181.6869992321001 181.14850406310552
181.14850406310552 181.3447594881283
181.3447594881283 185.38718765143955
185.38718765143955 180.39507644691284
180.39507644691284 180.99848830387413
180.99848830387413 177.23728493389382
177.23728493389382 176.81200809669326
176.81200809669326 175.005194002963
175.005194002963 178.70323235082498
178.70323235082498 184.05631638933212
184.05631638933212 183.67361231463792
183.67361231463792 183.5173154037016
183.5173154037016 188.7817006510711
188.7817006510711 192.7998797693036
192.7998797693036 191.67634626478448
191.67634626478448 191.37569942900387
191.37569942900387 188.89341375493123
188.89341375493123 188.83425912946365
188.83425912946365 187.80358850816003
187.80358850816003 187.3467584917231
187.3467584917231 183.22913045536603
183.22913045536603 182.96786235340673
182.96786235340673 182.8656891610659
182.8656891610659 180.866258703627
180.866258703627 179.74986795734077
179.74986795734077 183.27805643941835
183.27805643941835 178.2031609106812
178.2031609106812 176.05450872981456
176.05450872981456 175.3174962755123
175.3174962755123 174.10888847829702
174.10888847829702 173.09536359200473
173.09536359200473 172.97765749836657
172.97765749836657 174.5052950936365
174.5052950936365 169.3312370061659
169.3312370061659 171.14633400107235
171.14633400107235 174.95722108480714
174.95722108480714 178.91262776267914
178.91262776267914 183.85274108750747
183.85274108750747 182.86626978758613
182.86626978758613 187.79721101243544
187.79721101243544 187.90655403907564
187.90655403907564 187.88757123136836
187.88757123136836 183.66619213938938
183.66619213938938 183.4553377575538
183.4553377575538 181.51521327141413
181.51521327141413 178.1335944870021
178.1335944870021 183.42901471108271
183.42901471108271 179.99973376135145
179.99973376135145 176.78637029195912
176.78637029195912 178.7978904907952
178.7978904907952 175.85577598438445
175.85577598438445 175.97953580681417
175.97953580681417 176.0660067138786
176.0660067138786 176.22491744325353
176.22491744325353 181.5068685230147
181.5068685230147 176.8461419166977
176.8461419166977 175.5406884151993
175.5406884151993 174.21584111130707
174.21584111130707 175.14940851280056
175.14940851280056 175.85664435681468
175.85664435681468 174.4156125523546
174.4156125523546 174.81179817429285
174.81179817429285 170.70977344391187
170.70977344391187 173.4758210382354
173.4758210382354 178.03397728243166
178.03397728243166 173.4227924720281
173.4227924720281 175.1529036268681
175.1529036268681 171.9214973518864
171.9214973518864 172.11362029509456
172.11362029509456 173.1367544198856
173.1367544198856 169.94009466315558
169.94009466315558 170.98031647607164
170.98031647607164 171.00215612397602
171.00215612397602 173.8904776192258
173.8904776192258 173.95404724432044
173.95404724432044 179.0873362073077
179.0873362073077 175.6664259617659
175.6664259617659 176.80105661087651
176.80105661087651 175.67524639305802
175.67524639305802 177.3201663008537
177.3201663008537 178.44859817620372
178.44859817620372 178.6409008010778
178.6409008010778 179.65691864310165
179.65691864310165 183.4748746586567
183.4748746586567 183.12462748411573
183.12462748411573 187.30259730409963
187.30259730409963 191.34881549582695
191.34881549582695 194.996291608672
194.996291608672 196.9291797673691
196.9291797673691 194.25495146784186
194.25495146784186 193.54394029844119
193.54394029844119 188.47070421803457
188.47070421803457 187.9895363196288
187.9895363196288 187.77414774748263
187.77414774748263 190.77549910991024
190.77549910991024 190.02379974129755
190.02379974129755 193.15157072661484
193.15157072661484 188.90304825645794
188.90304825645794 193.60562905169394
193.60562905169394 191.4800149467684
191.4800149467684 191.31328359028117
191.31328359028117 190.28605368677387
190.28605368677387 189.73898056044303
189.73898056044303 187.06765009093152
187.06765009093152 186.96324360850937
186.96324360850937 189.28562057909593
189.28562057909593 188.88949076944232
188.88949076944232 188.85600402740855
188.85600402740855 184.26259642010015
184.26259642010015 183.33174080278155
183.33174080278155 184.79258086493414
184.79258086493414 182.26248496460207
182.26248496460207 181.2669457203381
181.2669457203381 176.44178971559356
176.44178971559356 179.36024678925713
179.36024678925713 178.61060631445753
178.61060631445753 176.9537910068632
176.9537910068632 177.62945550789146
177.62945550789146 174.20183642150306
174.20183642150306 171.10541803738974
171.10541803738974 168.3350263607981
168.3350263607981 163.7547468235388
163.7547468235388 167.2121038849526
167.2121038849526 168.2058356748036
168.2058356748036 168.2367972117471
168.2367972117471 171.85211987515524
171.85211987515524 174.08687204977835
174.08687204977835 172.94704041362093
172.94704041362093 174.3091899249468
174.3091899249468 175.49850465087127
175.49850465087127 175.66960622586632
175.66960622586632 173.38321479591653
173.38321479591653 173.24905591919864
173.24905591919864 171.51980463177918
171.51980463177918 168.09712551731678
168.09712551731678 168.88346246235906
168.88346246235906 172.1492993217715
172.1492993217715 173.78720477259859
173.78720477259859 176.20528672868755
176.20528672868755 177.28652256890254
177.28652256890254 179.24664057689296
179.24664057689296 177.78870041980954
177.78870041980954 181.4436562917248
181.4436562917248 177.12773038752962
177.12773038752962 179.30827966906224
179.30827966906224 183.982937687298
183.982937687298 187.70296895503662
187.70296895503662 185.54273254840564
185.54273254840564 190.91684895909913
190.91684895909913 189.74964411351277
189.74964411351277 194.79970046290424
194.79970046290424 189.86396795971493
189.86396795971493 184.2903571606135
184.2903571606135 178.87012739188182
178.87012739188182 175.4378213786229
175.4378213786229 175.23170594164753
175.23170594164753 171.49499999130686
171.49499999130686 171.47178504067494
171.47178504067494 175.83962307530913
175.83962307530913 180.82463494774225
180.82463494774225 178.74891585614847
178.74891585614847 177.68930736741962
177.68930736741962 176.99468300074275
176.99468300074275 177.9024770633571
177.9024770633571 178.0040623165441
178.0040623165441 180.76886757420425
180.76886757420425 180.97056785143175
180.97056785143175 177.9562049452229
177.9562049452229 179.62410798207736
179.62410798207736 183.68504628819002
183.68504628819002 184.1689384874778
184.1689384874778 184.85751079203928
184.85751079203928 182.50597494238477
182.50597494238477 178.8866297408724
178.8866297408724 179.0677766221401
179.0677766221401 178.39632753242512
178.39632753242512 179.3045273035709
179.3045273035709 179.5741425682088
179.5741425682088 184.4384068280249
184.4384068280249 182.42570337865868
182.42570337865868 182.49612173890804
182.49612173890804 183.74504370820736
183.74504370820736 182.55777869421877
182.55777869421877 181.43426527839142
181.43426527839142 180.33652003645426
180.33652003645426 180.30368803945296
180.30368803945296 179.67820487332554
179.67820487332554 177.56664292646136
177.56664292646136 177.26695254327657
177.26695254327657 175.63608535141748
175.63608535141748 176.38403321316716
176.38403321316716 174.4443541176266
174.4443541176266 175.72564700308385
175.72564700308385 180.73372745462433
180.73372745462433 176.14084748259796
176.14084748259796 177.90854818994345
177.90854818994345 182.5391564250463
182.5391564250463 184.69487967525615
184.69487967525615 182.8972837594049
182.8972837594049 182.96509970433263
182.96509970433263 179.8858352997332
179.8858352997332 179.9070910581538
179.9070910581538 180.2901012880628
180.2901012880628 181.1063910407768
181.1063910407768 176.7761981524965
176.7761981524965 178.22933488706832
178.22933488706832 181.15227662872053
181.15227662872053 183.70564217432337
183.70564217432337 180.59713052503673
180.59713052503673 178.8421724651148
178.8421724651148 182.26509375457664
182.26509375457664 182.28801451074278
182.28801451074278 181.3324566781471
181.3324566781471 181.97131489668033
181.97131489668033 184.17448719095273
184.17448719095273 186.2278283543275
186.2278283543275 186.03178325443918
186.03178325443918 185.37243194039132
185.37243194039132 185.32397001436095
185.32397001436095 184.97504080200267
184.97504080200267 189.2643678477814
189.2643678477814 183.8102125885495
183.8102125885495 183.453452418881
183.453452418881 183.67965997458901
183.67965997458901 184.46785251859714
184.46785251859714 184.44480003591892
184.44480003591892 185.90370557763077
185.90370557763077 189.99271279175878
189.99271279175878 184.52775672722674
184.52775672722674 179.64306468041303
179.64306468041303 183.90366632528628
183.90366632528628 183.66411300199653
183.66411300199653 179.9696802281196
179.9696802281196 178.13253456648792
178.13253456648792 182.67938022767515
182.67938022767515 182.66088197057627
182.66088197057627 184.4305151744591
184.4305151744591 184.39633417514926
184.39633417514926 181.83918589652956
181.83918589652956 181.64419838144102
181.64419838144102 176.20819592200345
176.20819592200345 176.44611426773372
176.44611426773372 176.9862774321043
176.9862774321043 176.94017495221374
176.94017495221374 177.2178761144777
177.2178761144777 178.66017935238847
178.66017935238847 176.5309874423195
176.5309874423195 179.97184604806463
179.97184604806463 178.98031751450898
178.98031751450898 178.9602135105628
178.9602135105628 183.6130625400129
183.6130625400129 186.74669675133313
186.74669675133313 186.72252144018455
186.72252144018455 186.96339067583318
186.96339067583318 192.3090156290514
192.3090156290514 188.80212976318998
188.80212976318998 189.93766339192433
189.93766339192433 184.41579438455847
184.41579438455847 184.57259095640583
184.57259095640583 185.54169606725645
185.54169606725645 187.97164037589476
187.97164037589476 186.516170434049
186.516170434049 187.31558422184455
187.31558422184455 187.4198890814679
187.4198890814679 187.74079004573724
187.74079004573724 188.63846041915968
188.63846041915968 188.36202180660803
188.36202180660803 187.13087033118924
187.13087033118924 186.9531714306644
186.9531714306644 191.51068180931114
191.51068180931114 192.34496710854273
192.34496710854273 195.18954871038895
195.18954871038895 192.9743099520769
192.9743099520769 191.18630832170075
191.18630832170075 189.31536727815015
189.31536727815015 188.11086252620802
188.11086252620802 187.70705525748568
187.70705525748568 187.66547549527198
187.66547549527198 184.97441146981043
184.97441146981043 181.3344725895799
181.3344725895799 176.72993268857374
176.72993268857374 177.8469012633672
177.8469012633672 182.56830107925765
182.56830107925765 183.15674796213958
183.15674796213958 180.50975047529522
180.50975047529522 179.10828295167352
179.10828295167352 182.92354635332396
182.92354635332396 185.03414396418975
185.03414396418975 183.93100994392742
183.93100994392742 180.22908867806888
180.22908867806888 177.96540121422177
177.96540121422177 178.08331026315958
178.08331026315958 173.08106447242713
173.08106447242713 168.48369493013743
168.48369493013743 172.30169866956473
172.30169866956473 173.51578859927167
173.51578859927167 174.01617125518635
174.01617125518635 179.1405827491198
179.1405827491198 179.95911230346647
179.95911230346647 184.48213893928224
184.48213893928224 181.33036252986753
181.33036252986753 186.35123806929064
186.35123806929064 184.44525709853443
184.44525709853443 184.93528140791503
184.93528140791503 185.78518446391763
185.78518446391763 181.67971600890039
181.67971600890039 179.86025868154442
179.86025868154442 181.79322782633037
181.79322782633037 184.76288731923
184.76288731923 185.9365781383819
185.9365781383819 183.46530421498196
183.46530421498196 184.3983404992003
184.3983404992003 185.41866120771806
185.41866120771806 189.9640200443108
189.9640200443108 186.65112687969193
186.65112687969193 186.45594989644906
186.45594989644906 182.8840080292996
182.8840080292996 178.10925197264217
178.10925197264217 177.71819916555742
177.71819916555742 174.34218959870364
174.34218959870364 173.25555614357273
173.25555614357273 175.4021764285281
175.4021764285281 170.44472101051358
170.44472101051358 172.62540183064044
172.62540183064044 176.50646559071973
176.50646559071973 174.13927635672877
174.13927635672877 175.9448868277951
175.9448868277951 178.07051903079312
178.07051903079312 176.60228806890711
176.60228806890711 181.65400580961048
181.65400580961048 181.628864680031
181.628864680031 182.32786984230046
182.32786984230046 181.17441223221033
181.17441223221033 178.8679321942183
178.8679321942183 175.50116542466438
175.50116542466438 175.31615331947248
175.31615331947248 170.43077107362467
170.43077107362467 168.80713780385184
168.80713780385184 167.53684736336402
167.53684736336402 170.68542506396983
170.68542506396983 166.93748665369364
166.93748665369364 170.37177504163088
170.37177504163088 172.3508324315943
172.3508324315943 175.63782827587588
175.63782827587588 176.8617393342642
176.8617393342642 174.66579940502606
174.66579940502606 176.63945332926505
176.63945332926505 180.7065079314451
180.7065079314451 185.9561902066819
185.9561902066819 186.42869522999092
186.42869522999092 186.27732124278253
186.27732124278253 186.13839897155336
186.13839897155336 185.56499694485362
185.56499694485362 185.05182459636939
185.05182459636939 182.79172692653853
182.79172692653853 180.6747904912799
180.6747904912799 177.68007998439145
177.68007998439145 179.04943549084624
179.04943549084624 183.03610589342847
183.03610589342847 184.76527802314175
184.76527802314175 184.0788305995573
184.0788305995573 181.5054491268793
181.5054491268793 178.14948389061578
178.14948389061578 174.32144254378653
174.32144254378653 171.70835109268847
171.70835109268847 168.3996022703511
168.3996022703511 167.9436851630516
167.9436851630516 168.1829056638211
168.1829056638211 164.93500686620774
164.93500686620774 167.58887265589092
167.58887265589092 172.5143192265016
172.5143192265016 175.0447964613635
175.0447964613635 171.88135536488824
171.88135536488824 176.21576105476302
176.21576105476302 175.34549260784553
175.34549260784553 178.0182257145742
178.0182257145742 176.73068551027117
176.73068551027117 176.91792653465671
176.91792653465671 179.02077790087588
179.02077790087588 183.0561858052355
183.0561858052355 180.0370259589694
180.0370259589694 179.77264846642953
179.77264846642953 179.79453248598526
179.79453248598526 174.805545309954
174.805545309954 174.95026048724975
174.95026048724975 171.32640129481624
171.32640129481624 171.27660309975423
171.27660309975423 172.56382167836088
172.56382167836088 175.47310507504764
175.47310507504764 173.92452248304025
173.92452248304025 175.13451380599668
175.13451380599668 177.77736968966394
177.77736968966394 178.53414387658572
178.53414387658572 180.12298760320553
180.12298760320553 176.55473444113133
176.55473444113133 174.6562032153039
174.6562032153039 171.37064000641135
171.37064000641135 172.23100420468046
172.23100420468046 172.17598541949008
172.17598541949008 170.19868729901918
170.19868729901918 165.96585102876966
165.96585102876966 169.34748932834776
169.34748932834776 170.94392052757894
170.94392052757894 174.14130404008577
174.14130404008577 171.91741199066453
171.91741199066453 171.98923707766053
171.98923707766053 172.8751163931278
172.8751163931278 174.53755637799145
174.53755637799145 175.34733935634426
175.34733935634426 174.42003998549325
174.42003998549325 177.4242371012097
177.4242371012097 177.7560518856887
177.7560518856887 179.6610931029486
179.6610931029486 176.6141251382864
176.6141251382864 175.3400217342036
175.3400217342036 176.05230123534804
176.05230123534804 178.1868498913405
178.1868498913405 175.1458363381567
175.1458363381567 175.90162000322042
175.90162000322042 176.2331784937232
176.2331784937232 176.40546937552594
176.40546937552594 174.34090805733996
174.34090805733996 174.1890327040819
174.1890327040819 174.77797290623778
174.77797290623778 174.50407327753385
174.50407327753385 174.89571654569895
174.89571654569895 175.37207440044259
175.37207440044259 172.0520925004405
172.0520925004405 173.32950091199197
173.32950091199197 176.36766442217407
176.36766442217407 176.07908365090836
176.07908365090836 176.28623384327176
176.28623384327176 174.03040169915016
174.03040169915016 172.3726054768572
172.3726054768572 175.63239842048756
175.63239842048756 178.52003411142942
178.52003411142942 177.27515170307746
177.27515170307746 178.50224153499238
178.50224153499238 178.01590583283195
178.01590583283195 176.7667988312552
176.7667988312552 179.06736741045276
179.06736741045276 182.44718658559157
182.44718658559157 186.611191790564
186.611191790564 186.4287781003139
186.4287781003139 183.63527058421667
183.63527058421667 181.18187151947595
181.18187151947595 180.84147313646224
180.84147313646224 186.02897792304253
186.02897792304253 186.00463743182067
186.00463743182067 181.02129823504583
181.02129823504583 177.69598335618485
177.69598335618485 172.95960978476916
172.95960978476916 171.08904788653894
171.08904788653894 167.42175075777047
167.42175075777047 166.57752823956082
166.57752823956082 162.7578936243448
162.7578936243448 165.44253636515617
165.44253636515617 161.69957219209465
161.69957219209465 162.80593176164993
162.80593176164993 160.4868329760076
160.4868329760076 163.31681690913572
163.31681690913572 165.52631379998817
165.52631379998817 166.48131655756612
166.48131655756612 161.67775442923028
161.67775442923028 164.48516572233464
164.48516572233464 164.8895082735565
164.8895082735565 168.19242012687732
168.19242012687732 167.2441196778784
167.2441196778784 171.33619791760518
171.33619791760518 175.7821214412117
175.7821214412117 172.0112417112723
172.0112417112723 175.87719661107568
175.87719661107568 172.2915479613172
172.2915479613172 170.19337206822573
170.19337206822573 172.20634168069287
172.20634168069287 175.23911724845502
175.23911724845502 174.77495369534256
174.77495369534256 175.1868423068449
175.1868423068449 173.63004140911815
173.63004140911815 173.7864986261768
173.7864986261768 171.97978020051102
171.97978020051102 167.987636310178
167.987636310178 167.05913807734788
167.05913807734788 163.40350687713413
163.40350687713413 161.71059533868043
161.71059533868043 163.22351037629718
163.22351037629718 166.37043692454338
166.37043692454338 166.42092625738087
166.42092625738087 162.6028051633163
162.6028051633163 159.7653867203408
159.7653867203408 159.5036163101029
159.5036163101029 159.52603693759013
159.52603693759013 160.3741912196777
160.3741912196777 160.48133145867232
160.48133145867232 160.61254738038255
160.61254738038255 161.73393743576054
161.73393743576054 162.03177210139083
162.03177210139083 163.248061508988
163.248061508988 164.25288902258433
164.25288902258433 166.38045621576597
166.38045621576597 170.9931000901294
170.9931000901294 171.4231187929078
171.4231187929078 175.56361983011197
175.56361983011197 177.00108352921225
177.00108352921225 172.34222242038373
172.34222242038373 175.10865594025844
175.10865594025844 175.43624469838844
175.43624469838844 175.1635073286563
175.1635073286563 177.7537726890299
177.7537726890299 177.78218860089243
177.78218860089243 175.84675719090606
175.84675719090606 178.51410203270794
178.51410203270794 182.91042233260336
182.91042233260336 182.65888904899737
182.65888904899737 182.59849578108665
182.59849578108665 179.71981558913674
179.71981558913674 179.50208250367209
179.50208250367209 176.73277343536003
176.73277343536003 176.08769870246047
176.08769870246047 172.60185763641982
172.60185763641982 168.54814231809763
168.54814231809763 170.51693127729763
170.51693127729763 167.5993205002215
167.5993205002215 168.39569209597605
168.39569209597605 164.09370093263902
164.09370093263902 167.22706859215856
167.22706859215856 165.7445405212791
165.7445405212791 164.1746023018886
164.1746023018886 167.18742445770684
167.18742445770684 166.38892812874457
166.38892812874457 167.39534498146313
167.39534498146313 172.28745686539062
172.28745686539062 171.08866041640388
171.08866041640388 171.87601839402495
171.87601839402495 172.3366409127382
172.3366409127382 168.87763609674786
168.87763609674786 170.69424546833767
170.69424546833767 170.61849922810444
170.61849922810444 171.9550466515028
171.9550466515028 171.69536777399387
171.69536777399387 171.56889257700567
171.56889257700567 173.7032697009069
173.7032697009069 178.3447828515519
178.3447828515519 178.2809454029168
178.2809454029168 177.14524031811285
177.14524031811285 176.35436126659147
176.35436126659147 171.78897628766467
171.78897628766467 167.22665293983798
167.22665293983798 170.87474792282708
170.87474792282708 169.990028400475
169.990028400475 169.15433128789854
169.15433128789854 167.43896940417568
167.43896940417568 167.16899820104575
167.16899820104575 166.03572119171966
166.03572119171966 165.3420437979396
165.3420437979396 162.7489862238864
162.7489862238864 166.20048481580554
166.20048481580554 165.33717440949295
165.33717440949295 168.82226716601264
168.82226716601264 165.06214114595065
165.06214114595065 167.96485188982328
167.96485188982328 167.242474057359
167.242474057359 162.80932314604175
162.80932314604175 162.6648531912129
162.6648531912129 162.8807579709938
162.8807579709938 162.80293440029172
162.80293440029172 164.95583394657035
164.95583394657035 164.3531808413735
164.3531808413735 162.19003632321005
162.19003632321005 161.64497324357188
161.64497324357188 162.71161066041606
162.71161066041606 162.536862209526
162.536862209526 159.50854090052746
159.50854090052746 155.70605275025207
155.70605275025207 152.7661987905957
152.7661987905957 153.1776363792192
153.1776363792192 154.69690925780964
154.69690925780964 155.30102034722398
155.30102034722398 157.62918634947295
157.62918634947295 158.8392097770815
158.8392097770815 159.17162194923947
159.17162194923947 158.52902077210362
158.52902077210362 160.14282349404348
160.14282349404348 160.30304405280813
160.30304405280813 162.13788490940624
162.13788490940624 164.5628928880195
164.5628928880195 165.71687086187188
165.71687086187188 165.89932421497363
165.89932421497363 165.91591523287394
165.91591523287394 166.3811411771761
166.3811411771761 168.42375134454355
168.42375134454355 163.84983916827858
163.84983916827858 163.88745641631488
163.88745641631488 160.27797074101574
160.27797074101574 161.3567831515342
161.3567831515342 157.65535250410673
157.65535250410673 159.80487886644218
159.80487886644218 162.4650837289269
162.4650837289269 166.85738470712613
166.85738470712613 171.59757428395665
171.59757428395665 171.73516276965492
171.73516276965492 171.37509621669733
171.37509621669733 176.34311683737897
176.34311683737897 174.94668054948883
174.94668054948883 175.6870977511831
175.6870977511831 175.46154514137746
175.46154514137746 175.02767530236926
175.02767530236926 173.6052974111399
173.6052974111399 172.17626540325793
172.17626540325793 169.5116407058437
169.5116407058437 164.8456659330423
164.8456659330423 163.74995808816513
163.74995808816513 163.52873628278937
163.52873628278937 164.43621282030085
164.43621282030085 162.32667847278142
162.32667847278142 159.76932847937704
159.76932847937704 159.98365777545735
159.98365777545735 164.2639847239564
164.2639847239564 160.3470147963688
160.3470147963688 160.06070824367495
160.06070824367495 159.11124255551468
159.11124255551468 157.24360189575492
157.24360189575492 153.3254306291184
153.3254306291184 156.4056239819401
156.4056239819401 156.69414135464584
156.69414135464584 156.8916490192908
156.8916490192908 157.28162705041683
157.28162705041683 157.87170928127185
157.87170928127185 161.32619011132502
161.32619011132502 165.02715222329587
165.02715222329587 164.05703633358183
164.05703633358183 166.3626655442311
166.3626655442311 167.74380134871188
167.74380134871188 167.61700391126297
167.61700391126297 171.1413872411052
171.1413872411052 170.10617304631631
170.10617304631631 169.631339021253
169.631339021253 170.4749878291057
170.4749878291057 169.94149771249397
169.94149771249397 172.90981259940125
172.90981259940125 170.1683236467093
170.1683236467093 170.1867890324842
170.1867890324842 170.38329299444493
170.38329299444493 169.83800125952587
169.83800125952587 174.38764488917204
174.38764488917204 176.10728114759144
176.10728114759144 173.5764583999667
173.5764583999667 177.49822829924352
177.49822829924352 175.58447386291158
175.58447386291158 175.4374628743476
175.4374628743476 174.21892229923301
174.21892229923301 173.83647618286543
173.83647618286543 168.78202608832336
168.78202608832336 168.4275654326008
168.4275654326008 167.8367359373649
167.8367359373649 162.96781150611724
162.96781150611724 164.48655883055048
164.48655883055048 165.06187426529087
165.06187426529087 163.85909255736559
163.85909255736559 162.2383366021019
162.2383366021019 160.68117097239838
160.68117097239838 156.9033873766959
156.9033873766959 158.71289155132644
158.71289155132644 160.20290218702982
160.20290218702982 161.87715264228058
161.87715264228058 165.44440877606783
165.44440877606783 167.3864196652425
167.3864196652425 167.7454996912406
167.7454996912406 166.90428452149035
166.90428452149035 163.67106980745632
163.67106980745632 165.3471883351757
165.3471883351757 169.9832779308401
169.9832779308401 170.1297439316401
170.1297439316401 166.95866705524102
166.95866705524102 164.8978989020541
164.8978989020541 167.79982413202927
167.79982413202927 165.7741948612706
165.7741948612706 165.03206849953418
165.03206849953418 162.09785154256974
162.09785154256974 161.41265903920453
161.41265903920453 158.50203070267872
158.50203070267872 158.51881164457808
158.51881164457808 158.64594235268893
158.64594235268893 157.76503358515944
157.76503358515944 157.73983969195666
157.73983969195666 158.09492548777396
158.09492548777396 162.6626164655349
162.6626164655349 162.21177649563143
162.21177649563143 161.06924904068202
161.06924904068202 165.4557478642788
165.4557478642788 165.09921062589152
165.09921062589152 165.30651324237982
165.30651324237982 161.56549006945804
161.56549006945804 163.3440288091818
163.3440288091818 167.64758206949182
167.64758206949182 166.34977137016008
166.34977137016008 163.9528520482618
163.9528520482618 163.6833346956899
163.6833346956899 166.52349530196446
166.52349530196446 171.0001996581507
171.0001996581507 166.21231706957659
166.21231706957659 168.2462305665861
168.2462305665861 169.20400609973555
169.20400609973555 166.4971743643841
166.4971743643841 165.06566704814875
165.06566704814875 164.7836416926048
164.7836416926048 162.9199928817892
162.9199928817892 165.69681439967755
165.69681439967755 165.59658679163798
165.59658679163798 166.00207288194744
166.00207288194744 168.93680425503226
168.93680425503226 166.4070640666157
166.4070640666157 165.39028543109083
165.39028543109083 163.84267523097893
163.84267523097893 162.81350979854173
162.81350979854173 163.64424779607813
163.64424779607813 161.76775310714598
161.76775310714598 162.62425163495897
162.62425163495897 165.7709604417022
165.7709604417022 165.17653474016356
165.17653474016356 165.13317124592706
165.13317124592706 169.08294508362002
169.08294508362002 164.04154249267012
164.04154249267012 161.1933176799568
161.1933176799568 159.5431698105494
159.5431698105494 159.5946548361812
159.5946548361812 159.74679304119067
159.74679304119067 163.5321464214455
163.5321464214455 163.62515958039833
163.62515958039833 161.53373369540654
161.53373369540654 165.1637345014279
165.1637345014279 164.3823786400407
164.3823786400407 166.4883558879534
166.4883558879534 167.2282053146681
167.2282053146681 166.90312375240262
166.90312375240262 165.36006782408018
165.36006782408018 164.9621868724323
164.9621868724323 165.00850912672445
165.00850912672445 161.98805862264783
161.98805862264783 163.27659689257538
163.27659689257538 163.72526587197626
163.72526587197626 164.03526755829947
164.03526755829947 161.8896396372119
161.8896396372119 160.52022143954636
160.52022143954636 162.83605238768243
162.83605238768243 162.8826744539733
162.8826744539733 166.5399314500458
166.5399314500458 168.53814605269312
168.53814605269312 172.50095773862137
172.50095773862137 177.44561088442373
177.44561088442373 177.49052411090767
177.49052411090767 177.6941624384784
177.6941624384784 175.2151556863408
175.2151556863408 178.58169426862375
178.58169426862375 175.20947341683677
175.20947341683677 172.22580344402078
172.22580344402078 172.38540656798978
172.38540656798978 170.8871993752491
170.8871993752491 171.51141845539212
171.51141845539212 167.08502550735284
167.08502550735284 169.29624060576344
169.29624060576344 169.21998189926276
169.21998189926276 168.99319729815406
168.99319729815406 168.26183312069185
168.26183312069185 168.1972081490359
168.1972081490359 167.52440668204738
167.52440668204738 163.9921013464727
163.9921013464727 163.90880732438094
163.90880732438094 161.42725516079912
161.42725516079912 162.27836505230727
162.27836505230727 161.87414656721992
161.87414656721992 163.15144558673325
163.15144558673325 158.34664299056263
158.34664299056263 158.02392410713065
158.02392410713065 161.55310541798417
161.55310541798417 158.82085996662025
158.82085996662025 157.4599420225997
157.4599420225997 160.92558099389922
160.92558099389922 162.99202741792973
162.99202741792973 162.25429132059563
162.25429132059563 158.5412737437647
158.5412737437647 153.99409462628924
153.99409462628924 155.30743652675213
155.30743652675213 159.65670405737086
159.65670405737086 158.83927808794627
158.83927808794627 162.15387126268377
162.15387126268377 164.15947540722777
164.15947540722777 162.34090866822456
162.34090866822456 160.98474283496085
160.98474283496085 161.04140899829952
161.04140899829952 161.63712934617683
161.63712934617683 161.45194232622825
161.45194232622825 166.0300856462723
166.0300856462723 165.77338735225183
165.77338735225183 166.2016262437971
166.2016262437971 165.3204545006534
165.3204545006534 169.89224463855717
169.89224463855717 167.60191404784243
167.60191404784243 167.48673970214287
167.48673970214287 167.09195197854882
167.09195197854882 167.95330120744308
167.95330120744308 170.7067132137396
170.7067132137396 172.42195072534895
172.42195072534895 173.5058195906931
173.5058195906931 168.94037952978832
168.94037952978832 168.55248218676118
168.55248218676118 167.41205753262687
167.41205753262687 169.74551021801636
169.74551021801636 173.25564342884476
173.25564342884476 172.41544562047497
172.41544562047497 172.44522502521662
172.44522502521662 172.07387250259703
172.07387250259703 168.00000056433245
168.00000056433245 170.75420916724778
170.75420916724778 169.3633217519576
169.3633217519576 170.86623014008165
170.86623014008165 168.65643828537972
168.65643828537972 172.58535973207793
172.58535973207793 170.91798307117188
170.91798307117188 166.5362869210343
166.5362869210343 166.60914279276247
166.60914279276247 164.0055191996365
164.0055191996365 162.54983426771153
162.54983426771153 162.28618922656614
162.28618922656614 162.50450242992312
162.50450242992312 159.89261451626743
159.89261451626743 156.48481959786426
156.48481959786426 159.9720350581626
159.9720350581626 155.38932853572786
155.38932853572786 155.84242261323848
155.84242261323848 156.3379116797464
156.3379116797464 156.3971993311639
156.3971993311639 160.25916177455704
160.25916177455704 161.0829144050065
161.0829144050065 165.49202160081578
165.49202160081578 165.1764913164643
165.1764913164643 167.85101857798568
167.85101857798568 170.95168277299555
170.95168277299555 167.99247643951483
167.99247643951483 164.0974471906453
164.0974471906453 160.2215870712897
160.2215870712897 159.69461165905977
159.69461165905977 161.50782988003044
161.50782988003044 158.51022770654066
158.51022770654066 161.30178953836804
161.30178953836804 166.1142953335509
166.1142953335509 165.30182974497674
165.30182974497674 161.97963859002792
161.97963859002792 162.75206807369605
162.75206807369605 160.39365043686664
160.39365043686664 156.11065099035835
156.11065099035835 151.4300885454426
151.4300885454426 153.08242384229885
153.08242384229885 152.77297675159588
152.77297675159588 154.4899242181585
154.4899242181585 154.08849082576876
154.08849082576876 151.66407770950528
151.66407770950528 151.77342127348018
151.77342127348018 149.69093310375595
149.69093310375595 150.13980828543865
150.13980828543865 146.03675413768562
146.03675413768562 144.33986089115885
144.33986089115885 145.21657910050556
145.21657910050556 146.66033100975937
146.66033100975937 144.16072374428182
144.16072374428182 144.25373281538555
144.25373281538555 142.3019799513228
142.3019799513228 143.28613027307475
143.28613027307475 140.86534537661282
140.86534537661282 142.7850333186866
142.7850333186866 143.01427646199312
143.01427646199312 147.29161588750117
147.29161588750117 148.38358976364282
148.38358976364282 150.40366627573542
150.40366627573542 154.7886273925142
154.7886273925142 154.2603595709599
154.2603595709599 157.88134635662558
157.88134635662558 161.03320063238158
161.03320063238158 161.58031352863725
161.58031352863725 162.46154823938684
162.46154823938684 163.40584683917243
163.40584683917243 161.2509388201118
161.2509388201118 156.57114807718546
156.57114807718546 156.54574500408216
156.54574500408216 155.78931250828552
155.78931250828552 151.62141732171742
151.62141732171742 147.39546533951307
147.39546533951307 150.14611428643542
150.14611428643542 148.90517340511883
148.90517340511883 147.11063473055248
147.11063473055248 150.3268027702228
150.3268027702228 151.21604327301964
151.21604327301964 151.19852791891955
151.19852791891955 151.91831127020595
151.91831127020595 152.42201049303034
152.42201049303034 155.81569693251706
155.81569693251706 156.77415839414994
156.77415839414994 160.64413954555113
160.64413954555113 164.9975881001039
164.9975881001039 161.01436027012
161.01436027012 163.1248859602893
163.1248859602893 163.43083230051667
163.43083230051667 165.1671295986974
165.1671295986974 165.07424620473031
165.07424620473031 163.36006160715496
163.36006160715496 166.19007870021892
166.19007870021892 169.91608341113897
169.91608341113897 172.23483020804417
172.23483020804417 171.02023183960506
171.02023183960506 169.65406082731397
169.65406082731397 164.6201024389816
164.6201024389816 164.2558277735863
164.2558277735863 164.01244809874592
164.01244809874592 163.89057247955247
163.89057247955247 163.83856301661655
163.83856301661655 163.7279065936643
163.7279065936643 162.89374583248838
162.89374583248838 162.2446524757582
162.2446524757582 162.1101461077208
162.1101461077208 161.93444586159592
161.93444586159592 161.6438627552677
161.6438627552677 161.02841856259943
161.02841856259943 156.79125843664553
156.79125843664553 156.15672340596916
156.15672340596916 156.12843318755728
156.12843318755728 151.64706917140353
151.64706917140353 152.24567750934563
152.24567750934563 151.68763760218565
151.68763760218565 151.49090112758327
151.49090112758327 151.0499457229786
151.0499457229786 154.02998705338098
154.02998705338098 157.88855864795414
