4 0 0.0 2.357250000379957 15185.181219114143 2.55
178.01987750104666 179.68314051051848
180.43276641829158
178.09434246666817
177.80263219092
176.89799142461055
177.67601405659923
181.68242681204543
186.94226675847457
181.76377119738677
183.31209289174546
185.82049861843322
186.42937187636494
181.6980176183684
181.5648787103631
180.1663232019397
178.34682985365814
178.38498934283905
178.28143083907446
173.5146493181781
169.32709621661058
172.35256956413932
171.65424007994187
175.102430180343
173.40778748688675
176.24448972084403
176.31306298959063
178.25525669181846
178.1790024243276
181.2231455155818
181.32268220694752
186.26182753486802
186.96081384771077
183.17416601680412
186.00734231091562
181.95190519620823
181.73933884048915
176.8970787513306
176.95738140913383
178.01637848218002
178.27950157832194
173.97563217338907
174.16290588878306
169.49643785486333
169.6432543685684
170.72545169021697
170.70078292820457
172.84701592097178
173.35268321672305
177.37479703181884
177.8443547723935
175.47531623852498
176.25908871813624
176.8424644549554
177.92878938173826
177.98886137451115
182.17252922120497
182.653733659116
182.4187232960735
177.50325509270863
180.00857998217182
183.23461283150684
183.3386322515954
187.31402259158978
184.54967574464226
183.53462974201457
180.74227152030656
185.58378616295582
185.34013945474837
180.06359285283347
182.24470331478787
184.5454228734358
188.19409417094926
187.28843523988164
184.79186332412132
182.64547919553587
186.5631986166258
185.21720398008955
189.93470232170742
188.16284664185375
186.0665138767045
185.81923376569102
184.63111430149985
184.54337918391315
184.01435844760152
179.34292220284019
174.5889198492862
175.24347510920313
178.48931534687674
174.11587076034775
173.5352862660841
173.4851257471349
171.58703523214663
171.2420330889244
170.6101695618252
175.0299153257789
179.92858037352272
179.6303452760404
179.55963467159214
176.03551357302322
171.67471370591335
171.89651956719936
173.19196947397026
171.11880337191207
172.95576843369773
174.89214767114467
179.79332177732724
179.66762136715366
180.11546134779803
183.7819820249898
184.89041888972204
188.38471472671438
187.29742506039872
181.70096413786612
177.700120391512
174.51337212347923
179.56853712173108
181.6304091907277
184.03656949927577
183.73919367300633
186.849703957345
187.52730395231958
192.48464317345957
196.17749403867936
198.63249611044117
197.7615632489169
193.67404731989404
189.93798340220917
190.86844367505427
196.06776483540517
193.27569658316114
196.31904828166603
198.9436994822993
193.38278334373047
190.15294588681505
189.65150772844297
187.60312960887495
184.97773436891438
180.16551666305799
177.8007191239348
176.80519322919702
172.5763860351121
171.5531499117107
172.65315210529653
177.80250678854446
181.51524888870762
184.22499858458949
186.40361511265365
182.6783269570499
188.12910644122732
187.49208482876304
185.8803630067234
184.93767275107007
185.75850810793145
188.6051580983479
189.72175807894004
184.16803956234605
184.25023202472488
184.7057336917563
189.15323502867608
185.02546693299334
185.14165975524173
190.5175007762598
188.38613377204987
190.0659908456635
189.97001989412033
185.21351244702495
184.9107698621336
184.8416793775878
187.88344976741777
184.84446645087755
185.1467056330358
185.45299674109583
184.52662756324673
180.11358201969597
179.53343947204445
178.01793437591598
179.46375543653684
179.41098363905402
177.35366584126768
174.7796803785103
179.76034497342798
184.73529219885992
185.82675902713086
185.6129645985868
186.89113911331611
186.49715612053012
186.4217465756822
184.0261861407067
183.51680905434236
182.73739261650505
181.60157060802496
181.6615372536916
180.48015962287593
179.38099393123977
176.01569882090746
176.2221802515494
176.19381972397463
176.41023484513823
172.66138138789506
175.7123794341198
175.77058019681252
179.20475916090416
180.74039835457324
181.47758790980853
183.35213879056113
188.41243966764117
193.58658835927847
192.98130132071785
189.78649541431687
193.20843364454137
192.80539294464063
190.3147178524988
185.85730267695052
187.40788719225685
186.1331668932731
186.01965689298612
182.78689475459112
177.31010985561088
180.32326658379222
178.71783611748796
178.32526783616373
176.5608008097295
176.15893874250733
174.77343520703684
174.88431768336326
178.7492929722083
179.82406327965478
176.3801205968718
176.5707960395948
176.62255898086403
177.00893167558513
179.15369375108943
182.5574365784576
181.6915307290214
185.5571541243657
188.18892347667216
188.23942062207243
185.03434355535686
186.94196208218136
185.93654145159113
185.9599665593645
180.94474962333027
178.62972690994545
181.88302491671018
185.50601659456163
188.52095898785643
187.7636757635277
186.26800359766563
186.39679898840592
188.83176571672328
188.1918611054002
190.15567646755036
188.94839852829995
186.97226336968245
185.64635470061882
181.26529512695046
178.46001196133312
178.91316350544
178.20114224069266
177.81398402296406
174.11325178849538
169.00367652308597
174.0318210308083
171.45743680080028
171.4848183987183
172.80623835300247
173.14097755889213
173.2204521777304
178.22364561097118
176.0075559526228
174.56739505738332
171.81174696950353
170.2022860444802
172.4967659456024
169.59339350189438
171.61679449941462
172.73632642796653
176.13214918031034
175.41351330223492
175.6681879114782
175.9725179845505
170.7133736009218
172.31346377870713
173.7882477728509
175.02793232699761
176.6379786507448
176.50778908777872
176.20375778053818
171.4791329827609
173.75792194560387
176.25732236997482
178.79283298926325
178.82409029446555
183.81716516755682
184.68622327959014
186.34853372282456
186.07422064733424
180.5529565621767
183.36737827355722
187.93025694397116
188.4442455682685
186.05651550880015
183.5427002199864
180.7849922098241
181.14552796842867
181.426613263377
181.2808470318398
180.97665392242325
180.9998740975533
180.9814880562189
179.1478394481656
177.18249756672733
176.9835051371291
177.0312674654434
178.0889319484369
181.71479631415144
178.16133574864477
177.4527017381328
178.64319809671906
174.31312530983675
169.69908075619125
171.90573282322222
172.0460157925548
170.8116541523984
171.45915979198827
174.99620945542452
177.5257067580788
182.7825690417209
182.19967400259944
180.1957055719879
175.15506487744298
176.39069468741025
178.36235933508763
182.66098594953868
180.95529018115607
181.84224984232654
178.95779606228166
180.1365978035261
175.47294774005272
172.62045805464282
174.6920448879403
175.77406687522605
178.5948827105806
181.09235962545296
183.60111963606167
179.0981145825167
182.20931410875176
181.8543132944803
180.81328504913444
182.95671057926117
183.05586756090992
178.9499577436663
178.99795955780573
184.0613714862665
181.93133651584935
181.08086382243204
179.47248375092997
179.3002480023094
181.3362168698256
179.84845690410978
181.34315029406937
179.36461573708308
178.70429861617401
179.20749030539193
175.76575080640868
176.16176283975818
175.61310712323535
173.66545525914367
168.54727242377945
168.61242884017767
167.85159771485633
165.33557762184108
168.00889969551892
168.05735245948352
172.33780562491376
175.088808825385
174.12711822860814
174.83878433062478
176.76216791666906
180.5881313620678
179.12006622749365
182.58197202471902
181.95523919961582
181.83098242793952
181.85030104969982
181.34303664458255
179.39027226512144
174.05940575106857
175.92176548862327
174.10189585255014
176.805493191533
174.0292220943433
174.0494724325766
177.5744178329491
178.0715506807428
174.42980509414153
172.03960134159792
168.84563014302066
168.47377120301468
171.42220875347493
174.11030003762988
175.99038309602088
176.09110062510507
173.90153408667024
177.10562533993178
175.868570371005
180.34855765808888
178.9815459302842
182.69412780110582
182.39317662223533
179.90502891771277
180.23284843245412
182.2628874624992
177.94817067021995
175.00025866461476
172.55579949510664
172.4016810620674
170.5135485136729
170.60502400099998
165.97189427093588
170.16262819114124
172.01236808774172
171.3208710707993
172.38585487214053
176.09608463168863
175.53063111398052
174.9144594436873
176.75867510623246
180.24559520906996
176.00866676446068
175.92796223660554
178.62988899091295
177.86022996570327
177.75862559533874
182.03613550954438
180.70472714413523
180.5684024511905
180.5191695895428
180.93666866644853
179.29493745286393
181.94351370284437
186.0588661161948
189.8881790031474
193.22347778819775
190.0062149718523
190.5458885949977
190.21060912933277
191.50761867178764
191.93568485641921
193.90051593789406
195.40838616237917
193.53915238907103
190.52479926647652
186.31193565574054
185.6892520778776
181.51447503301966
177.92085241898528
173.52315487442584
168.74631558879966
168.26747804479731
166.64249358608708
166.90124352372524
169.3386460431709
173.98747463256632
174.19613699891016
175.09023996494037
176.61475312146197
177.33712602061945
177.5479835694384
176.72792798812276
180.34943504248406
178.98734025859972
179.82920323376646
177.24607041285225
175.42258991681678
175.55748403912867
172.94446294322364
173.01787006585025
174.7434201162569
175.1925705430471
175.1732703108097
173.85817038555135
173.7968575046159
175.20473645945478
172.62392277018392
172.31387660158336
174.3763945967317
176.3179934578044
173.48867308126572
173.5375810619224
177.43117052930614
177.71058148139184
176.0862346451154
174.5660700473624
175.03641446849696
176.19416670975207
175.73784616291087
174.8829169601173
177.4456789507741
177.3471116981111
175.1773592148659
171.44694399912765
167.87775990018207
167.6279350065621
168.01520940332304
167.8580529432866
167.80362772865337
168.25121886633954
166.7417372500076
166.7779065368232
169.19559130184555
165.03295579907504
165.5923756815382
166.06408739758066
167.72450798338338
170.68749958469243
170.62791167765263
173.0596955347612
172.72200978255987
173.29440346587097
177.87710901538696
181.45704403181077
181.9504186052809
181.3323654874855
180.3420917048668
179.9309246128905
181.585257322084
181.62812353282953
179.48756259274296
182.3332824221157
181.859325506236
181.06235919404355
178.57682655507043
177.14240300571385
174.88488604221317
178.64990330056096
178.60001820583693
181.36091855362943
186.62165741345882
182.6824321765091
182.60404646221536
180.81559736188055
179.97257382189113
179.46866676676086
174.33001356954586
174.28208856857083
176.98498982467552
174.62687310664427
174.17204513037387
172.1272125464126
174.19820621783077
174.26193560552883
171.50436977545831
174.75169480150356
173.36614954579937
173.15934629830727
172.38901189968448
170.0419324419336
169.8762353266654
170.5727008884142
166.74164310060561
168.0316867406646
165.84525819953123
169.41403369866765
168.6327424876316
167.34507494618583
171.21147795842379
171.17809959183677
166.21217433826746
162.7734826084766
161.75822545831596
165.6174028495873
165.69866489174424
169.53385036931306
165.46190452189566
166.4320812255262
169.3062920863595
170.68380144978687
174.35897532078403
174.38694809594307
170.98414232560413
174.5826059877433
176.11651690612348
172.34541480888532
176.56715394709283
176.65674185136643
176.5680155979555
176.9144704647435
178.39820577258223
179.51511453263447
183.91209867497417
185.8424822579262
185.6277675051876
191.0996950632089
192.80605743818552
197.1215134303074
193.3903061774192
197.8682777149127
197.4843608369897
193.78580163110738
197.3290915357215
194.07023570010455
194.53716916957558
191.63915411787394
195.01838448556717
197.18399399700564
194.32232106318787
189.84742403171143
195.0910898281175
194.75813149123843
194.68121227981118
193.1585283209526
188.04751630608402
184.95145395273423
183.80303834392313
185.9864169968735
182.01092409401045
179.02819303186754
176.02773231605235
174.63170126676962
174.01917476681675
173.89678562189167
172.34256280784268
168.5586059627496
168.1988382591776
165.37940248840906
165.24653465291888
162.00003472912405
160.17395696278123
160.55819316706004
162.5919041108129
163.31592995769455
164.84590607911025
166.56963893531625
165.00112468344687
166.44705331871168
166.51551371540964
166.7671943732626
167.85555474000944
168.05150521578042
169.03923897520832
166.2640541342679
168.39194882400733
171.39479075234217
170.64042513045115
171.16476295375696
171.75784555362975
170.67126186163506
169.63338811160324
166.44334281477092
168.2975573476806
170.4316653134508
173.34548901362888
173.08152624489819
170.1450098561383
169.4438806279529
172.78861416073167
174.62200841904024
177.50872324613766
178.59912154095903
178.65811773984393
179.94480217789697
181.84966137855082
182.25211786868746
177.82929180182347
172.50671696662715
170.06091680724938
170.10387733081075
170.29218167875842
169.91931399290576
171.28930899350104
174.6130361858101
173.9015164474252
173.52974459540283
174.2794997253549
171.04248560956938
168.10876704809274
168.40050587211712
173.31022243649898
173.5801448872859
178.12872258263803
176.4003830149339
179.007811127413
181.94002914166927
184.08655517509598
185.91530368193247
188.48097782887288
187.4476275082479
185.86874773577392
184.46047000375367
185.6057201763139
182.42778907503896
187.381825881847
182.74391390326895
178.43081554059768
178.451347739046
181.6303926064193
184.90659648173687
182.96867942529906
179.56030570820852
177.95152963942408
173.11074804160077
169.20549935396474
169.2355009651224
169.16092454421204
170.24843310763944
170.81332609955206
174.6718758674406
172.69992491766018
172.8417138778099
177.76678710750585
173.78661544711298
168.7496156453355
168.95599305408533
173.99769262147868
173.89279573355807
172.91888178496785
176.20714621427885
171.94575960320233
169.06541515359527
167.2538427541928
163.84709290335354
164.4937627283963
165.79390741161598
167.4508635963194
167.31281996602274
166.38942859519952
166.27922393778766
169.92743844814567
173.06096404404363
169.21750294838367
169.88348274626577
172.6034250542391
167.70298218171
167.54665122915404
166.85490305573424
169.078803624515
172.07652205050178
170.39334664211435
170.41039325401843
170.79942532163614
172.9972565192827
175.08415757638534
177.2969457921967
176.43185255011025
176.9192298967584
176.68171112758694
181.88450166383205
183.542300152106
183.10709066238738
183.0769702518199
182.30208972736415
183.63117453989926
185.62023120794663
185.131496044627
180.3084810651431
179.68333001280993
179.52324869202906
179.54483681811408
178.6931224140243
177.03297043727213
173.05259994033233
173.01261276982115
172.14743460295205
171.71689191989245
168.4283735758127
168.18189376081793
165.2398619425606
162.09883204734066
160.46404089582168
163.30569479556462
163.37250344108955
168.09097208508172
168.97945689312562
166.41046122622393
167.57551522309944
162.6255838961415
162.72267958267432
165.63711383639586
166.3909649003246
171.17842365592753
171.61462492982048
171.46847382555788
167.1812448854674
167.34131230065583
166.53569216385316
167.8393908061705
170.2183765430136
171.17797968054722
173.56377864702173
173.70084877119842
170.87277166168772
171.14490041332294
170.81297843932802
173.50221811497408
171.18987869549593
171.66188312605024
176.63202764278725
173.76869567094076
170.14031278686247
174.92158363496574
173.94462549864977
173.34701816071765
174.7078230274937
174.58307176671076
174.99726525528447
170.0107057995477
167.24030533184907
164.0607799425169
161.5617782103593
159.53162111744527
159.44000886473796
157.99847151968126
156.54992313625624
156.67586519341324
159.19031990822458
159.5128176127959
160.68192694340775
165.40116993785696
166.47564464833334
166.96115723841754
167.05530679914287
162.82599359290924
167.54454299789035
171.0195810943598
173.31293394127408
174.0107085238394
169.65314205718548
172.91630078535835
177.16499136051075
173.15488191618482
173.5392005796347
170.51479521106256
172.33774477080024
177.02795888567513
182.06285192139134
181.79480926880888
183.340339116648
180.61269540350222
181.0495575322711
179.7466877101658
181.21671564666374
184.43219332470235
184.07089678987438
180.50932765394197
183.34349687090054
179.84481093933252
178.4495030346358
181.97336485144402
179.192496290434
178.6808965715906
174.1024661811648
174.27461168087143
173.87401580493434
173.6519139999122
173.2488229536463
172.46292375377658
171.95071451945083
174.5738350654346
172.83752332651434
168.77910623060035
167.98383127297063
167.16670894259252
166.12661725322727
165.56182488745944
162.73620058574878
161.94626615264062
162.81634903952946
165.64651695558518
168.96123550873355
170.54318370894495
170.62534192006757
172.6712079075288
176.91539564001485
180.9305009937509
178.0199529965634
175.86040423517605
180.76118231711638
180.28206669659482
176.5540836176167
176.84112723877712
176.92247231932853
180.88932509063832
181.24562357891492
184.53224141613586
186.7385138483133
186.15326582013117
185.90678289360295
189.09101708901724
185.1665562959049
182.05421433283337
179.37362292300438
179.24039168173897
175.0390584504555
172.41661988341937
170.1419804030109
170.29556655576258
168.28887035004598
165.54202772086165
167.19923146160633
166.17125875597296
167.97640366079955
166.62421637241718
166.7215345871936
167.36790441667657
164.0895690366866
167.40711317712524
168.5407686256418
163.76457567106164
168.00970996434054
168.05083248392452
168.16734193123554
169.1405574611796
171.26641353494801
176.3681398621526
176.1592063312249
180.327219921032
183.25276609033293
183.61084461280927
180.62818609523993
179.2802097907162
178.74791749904594
176.4293516421603
175.70240700662228
170.54676558814188
168.0794289058284
168.12652205496906
165.22031707397244
169.09706666357968
172.30016563052786
173.9326502966348
170.80838664948155
174.8040163640268
178.19160435702747
174.13606834272247
174.05823405452884
173.83630084632682
173.59062653254384
172.03348486727364
172.2725397293784
167.51285494659243
168.2303517667399
168.204923318826
167.83173263578178
167.3370959087792
166.06579172643984
166.3566104378075
166.55376139710995
166.83114205245982
166.92340321930487
167.25987951760754
167.93630216457865
168.471782868071
168.41037159579992
171.03320838865872
175.76385002332412
171.55492675012152
171.92821990039047
170.86378316730514
170.38160841597292
173.59343812320571
177.26158373156815
175.07842750438095
172.2172362855403
169.33731604609676
167.77086719914058
164.06290593867305
166.46216959632824
166.95305131349
167.48678427779572
163.81077874730374
164.13182674505347
166.76217159085968
167.1359983009062
165.90566110343605
160.97980644246917
163.50758073744862
161.38749170344047
165.57001228419267
169.13936790001642
172.31405226336685
168.26381630887875
168.246946672879
168.46406178406028
170.00341312632455
165.4596063375949
166.8688453259942
162.61026241356572
164.897209326738
164.8457021909042
162.0194020804107
161.40191956028838
163.16264019346897
164.04430120205828
167.37134956852145
167.55614784208487
171.6661129738877
168.9651518811077
167.33496660481154
163.0808732803468
165.0256241087773
169.13828154343602
169.36506716075493
168.52237536726307
164.62525475008312
164.74216184697423
169.33788344084462
173.66333305059723
173.06526465812874
178.126632112559
176.96170608551847
173.87179920530616
174.02770696821244
173.14593765189025
172.972803380812
171.11063113043184
173.89631110153272
173.824253411642
175.73407571634974
174.77595565565932
170.73329620678365
169.73234980347573
164.8605761576118
161.2867986994665
161.476975117207
161.89851706305325
162.96848494123526
165.0132612653593
165.1824587053016
167.20926514396655
167.8761847552759
170.04554769547278
169.2418808727865
164.76545505777452
166.13225381538024
165.4309197519357
162.00124807231668
162.55463289108587
163.13331151368897
167.61500163362285
167.65379486027444
165.1202101939441
168.95135169867996
169.33052767730564
166.04459247682902
166.09273368854923
167.1933421640033
171.418992331272
168.78067298128704
165.4157157701137
163.63226349360022
158.78788800675753
154.41550734532385
154.02572926679247
154.4350523723699
151.73067897395683
149.91744014910856
149.93337175737634
153.56628459928382
156.09607337771772
156.136609303473
153.3883981002899
153.4979271197313
153.25374083757936
155.21661352652836
155.4050487093929
156.23372459200675
158.8795931701565
161.30161213825193
161.36488395333149
161.43431337676077
157.33737207268965
160.33232532307136
162.87355437639525
166.73180819015866
167.2254355962419
166.7262276327536
162.2078376415795
159.12931017436134
159.01514262414187
158.99100013964193
154.89187092338466
151.16849151198153
148.85957071819362
150.78254347246298
150.81977804835452
154.87352883879538
154.98330682094624
157.51486697335136
158.68018634319074
160.75491288915384
159.0239221150755
159.06470282904618
159.43752684708434
161.4881566351276
160.78926810603673
160.7698838119101
157.88876434440036
153.44757236629337
154.84819447504026
155.78210279121882
157.53441525903196
157.65992157595022
157.8805955127624
159.9286666782094
159.94832964109153
164.66785345225225
159.85880693909598
162.16984620166684
163.5047025031274
165.83137773057805
166.04511080049934
169.85441311308395
169.01608682336465
165.73913722992947
169.0303463537527
169.29769913933256
167.72396632360181
166.90794473394303
166.58198314604653
167.4729252273644
164.3792106784453
164.26708855313353
165.51831895766853
161.123443161486
162.1069617233977
160.3023165497463
159.5642851002453
158.97464739622697
156.88516851176342
156.52684172848197
158.2947593948155
153.73299424702728
157.47799865084576
157.39982285988867
157.99873578946995
161.24604627640767
158.76077351800396
160.32495031882394
161.70690323167
166.1545530077323
163.19842626200693
163.66869302188306
159.1059669709112
158.76753153099008
161.4610211947378
159.42668224780053
158.50317818350547
161.46862622338088
159.17293937944797
155.8299540143197
155.7115452566134
155.46061937750198
152.2824249608878
152.7422886884409
150.68780122527153
150.44767342499725
150.4708156823119
148.0219434205267
145.5620900041569
145.50753137755305
146.39791554448092
145.64150980450046
143.55817829427443
143.96764356812724
142.8340175755822
144.44746165641797
148.36312928298054
149.05476785939965
149.33110397635986
151.405513479003
155.95642305029693
158.177547502758
159.18383408900132
163.62046843201085
163.59578637072443
166.9950933374109
167.24313669154196
171.53125582688293
167.9023884163886
172.72704489940796
173.2734260677358
168.9315420981232
170.11226561963895
166.02164325797398
163.9188399019411
162.22711976407152
161.8100636862406
163.5929959663394
162.1446900350152
158.57281119939285
158.409331213674
158.02512252504064
156.8801397225325
157.53474256264826
156.82079651703506
156.23129083683432
156.8969526777645
156.75398401848204
154.95532837226057
150.47427890518688
153.99750485513223
154.37130829060936
154.68828980590254
151.2052993422414
152.1007733862801
156.21615623144564
156.7482409106443
159.6660125540837
157.2728048691285
157.22858207376044
154.51642837734357
150.90015657458005
152.32100173607404
155.12272606156762
153.06148130874337
149.580041343494
149.03388161586537
146.9823794364454
148.17697411499725
150.57648681343156
150.12932903635308
152.03766165137966
152.3887120476148
152.6302593069536
152.70743420843624
155.2294213687125
158.49711929264487
155.9324577555419
156.25467389697937
155.94339295510252
157.57836181744284
160.7795672537309
159.10713503841424
155.43113032364974
159.26649077451538
159.71475887580613
159.5744270568607
156.97712325851498
155.37600669567905
154.69408131959915
155.10229414034424
156.59110489238998
156.56536976752543
158.323843978781
161.84489124990702
165.44878727970678
163.32690491614431
162.8092803162424
163.26180893687982
162.45720621859468
159.08037444563357
155.2002540621232
154.89056935760848
158.4522039779453
158.47086532607923
161.5242921731318
159.51981208475007
159.49869158335667
164.22286997893374
167.19775818382675
171.49246570178374
175.31676465575987
174.14613603484764
175.71532329798404
170.53767543101662
166.21160592780984
162.07288090918038
161.75604971280396
160.34375418995748
162.69401873876578
158.57148256541768
158.39420774280515
159.7005683774268
159.60381004079125
159.41301513653593
159.3919602337161
159.02714114131174
156.58311338503864
153.7754478748697
157.75243070498803
156.62490929221113
152.99329668842802
151.16155409754978
148.08998412549872
145.97283538837289
146.78860498050818
147.1543736571486
147.13212105161912
148.58068185586757
152.40285955058923
154.33125413942986
152.3313263701908
151.45677942119812
151.4744155615404
150.52868484775297
151.9542905310079
149.81485379990733
151.3825584372387
153.5377495432655
154.36284029289214
155.56589726651185
159.69022870564498
157.4096390715854
156.8163568644075
153.53304249742118
155.86682106216463
151.4710420900017
154.80797866083356
154.39467439031455
151.5039448181003
148.4230864180953
148.9354029870916
148.25183312542597
143.86729757984432
143.52155593053962
143.7384261068176
143.77744799281405
147.49472271055274
151.3235197355548
154.22703960162625
154.74135903725326
156.7591558609686
154.78107025189138
150.61979969831467
151.7513345525142
155.05939736967625
155.1152107767293
154.68719931314615
154.8698483575735
155.41020945463003
153.48124594885155
149.3702840080942
149.136404690511
147.82321934804608
148.59324441606444
152.1618699985639
154.68792459475412
156.9561817271043
156.558820396742
160.74204502209696
161.04723873054928
162.65789874803033
159.28595295866614
159.66137528800425
159.54520691439777
161.2291242672391
160.9939032366253
160.85259136189248
157.91708365636387
161.58870172513437
157.3627590436319
154.98404647458457
154.79897685788941
150.24494616275652
148.4320360319942
149.62723354471086
148.8320319406343
149.4984461566732
152.35993881691485
152.3153047780827
151.41131776116856
148.78274533154973
145.46247980437047
146.2903680345042
148.8757831114602
148.8552275743337
147.4552553500999
143.39238309456917
140.07536527321483
140.0315253836088
140.04897602242357
139.58427997060016
139.69819947479382
140.52756926248418
141.13842234615836
143.3503972670789
144.33318025819312
145.37608517539712
143.92864773215587
145.13211822519514
145.27977958827782
145.3179546776218
147.46491323241096
147.9153538306676
146.99405833347146
151.1391232574344
151.55181796997846
152.1733163347421
151.9447626510032
154.9412149487161
154.7356088282183
151.6479198580853
147.6070879059335
147.0061782467869
149.09095655147013
149.110964229089
150.55698972913888
147.84440589864545
150.97911896060594
150.99454004811886
