0 0 374.2459547074205 1.6687810768132127 18720.794880138685 1.3
202.1752617801791 203.21335384847964
204.66888585597258
202.4325951948211
207.9854899097506
213.2698759202654
214.96465397855638
217.55300367720056
223.20236921574116
217.39162641085088
217.36918258758595
222.5936318829291
223.44823749316976
227.01622515699535
230.49914061473305
226.10665041174707
231.02292461969765
229.47226423812825
225.8412336007873
221.44643370411748
219.24886865823123
218.8919596226283
213.3743262676477
209.33817091052157
207.4634885690799
206.31035649621435
203.6138822877365
204.38377815316997
206.23353067557218
205.36342692988407
210.80451872747068
208.75928910733538
208.71185100778902
207.9925531329899
201.74784579264764
201.00186455807633
202.31418260683796
206.0748135536238
209.68152901091543
208.98601678113658
204.63812906596826
209.95714552342272
204.89119831761252
201.92881604304074
201.09981307947265
196.12804647097747
200.19225325620405
201.96816137880455
205.37278261628495
207.00555015725115
204.68553441492847
202.04704334623005
207.07508042705103
209.54641106390943
211.17389825341985
217.4289832668606
212.06201965834717
210.30264911289987
205.88528214234523
206.34786898750767
203.1339377355309
201.49352524020694
197.41732455398136
197.93354552235206
193.39209789373592
190.42620656038946
194.98148120722522
190.54137987057044
187.09275232699045
187.71725984646247
192.97906498235128
196.47593487335354
201.52454589861148
206.91029699241676
207.8413578246113
209.26319212571556
210.63375071446413
216.09802638271103
211.70656848237977
210.29026318474598
214.38788806862829
211.53102683941057
210.7602406458821
208.9724451068571
208.62724637360773
208.59733456195428
206.9939803781727
203.47822849431483
202.42561462620185
198.0881194603693
202.7966738883851
202.95754853312238
203.3387722677288
203.4294830971343
205.642490181386
201.38540472576184
205.3249871717394
206.0599591935108
206.28678399971758
207.75096967202794
208.38536859524018
209.10101171143756
210.20121224862794
211.9178025502671
208.79063452728127
214.5946750608977
214.6506326989908
220.3259248724792
222.77442458120976
218.88413412772266
217.6209381663596
212.3505616713442
213.75237312495128
213.62134818910363
210.68635857530282
211.58654996961474
205.44621869815194
204.05059698408022
201.43084262848157
203.03766071053244
207.4670333581219
209.8332374442265
210.0743852735344
209.64583571615728
208.91005457391404
208.63347419391857
213.7485318638553
215.98016176138464
215.2460165787848
215.8511557865231
209.55167569914508
205.40931174496802
207.27403007802974
211.46802251427536
211.41534767438765
213.74159498844256
207.42662899748413
205.93355512006138
204.22046808055293
204.25950162102365
200.85461460834912
202.4145395096326
204.101136650969
203.79596346303964
203.41106858044682
206.4134438271937
206.37975880399068
205.9579966330313
205.45958079542825
202.94787107848936
200.43023170498154
201.59350338038223
196.4704720174916
194.47731506331235
194.49715652469968
190.0277585224499
190.74640068436145
196.16657519709378
197.5028537350564
199.7209870512338
200.29257461037417
204.19559405217493
206.9665893104215
208.89445785090797
208.51829588334434
203.5446029882312
209.13828115321863
208.9544752203461
209.22797282433675
206.1611794148916
207.70694242433942
207.73398281682273
213.00827482877088
214.41934260686526
216.8872683576129
221.4519081644197
227.06647384830194
233.8425104764623
232.32069276772614
236.29803988494592
233.81320461179106
237.4844036424288
242.5160828104209
240.35548076149362
239.6323855523817
236.7412622230713
234.83456675742025
232.4355968397313
232.1495497087755
228.57230952738936
226.25545773438506
224.4282052202515
221.912827288393
220.53413387653896
214.55235622090214
211.53219874279162
215.99974009604338
215.01100877700247
218.5306533390668
215.73629784364084
215.505165917424
215.6528320406303
213.86963825871175
213.8324692118946
212.99861949519718
212.62847632166478
210.10712157853385
207.89130022000552
204.63089887685388
210.58885458697787
210.74436583951092
209.63325955980753
209.7500524430401
211.5012209514456
206.10654185505328
206.77574640177443
208.78217281136156
213.333459539876
209.63347394287035
207.01583940222932
212.2760677268819
206.8499901043225
208.0822913050344
208.7897972408374
214.41382715198003
214.25588746776515
214.0856782357632
208.61670782508412
207.12707515748914
202.33756275972087
204.96086628709534
201.08619618705904
200.87608253499553
204.00898296384935
205.1262096389981
208.99323761102414
209.96039008721945
209.42734095184613
205.8939346914591
208.479317132302
212.61160665241198
212.67750206039548
218.1175002766633
216.9573216065321
214.13826408548596
212.51258846889246
211.43934654543332
211.10479609171654
210.84677415899455
211.53399405820653
211.05632038236323
211.00365392710705
205.00696934248828
202.415715799107
207.71995133733526
205.32826512497206
211.23643429458312
210.02439429308598
214.51093374884795
212.51760439064918
212.38084528030393
211.2949211535816
211.0990769436208
206.3705211304453
201.8922791461646
206.1851491720932
205.89556935168778
205.86991694124234
205.90155881502466
203.52528284908828
198.0111427549072
195.44169845572117
199.68689963965724
202.1406509959212
202.23744593090314
205.23595758997212
206.8327775314148
207.089044079008
210.03955395562545
207.81941805410915
205.83416576220648
206.74805236706382
208.93197724382102
209.3373268252927
210.25942995282304
213.5819419374487
208.72234670202133
214.69579789507821
212.9929948008088
218.24895080809105
216.909023178016
216.94923247526623
212.71620636329223
212.07621256774001
212.1784579730977
213.1818661903282
214.56945309922745
218.4779101027731
221.66157345916002
217.3091745492105
219.33334294888954
219.27214449351465
221.35001199301723
227.95994833483704
225.4997826332288
223.31614018570056
223.95008622624763
223.180821698159
222.90027306593623
222.6096770380764
216.98511904048598
216.00335952177122
211.89634798261136
217.66409545170072
214.57420689409557
220.26654620399597
219.14813874671137
212.7544474620815
209.32036835614542
204.80796544342385
208.09747770024336
207.66895876109078
210.70351793086695
207.9868011040031
211.30224668863147
211.92753264539704
213.39339678817785
209.00185643180683
211.26411516494454
212.62712394210962
212.7744112053002
207.21304638278568
207.52671207766275
203.88822020376884
207.99752109171308
203.42307491764234
207.63501987756956
211.52454704727262
214.62602205092858
211.44726689193865
217.37575615546572
216.91377465623214
211.77293595442404
212.45898973732804
211.7301576340365
208.80861900856337
209.4881352825176
210.6526740408562
205.2706981926936
205.84537939190866
210.41966761816022
210.54643752361991
212.6032312026643
212.52032597230627
215.1066913696356
218.39195961147522
218.35510117914842
218.58551420722324
222.61826330268354
224.92158927146903
224.49492249823024
221.8826575349863
218.92142736727928
221.59413295787843
218.7057803676459
222.0148119721291
219.4945280858847
219.96082151350535
221.77044176929175
221.72927659944773
221.37417997922546
218.0773258138594
223.24805082144934
223.41806098497486
223.69943336702326
218.19398907626845
221.33265664135678
217.821189366608
218.75542319577255
222.73469160982813
217.37833165669323
212.39344490117267
216.75685651949277
214.19955685769023
219.92536692225008
215.93951821055694
211.58134434030111
211.60433589900757
213.2957830476812
209.52665516289915
211.3184668929936
211.27796144622704
211.85105206237512
215.68518310870314
212.4135291884353
212.67320438167044
212.707038957555
206.7145210069064
205.49011045720422
205.40905315979091
204.787137083069
206.08542624158483
208.09299662838743
209.42075141658333
207.5533266849013
211.71379608317878
211.4776120038854
217.4033191280822
218.42643247454328
222.32492114095837
218.92637055311957
223.9107340164421
227.84233241849577
227.15265133670835
227.63373560255653
226.09716451357954
223.39998409037992
223.4294873466274
219.991191192184
215.21034823591995
217.85667524048392
217.22760335201247
219.99409393927516
218.08540725203312
212.58806293124036
212.42388297966974
211.62148038758514
216.06123210528975
215.56739418128367
214.5895447441882
213.6976998418572
209.49597542413602
212.00240969100236
212.09353399696735
211.18258818883743
208.0240112826595
205.98874023579185
205.95862309297945
205.718157874142
209.16117938292845
214.23644333036003
212.46683220243662
217.85488859119852
213.5166075491149
208.72835935150323
212.39701259301142
212.2173136244681
215.541357664132
211.34803420840075
211.26278270882275
213.29303773589487
211.22702408924997
209.12921452468493
207.08134608416876
207.45825879842573
202.08990613252664
202.6935152418894
203.35075680854573
201.940851575238
196.49727642205906
196.8513496365012
198.71728136165447
198.73842378369673
202.79455599667614
204.1797317815646
205.04787983232947
206.85738764921027
205.65703794248938
206.08883995099453
207.5479663834901
207.62423069004635
209.40827543207737
205.51368302029525
206.52644764749587
207.94712249702383
213.705355245116
218.99993664349293
213.8698028958523
213.4931918784429
211.51148573720369
213.25637713236367
213.53301346854752
213.24732687299257
208.92109338183246
209.7465023862465
213.6342057891611
215.8568957255237
213.61727789447707
213.80685233893294
213.95707767737395
219.30745411216324
214.70502781731847
216.05862154724915
213.06898678111236
213.09113679999447
213.73396170530214
207.9386013727222
208.6271971090464
209.57437992868896
211.23536830110922
211.6365396318828
205.82404613906067
206.8725299260156
207.7561686650808
211.362941123016
206.72930583260964
207.83791175593137
203.92015728029423
207.83142614538497
210.66902542161432
216.57765097309928
216.52267474720836
212.34944229452987
212.30594467187768
216.33595599844904
213.15121704343676
212.37680419858694
211.80246409240246
206.87612014416106
204.2787498948506
202.9126691084315
201.30991182497925
197.91126680140653
198.31537204203462
195.80642488936277
196.87116612735198
197.7452863517378
194.62158206167564
196.64371509210892
201.83254959043612
196.48801802914662
200.20322063252348
199.08487593375892
204.27301427402236
205.9168936005077
210.68594085258266
205.75669990151238
208.02009024072936
207.58750836872005
208.22639457167224
210.91522209886176
214.98492535865293
214.56046923390923
215.25962011112216
216.08322832245918
218.058220217309
218.08003408550923
216.974529794906
213.79628680481622
212.67565268310753
207.13474936890572
208.59427705478083
204.8748820965163
208.95843475066044
205.6009262883414
207.06968062053807
206.6994975972368
203.6728553032566
203.22829872379825
200.49758231975173
200.16031725634969
200.93356315963996
199.3147133487264
197.06784100545346
197.44677223570852
198.55588827226325
201.61527326337878
201.98300854898838
202.71400853026236
199.099485789658
199.1195014062714
201.61872069728093
203.37199112613297
203.76402485667674
203.9358438066755
204.81681195045212
205.08121799722727
205.3789728277951
206.64362398470846
207.4806826126104
210.69213568958475
214.07517968332414
208.45740514724773
208.8839021796025
207.7665051963351
211.8712028074097
214.66694102161165
214.1330169322281
214.89301912685403
211.5096904899873
209.0942398650231
210.0276910589599
211.87460678580874
211.32417783862908
209.57193111770772
204.72741405159084
204.70502878661847
200.78184493754276
199.2281964044056
203.93827240465308
203.73399553610574
208.39493770031888
207.78576425551898
205.5878191808661
205.7719598509545
207.27687787692912
202.6937566548139
198.72812063146745
201.98876268123365
198.19358886999422
203.68277196709516
204.35067035715608
204.05357445096746
201.93110049387099
200.1697705849833
202.64987604323025
200.47500619176296
195.35912309619897
199.366072708022
205.3275408393044
204.7440457074133
204.22583293124177
204.48595704278992
203.56367838722034
203.39186509796065
198.38518142875463
199.29816792894533
197.64700259881295
193.05641874549477
191.0514114933524
186.39523518259014
186.71568550609194
184.14547734943272
182.35641803761038
181.37305818865505
183.40172901927022
184.12003986365923
184.25407585031806
180.31725924145482
183.57052505411593
183.65344727720276
186.32483327873265
187.1925375411246
187.41701104566863
184.52579183303985
185.0553895556199
189.07437004679207
190.24372546435285
190.56848825382767
194.93041101556418
200.24488032950936
200.22369977592126
206.16388753061662
205.84715041202207
203.94075979365678
204.52766383273567
201.66362497172705
197.60476345115387
200.88603499365362
196.87666176666332
197.08002144821685
195.35644056547835
195.30206881275262
196.49449817338936
197.28329333104253
198.1176389575623
192.91880599643605
192.73534733029715
193.13376238835195
195.8429158363569
196.2061062468001
197.30838930230775
198.0776861104407
195.87110143044632
200.4725529341801
200.72500375214958
206.15100273657424
205.76978089268545
206.13071876217987
201.69715840612545
196.8831701868185
191.04445083160505
193.52365739820178
189.50084627663074
192.99189025106364
190.769857156282
194.43689501549676
193.52472361877196
198.6792084278235
198.3368708023974
193.19907685559386
191.88429107951174
196.15464463825063
195.79538814260178
195.32416433403802
195.58988961268162
195.6943864395407
195.15258327792895
198.16070027194226
200.792935056325
198.6202119501997
195.0259451854699
195.92067026129124
197.88943644285445
198.508681785429
202.75579997191642
203.55443812004802
200.50263829497132
200.462691653255
198.50842641268437
198.02473815600555
198.05929898614693
197.48082514953126
193.93523114930915
197.51230033059326
194.46780045880993
195.83863905724195
199.5611088643348
198.98458102538893
198.48096775873572
198.45849158422908
197.51592141534329
195.14618310548414
196.6187046752335
201.04292657469773
199.53014579979617
194.34893115851693
193.8807415085363
189.36482727088955
194.18911583527174
197.84833611513798
196.9932620668539
194.05529319228347
193.18119967163267
193.87578965736742
189.09202707291283
188.2651985123008
184.4716174414603
186.1620964970166
184.98884014004807
187.9024360687648
186.63929915934116
189.75011766375485
189.8905794977909
186.98208483568908
191.0755497408284
191.33829148067744
189.98397251223082
192.38946304785546
192.23624050311457
195.50668832377497
197.77445530648927
198.9758756337498
198.8597461474088
193.69671885027367
191.8880109395774
193.51723729461006
194.66044897407718
194.28535881971487
189.24375566163252
192.67281094946472
193.52546600721863
193.92548493824987
193.993239427602
194.61335725273668
194.6963972520794
196.1198486116867
196.34430899359853
199.7213672313934
196.70832710016572
199.0795925808221
199.63031242010064
198.50684934141475
199.37021070551475
198.0505058032953
197.41012086587003
198.2730060526345
195.712275500508
199.59691520896087
205.58408969552494
204.963779182137
208.18687445182294
205.90528570138747
202.06197060158945
198.773751375867
199.42077366858254
202.1478679163731
198.9899537754469
198.783904897235
203.50357168768997
204.29093928060541
203.79221409830544
207.34385604573336
208.7052784855811
210.74207492538983
210.6138274341357
211.23483308599097
208.97384370710478
203.5844063483164
202.09408324795518
199.42227819885596
197.64286566722566
196.2705598683179
194.6687477510373
191.72740650372876
193.78176019393362
188.80694048885874
185.6335099170389
188.0034571250153
188.38732904294645
183.40089012648986
180.8445540725756
184.31833175015822
181.76811682718466
184.59816654042064
182.56946069155654
183.00716698743716
183.60665988197425
183.90638737774484
189.25482440334815
191.03286598140306
193.37782444944938
197.2964440605252
198.77845596716105
199.39670876140033
198.80074060505024
199.9792709377012
198.81807395558113
198.51325618366596
202.8217864803375
201.21882794915575
201.45076014622484
196.1759636378175
199.18828038821007
199.4190001440948
197.22954946927155
197.93122239282042
193.4107300817729
187.67099696379742
190.06134082821
185.56680517729225
188.02812304643797
189.80267435588894
191.9577959677542
196.80702764261363
199.13491891730513
199.57855084534998
203.96978120791374
202.82299935307427
199.77131445464252
196.57996717472903
192.27120859406116
190.26141396211614
190.48511426514776
190.95869131705612
188.9907387538617
189.04592288277365
189.12801045436123
192.05438799391436
191.7216000294174
195.03552550044202
198.94959538575822
195.51709667988
190.09931682764264
185.89988607039908
188.56099239518716
189.3145984054477
188.058957508373
188.6346904239044
186.77613727475722
189.84255935079887
192.15961606520685
194.75349265133121
189.92698525798923
194.40607185253234
192.6753247084166
192.71394510837587
190.61319442382006
196.1717905099683
195.54789000520185
195.4897958287756
189.770920501046
188.17473655439662
183.18747716375697
183.1374605561082
182.96902048934953
186.97039314713027
187.21601172899332
182.76258626213198
185.93683815363812
187.30423465798228
187.97256715420244
192.69753120216453
197.4817519585125
196.52112184431738
196.48155861998077
196.37157736775657
191.0111854303224
196.04771088981425
196.51098327749594
202.24555180788238
202.60995391107608
197.40039864618606
199.57835947396333
195.69841686375736
195.6627730314418
195.7802329378943
198.77356511038417
199.45348761386597
199.42895710097716
195.27233873823903
200.80270362594047
201.55366173657546
202.917088824238
207.01432020549922
205.85850224609072
206.64004625480968
206.35628305137925
206.60743312223826
206.80827478036102
204.69190015495332
204.60159358798515
204.30923637968266
204.72488725656652
205.27857706276745
203.11208805258772
204.0536718077073
206.64133599279452
201.68752547405512
203.9919475124557
204.85094041558816
201.9565148115539
200.25023743387953
198.9889332497695
204.63855849513587
199.14126972377738
196.07020073356122
196.0459557147049
193.88174147879437
191.91161213438662
196.48491993571673
194.38624327954423
192.5840963546116
191.78730979943055
192.79189667102435
195.1625873152995
192.69377619966286
197.86420158397905
193.62488968092688
197.03683821530382
194.9642630715754
198.7432278800805
194.8641855994668
189.82490378783973
189.54181765072846
189.22465112909686
187.23331673589195
181.70442431185432
181.63059977734
183.78127934601935
186.77417260209762
184.4581512121128
182.56625054286013
185.5339127887138
185.62430264825375
181.56295824766843
183.09796408765578
183.7452766259262
183.7040465966819
186.3320082156447
191.04622428883104
196.55075971877451
199.579925239199
198.82691799794355
195.70121958350413
193.9811987947476
192.7372859304616
194.99775549365987
194.13018532064694
190.11415534173378
187.45489747773033
187.8590185318921
189.99927383483495
187.21479339243723
184.3857867941615
187.96289873867292
188.31994691244725
188.7231166522711
193.39727780481712
198.7313014421847
193.21414999925932
189.3488552999086
191.58336782917993
191.0524269769554
186.8329005166726
181.8044253670481
186.21716453211013
186.57484923249172
186.6510547002496
186.38187417512637
189.19165914292944
190.53579472559738
187.31717514405383
188.51599402896593
186.1206823753284
184.91347141620983
186.97255650986577
187.72617829465744
185.24275041609036
181.37700247433003
183.7983559282538
184.55389570309003
186.23534988309413
187.9030840144713
189.22108940345558
189.44645376934884
191.52201387198056
191.41416838677344
191.4362833212428
194.69344973547743
194.2781686125639
196.62148682869667
197.6480057808225
197.53697799951166
198.7891566001644
199.16418904874388
203.95506314563747
202.5119805272124
203.9777871347433
199.66468885188212
203.95457514858037
201.33866788071452
201.3152348520751
200.53370931659938
200.48149832728672
200.33787377579137
199.67379058578106
199.23956613529992
199.1060756255976
193.92645895219704
190.79354552252335
190.90837133443313
189.85669238858554
189.83687032345986
188.6763593348114
183.8308285937095
183.79181523522703
182.39406819284287
180.21189934028192
181.8013751812462
183.54106940971062
184.77406384541365
187.68512404229853
187.7357258404377
187.16801147303957
192.5046215220356
195.086315470914
195.26028621081463
193.46986438920578
189.86625657937356
193.7170054537085
188.52505288277519
188.08607917022135
192.09216798836795
195.18491013554643
196.6898789478861
196.71187440508348
194.1129024469099
197.98824242252863
198.1327337809588
196.48331343054122
194.54772350878517
200.0825823833378
196.42153082518473
195.34987586453926
194.640732136607
196.0950380783987
200.86483233178626
202.3345430301372
203.66487229363932
197.66032726846512
196.73210271550138
195.41743240208677
192.47971093647612
192.8401698962032
198.08142820777934
196.641269588612
195.77687723191946
189.91986710294597
186.288537168572
184.41612001371186
184.0982665891245
182.2407666184249
185.7677772300348
182.45433444848697
183.00804073568005
185.94715646547
181.83568033252823
182.33012324464127
180.76034721559893
182.4851667202272
184.11507999858273
187.58370057436022
193.06629490271015
188.48713504114417
185.43927962363355
184.09401609280584
186.47096381773304
189.7594666374456
191.85232992273146
190.01437622554326
186.13472958568917
190.06098000037352
191.12622390099784
194.87714696899155
195.13746126793083
193.4860769410246
197.78692631492757
197.53131100002943
198.89282383113812
194.67770292818903
194.74695394764387
195.32422961234846
192.55768543622307
194.58648187874545
194.56483197030985
193.45453264261323
193.68494562945372
195.6754714504756
190.16547741682334
190.19955388802686
192.76781576250855
198.26050621498305
197.87261335771592
192.0450473790264
188.45117088817344
183.45476478117908
187.1220578500158
187.53913553892684
190.8652732955273
193.93094628757322
193.16215813440166
193.9190103199195
192.47364560329706
191.93092444316085
188.94676760168562
188.58544410482244
182.98492652793166
182.88844517174107
179.51532620620796
178.72414648491397
178.12352861274582
173.5234407855256
169.6972946920517
172.9781092416655
176.3473594598889
171.39187372913335
170.12581270933657
171.29489256330078
170.51351651414154
171.14280894461314
170.5666938753759
174.872031734467
177.05064147589536
181.92374869457058
182.0964704418263
180.42881975720357
181.77472736576684
181.31329152078337
186.7238954099311
187.484573801016
189.99818618213388
189.0148364574363
187.64087269606387
190.29913457295575
187.8298022823666
190.06844647085822
192.94828167724512
192.04762749212065
192.34878658883753
193.7783964733145
199.0070779607045
199.83462899438177
199.45884416364063
197.58396471525955
199.9115560503273
194.35977097094803
194.23375941106266
193.9691005095246
190.9520566801791
190.21908957916656
188.13028308850298
187.2159821660246
184.29041368137766
182.73885413734803
182.82902633946892
184.9100711133251
185.75390499008915
185.0639682397501
187.02672367728806
187.96441257978887
192.86703875874346
192.6429522361463
187.69884675898643
187.91503639270312
186.27484719724504
186.05662639077894
187.99170152155824
192.61167696401552
194.06009120224462
191.73829857759088
192.65135512253772
191.8319991767868
193.90836739693543
194.18466158669946
192.45074303583763
194.81248499795
191.2974465204503
192.7900738731048
187.8566162921105
188.4830011617434
189.15224399037112
185.90033095371297
185.9231126281046
186.14147917663755
186.11713384204472
183.3695207733644
184.72327561071157
183.6431527377724
183.9219313872296
183.5496555859
184.41396223799092
187.61417630826807
187.59211577485314
187.17557669810395
185.20391239819926
182.336954020442
178.99689258135697
175.91465472611046
175.86843426853238
175.96186110349058
175.79453552043276
180.83608265596578
180.80788223312624
183.39494722530296
184.46766443491836
186.37502450414894
188.9428221163399
189.3420794702744
188.86305931842023
188.96261911124736
186.7279569280856
185.93107864391715
190.2881230371822
186.2120066883031
188.20242931379812
185.41178025324328
187.03966632856418
189.65846396649357
188.23204992983273
193.0146261482409
193.23194189778695
189.11594742349138
190.44926360521444
193.2551514392636
194.03582644267283
188.51096477272867
190.7801704702554
195.8763000250724
198.009928638216
196.84721248613909
195.9738944407159
192.61441464197324
195.76863474742476
195.5871922948438
196.86697552892574
192.9316255839248
189.35608904154432
184.73732686528348
186.25488559026715
185.1852571041852
185.7446045877304
183.40292056356841
184.36221457029578
187.70023081017902
185.85187184901505
183.31286405965588
186.2374279993255
190.19039162445955
185.5062275609813
184.11919132528715
185.8345837864833
186.76582018174224
186.74611911316316
186.78826808305405
187.31530456877758
187.80871760451114
182.19171640565474
186.10012235574035
188.64609165510268
187.7007757260983
191.1491698136472
195.2636206651232
193.31645738405132
197.52999517729444
197.6854973955489
194.94850464459816
194.8064942066789
193.18956405408272
193.09292841259045
192.97459547467267
192.46060262037585
192.42139497960898
192.80392213017112
191.07137112721273
190.58459513518235
189.66614310211463
190.872588261652
190.51531434270677
188.75204784966292
186.22975632997196
187.49405615241557
187.0692086190616
184.93715632806845
188.82871377230614
185.44859359697705
187.24041218382624
185.39843433119168
183.02016510329912
179.1520295803503
181.09241081234242
183.57596714717891
189.06513409642804
184.27831643977476
179.1166649782987
180.70600894567303
184.32749629022175
186.9719922086937
191.87476722706595
188.91031813995068
189.46467946633618
190.799886404698
195.29510828548456
195.36901927689271
197.19906414031672
193.63779928037903
193.45408520898067
192.2464396803296
188.43857016217441
188.46277535841048
184.93382608048458
189.69558034704596
186.43000093904286
187.06802685462696
182.55173766627556
182.7824079605302
182.14552632530217
182.2258504795602
182.51150727318145
184.26274919067
187.10667115223927
185.49468473287394
188.341087229932
188.2486612442341
188.20058051438815
187.23877538155608
186.9492703851266
186.32447270636047
183.17436344655005
179.7110482056242
178.8920178959874
180.34451952786526
183.88341530835874
182.95664554400622
185.38700098328962
185.35994072482686
185.3877519816863
184.99180323525536
179.5214463554103
181.6258655154842
184.2087522391926
182.85143446774703
184.6558161206377
187.28672892989468
188.71375033447288
185.88029089973
185.44607641753566
183.60216532818637
181.81841301218347
181.32698174888608
181.8592706535314
186.29487796808255
181.52034142232503
180.50212646732263
180.45455953445858
179.7181581074321
181.91770080211026
187.12297735371024
184.5592084871442
183.923804504578
183.89356810220121
181.32748598835857
179.39945154770902
