4 0 0.0 2.2067198780632253 15274.554456577613 1.3
194.13995966132381 196.1735844915021
200.43415237793027
198.38186467914937
196.7287074326658
195.60822168077604
193.3244662104094
187.79353133643437
182.40223690926965
181.70940648740947
180.68716624767544
180.58257842970724
181.54327539536519
184.48523948252003
189.42718692104876
185.97719588866934
187.0002515245096
186.39337456591815
187.6593337642798
192.39406679092835
188.55691883790587
186.25270760017997
186.81601663710202
187.61674228688616
187.94683112051177
188.43282353532902
187.41966405399728
186.73894223250684
189.3103182752723
187.61982861866304
187.71786781503627
189.7277972207102
194.76574586773683
193.53746599539042
195.36849985545075
195.33750567606674
199.9512193507573
199.06725787983848
204.50540357047853
204.55719293248427
202.7405121454877
201.99808580997635
199.44978239616262
199.12132042194773
195.2857715891047
194.4587181983345
190.73812939391428
190.70122231011766
186.8681260050037
186.69988083112094
191.89546832655063
188.95634853482542
188.89786311930249
185.05095962926887
183.02263986872248
182.21607030481124
181.65614880813928
176.53391547997595
172.41921612193553
173.44216601387402
177.5635458836691
178.06482470647762
182.8147380513284
187.15935355300886
189.7447011664981
188.68827246425883
184.95012785041285
190.29351790206346
191.38334688825776
191.40638269952936
189.37423699761797
190.61790955601134
194.2957608740575
192.3145222692605
189.77999262592888
188.4304154009304
187.79501371976065
184.71907526893085
183.63400604503784
182.19627569057772
186.1360487344621
183.95249778730954
181.18160715992434
179.07608017594902
180.50026768814786
185.82496376789152
182.20906879973242
182.27230251219444
183.67485077978952
180.46522518186757
176.80880914120954
178.05630606595423
175.7277603556423
172.46968438406535
176.5557361424843
177.91084184776736
179.1897509700638
177.63750312853037
177.66076272746866
175.11044130226531
175.16587360959153
180.31313115074167
185.34931342382595
184.17452333642274
184.21528098222674
184.19408507528124
185.32606905303592
184.76435053385885
179.93099458058018
174.795457708645
173.81617786111659
172.41837861621408
172.0813475053059
174.6991200300152
178.9346778575601
175.42749378979337
179.10659729745797
180.71328681133716
185.84768463894807
182.67985507077307
182.03989262461113
184.99317691986403
184.94391518558135
183.4782028722082
184.5192531592914
187.73586154444456
184.51913743295532
184.24005968012335
184.44266846752907
183.68955940757334
184.96592960960706
185.0505251907263
185.40748863167886
188.46402955440064
188.2572664642152
187.4640112720264
190.8209006518014
188.20778990022754
188.4883221264113
188.14287711094042
184.612394050373
180.66351809231875
176.3443731842416
181.05456310614207
177.40833393013656
178.15839370989255
178.87750129084586
181.1355464207185
181.29542456004995
181.61061126956184
186.52324575667228
189.122179805411
188.36994293271928
188.83379675228784
188.73139136635845
188.70603400816483
186.49907023500833
186.086566176868
183.37855434324223
179.06863692175358
178.7004196966057
183.48420708266508
183.01694497627815
180.14610064061245
178.04838256338763
176.11841056443313
181.17690375606324
182.71408926571223
181.57362342251233
180.8872875676465
179.4666772293165
180.6098997701469
178.25663186384568
182.7883014582099
182.74832133987763
181.12757225272946
179.72043302919244
177.53641466785373
182.6916659754883
181.96482358482646
177.16033942050518
178.5614535374173
175.31187523277217
175.53678873684734
173.00166654306818
178.20343829582353
182.10341556549125
185.68058130131078
183.4361955985629
182.17129043491195
183.01307680616978
186.26685743407415
186.47699134360101
181.50321185034423
181.67364545428077
179.41767446958218
179.98169313330595
181.94439587658937
185.91781851339198
182.62251064442458
182.54341268304879
181.31465952160363
181.2457689937145
182.1476542367666
180.45784178793946
181.05146959243905
185.37304531999163
185.4425608242442
184.9245590891814
185.860569240676
180.40261376333746
181.07946775108988
182.29758651032384
185.50441307073868
181.5606800656797
186.09783555570755
187.66864996710544
190.70894293004253
190.8001635230001
190.20837550769133
191.1848734576675
188.93362883683497
185.60665367113293
187.1907952835315
192.79809315723244
190.63350648129483
195.41612950105804
192.77348306263292
197.7568936842199
197.9932605031417
196.30538860242908
192.10372514558944
187.22045882608762
190.24053324829916
195.2728489185201
195.29443208302675
192.05203521112492
188.73955246455085
188.17363779033948
193.0109751466781
192.73883415316462
193.85320520239867
195.45712497500418
200.65396934468347
200.80235935616366
198.03706363553388
198.86118498267962
198.04059352798936
195.54571072270787
195.44741527485397
192.40054697983658
189.5009860379203
189.39591833437416
188.5738181213874
187.63042181295697
184.10747817043003
183.41146268032549
178.17266474129374
178.8947897377006
178.63275228202755
179.8181293438041
177.16235424867702
180.00969902533546
174.74547776371517
174.61141634129413
174.65404482565924
178.76318142356058
177.90221912073844
177.45862106084883
178.38135046814617
179.11161564846526
181.82912402418032
180.922614086852
184.27953672480308
184.1607561485878
181.2590989906038
180.02827383698533
175.64423499082534
179.85444353151783
181.6782935713919
181.83673380031118
177.90375410624947
178.14379072571188
183.14934205260397
185.48646741213153
185.5619402545057
190.6717421718884
191.9576018720877
189.32344891433755
183.6930816844203
184.08060565450526
182.14789571205722
177.60526139496577
182.15413203584853
185.1892879579649
187.47214831030018
187.5470102090675
187.56616006460678
187.4505184869466
192.60626947301867
187.32052824805268
181.729305916545
177.09362619725366
178.998595790525
180.95308506047346
185.41568020038147
186.86463393051878
190.31261422912453
193.68151269870012
189.57359535350835
193.784822876502
196.84879267811579
197.268186793524
193.42374613351234
193.04355257106118
188.99791157187917
186.8844092122793
186.95525735839178
191.6154456924519
194.61806797571163
194.28041302635722
192.38268711598838
186.72804336397465
187.64810084035074
185.9682998464555
188.2000511813996
183.5384176286265
187.7537003533883
187.95381000184926
188.42848168139037
184.29638750818282
185.87870178115213
186.75575312736302
182.80864630157885
185.57810909058864
185.62574567893208
186.54224156505248
183.4706561345738
184.23543699417607
183.7134684178507
183.05459961396764
180.94489960211013
183.95242707503388
181.7596715861685
185.20494020621982
182.5206124420401
180.77906331926826
177.4546758885796
176.17809234452162
176.7881928095468
180.7368701982128
179.44496149208996
176.1923367208259
177.41935926254055
178.34330307053185
178.9311005871044
178.743084658849
176.89753126198102
178.57684887775616
181.89361872756155
182.57730850625748
181.40588669019306
183.60135992402365
188.1480030923053
190.51906328574586
194.32202166095738
190.81033915936945
193.44769345808163
194.7859836062382
196.02117145646065
190.4919876959713
186.47796089499954
183.69422452237015
179.54499316021054
179.56373102508067
181.1503051539602
182.5969111045338
180.92860370305488
182.94047072686035
181.65342537915737
183.0849348678634
187.84764319271184
182.49150874920204
181.5656739616268
182.89379565598693
184.97380491451128
189.81099361944032
185.2728073116153
185.42811330422043
185.45693961817187
187.81723632240062
182.83050624798076
184.64536390915092
183.49222923364962
182.13121471890523
183.96515374687965
181.64336718967695
182.61505036256742
181.22559602842966
184.28338612159655
181.49075092859604
183.37876813225841
186.71478392683022
189.71089346440223
189.68566817459018
187.16404337420323
190.79077518778132
188.28705508831638
186.90676383339968
188.2175090359113
185.17688333429052
179.99486789166548
179.71683770395575
179.924676403805
175.22140674669123
175.16152160963637
174.7689665497449
179.46688564489386
175.82347059868994
180.1265883866564
175.14658213030972
180.37818902675974
180.29674211218943
177.05869147015852
177.40612691337552
180.78015911117723
180.91268417943266
180.71087950064606
181.1627543472298
181.28378909160577
183.56189778328107
187.66135739026078
188.97559257380271
186.1322246502656
186.2580686504667
186.99481163289946
187.1144113237215
187.09274824161037
182.16704687553133
179.56433279267404
177.85731036513118
178.06936326308517
177.80237881982725
179.0759811827838
179.097882061981
183.79561144833474
188.12317802061935
186.98648795659486
181.79603675579622
186.55653642951685
184.01339615762862
185.06910809831737
182.1556120071268
186.93523636293344
182.3291457730271
181.18360244835685
181.15827515941007
179.9624238044286
179.89333125493084
181.86555318904337
181.28937014609883
180.38016360447355
178.22177488720428
177.73118084223003
176.87126641327416
177.0976643017286
176.62597268733478
176.30341975719108
178.6572898365632
177.25757933299892
174.88892065901007
178.72328182065903
178.75522411308197
182.30789748049858
180.80246143026636
181.45511127209986
179.45784706783388
178.22872221511176
176.74024394309453
176.3161862404975
177.67421029222507
181.26657297716613
179.3363301474713
180.69779935451194
183.15977037405457
178.27158344968802
178.88284603780855
179.12996502577224
179.27720069618496
181.6485892926017
180.95758495860412
182.90761666789493
177.4966738158068
172.88159102456984
173.35760477983416
173.95954859958817
175.94553663546756
173.5546844667894
174.13186816215097
176.81041178503597
173.1332051101219
176.57671267304335
177.63123520480133
177.0587767594415
176.6032361135342
175.07200457902698
172.8518620174563
172.78020820550847
170.8328774525156
169.7243571828283
174.56175773423
178.52163891106565
176.08069568928835
176.59971638350635
172.18839004673202
177.06851306236805
179.23845833547722
181.51185953025475
181.13326085039498
184.79213029154351
186.39946692991512
185.40782991037483
185.5332163920898
185.56241297225552
184.96083802643034
189.51606688899818
188.34476524624958
190.2966782546597
192.27587042733361
189.4816586493616
193.0447745982394
190.0685806487581
189.5752583693249
185.8257359509295
185.58378085792384
183.1382502171312
183.28161692899926
182.87091131158388
179.52457655209508
179.96648381997483
185.1499624392989
184.89760694956928
184.28862484095566
180.2394733229384
180.41325054558422
179.56231628728187
182.25167918373916
178.7588036016458
180.83709549782418
177.31806206449173
172.7200840190108
168.75302899460328
165.5389999883959
161.42060367872682
158.4258948630854
161.6132300916255
161.6687797384266
162.53126344048079
163.11096636037163
166.0401928447822
170.5397430731906
175.62254144045815
180.46300993457334
181.1120282212657
183.15744500346247
180.37369969160076
179.64110114799902
179.42635313837565
184.62621121301214
182.57385204017768
185.95236455610058
182.81610692439193
179.3410538593694
176.9937735309822
180.9005465220279
181.0862993545999
176.36350032932634
175.89293690125228
173.63784454821638
171.4572432899652
168.36403692463745
167.80588233386192
170.7474463285485
171.67973174794702
173.21401186400726
175.69617288733787
175.7190472854071
176.19672904210069
179.87197042741388
180.13384466503095
177.96191634042174
177.43984465027722
179.26217603659148
179.5496342201047
180.27287819471562
182.2420514255222
178.0411992258556
174.73752321183298
175.45185310014995
175.72890970867584
178.1019623611784
176.041686959018
176.0237266587257
176.33572026321986
176.75489446220055
174.34835949695392
178.51475545768793
173.45043680065845
173.67742407527751
171.87328220825106
172.2674124477532
176.12233850490557
176.25886996074547
174.75104601054997
177.00381829976993
177.52589900430758
178.02889361067076
177.24897948544233
175.47873589934488
179.48715356645266
179.28905068418422
184.00098283955805
182.9318409556731
184.1613806653041
180.38523496142065
179.24062385624313
181.71812028734487
181.69552459967247
185.25410530368387
183.75782863764695
185.85287940066874
182.88677380076626
179.93058703024394
177.92115086774504
177.24487028591992
173.62373586575302
171.5017280215321
175.02826643068866
176.00456850613455
181.28232217640212
181.59279117951849
182.33680498686076
183.9766846897001
184.09827528819437
183.1731726877035
179.2156608232197
178.30598456765958
177.59751987409362
180.1484669961879
179.2598944997271
184.6393137539787
188.0526724861442
187.80826411437874
184.06287519809374
181.5837571887557
179.89058298810676
176.34927738170592
171.0538639960435
167.70939624230826
169.32487370691493
169.1258837009159
169.3932202596625
173.25294272374282
175.41813399171787
175.7637672894195
175.67913878149326
172.16914305809848
173.98472319455306
173.8732133393841
173.01333971074948
168.06482171723047
168.02461743043278
171.4276560056743
174.15069412563756
174.66397761281493
174.85694508726476
175.61286134962705
176.54886886094778
178.05448285372427
174.59964668837821
174.9946650254845
177.71763021224638
179.77158942182464
182.78659323006164
184.36721146654125
183.2407591721301
180.3635369898388
178.27181434074598
180.9992228096495
179.8051862259633
176.2966636644484
177.69698786099863
175.76272911468678
173.36864625597332
169.00409726701577
173.76690071160368
173.78792241683323
177.24797593101826
177.8962901084371
177.43422987756753
177.55002313970124
178.56362340399045
179.60932410021223
179.40484528331282
182.62360147293427
181.6902351107657
180.06289683485508
185.06678353054033
181.01528787222415
177.03622713139467
174.96542264342193
173.2315013168276
177.08554603333178
174.005450115146
171.7846372227381
173.03059957409656
175.16256665012244
178.40979083455926
179.10906550269206
182.63157438866753
183.53811062783203
183.55863274291403
182.3864986697012
179.3194626435165
180.34446063893157
180.44876367354325
178.22123532114318
178.18335387131623
176.55547931812413
175.03037945318434
173.6883005295982
173.63316285265606
176.7930986700052
175.57728898882235
170.4656667676761
171.2224908332733
170.94107785651155
171.684290602177
171.97473873124804
171.2009777297521
171.29425061251487
170.79023822692366
169.2387905816981
172.53569432227374
171.349717750102
168.43627067773977
165.41728877944786
164.69518430908207
169.6037399464448
170.89456711991207
168.86725379071274
171.84730439297124
176.65251500366418
177.13963536663226
176.00438603352592
180.5695789979905
177.45890509908278
177.43479238402386
177.8905046368663
177.7181989062377
177.69195074988647
182.68595038917448
182.9702483982483
178.93760595683673
175.43444313269333
174.7202103895437
173.7175201795363
171.54949643729867
169.1485785454198
165.7722320160962
165.95312912746664
165.88200276533914
165.51267368634436
168.41790767089105
164.16023631468602
165.8373256060369
162.11513571173504
162.42150110762378
165.07376517318446
166.1684468019618
169.44256478175942
170.37709668984482
168.58044814032218
168.21253375037404
169.41773302989102
169.73468876402313
169.81894061078532
170.0549500538294
173.82902555576305
171.34434171077723
173.5165406402518
174.05707896754384
178.14314477362797
179.03557400213003
178.4938343511902
176.06740926224865
172.0445742298211
171.80177828055446
166.87490012444678
164.40434674904122
168.5234054283434
167.7348778991288
168.58362910271043
169.0331906259969
171.21837362642393
167.50948047429247
171.1991172178403
169.66813356561576
170.5987283824237
175.45479861318788
171.61359646711423
175.4463630266066
178.80964216659746
178.8335175103279
180.9732337920298
176.09058251785683
179.1605416964132
177.98065547421967
175.86700750756987
175.42330619354505
174.11366323757937
170.36408663064577
175.28951945400163
171.01136686310167
166.9562694162016
170.0954576513403
174.33346191028514
173.86970868290769
178.56373208161696
173.93577610738913
172.10648119369523
168.55496893989093
167.71656461738772
171.9364946067974
171.27124082117427
167.95543175227482
166.59054155096024
167.38632603273314
168.48512774999028
170.63125941988076
170.87791904910898
170.3130073925247
173.9850658127137
175.7028992902454
176.35472865321415
178.0998994688654
179.86899438265638
184.32015421175842
185.2611641546522
183.40404046415065
182.55307530862555
181.7786649453256
180.43338165456748
180.3857761194385
175.63512506032356
175.19913238746548
174.42642744938092
178.13481838488923
175.15556733106936
175.09851649434958
174.3366846193087
169.937188650617
166.32210669885689
168.38348321722887
168.29240171322436
169.8316410702094
166.0838840626708
166.01811444679726
162.0228170911331
161.49073885803713
163.50899093149312
162.78561264402222
162.06863695325663
162.15370045546754
166.6613420407448
166.97126820847262
165.31286161653378
162.72160131182736
164.70942266554414
163.73746196677058
161.86676503703356
159.2411582530734
158.09865835727368
158.50861271372844
161.32590796456913
158.9866293971091
158.95948304330523
157.300086238273
153.5846942274024
155.04821745251547
156.05310911372362
159.17295749643134
160.70469684132416
164.4470115826093
169.31633280450367
172.0207355543617
168.20777708270924
167.20835064582096
167.2639076385177
167.65483858332203
168.54307572285612
170.6517998556197
171.6459770450309
172.0011643735906
172.1279341457249
167.14418139440855
169.27919203362669
165.39550941281158
166.05397097336552
166.57694047120094
171.18910804513797
168.0848589825882
170.28231560484573
170.54549660080406
170.7249502578513
165.8879702462701
166.8313752569138
171.52463127378195
172.9586320500567
173.37694864377073
171.46535446298384
169.87394859184948
169.83196527519405
168.80040943121188
163.78805845989496
163.6330677522843
161.85132081742844
160.26464020148063
161.5117412739521
161.4308966641992
163.53434827021223
159.95690400696202
157.32933338063987
157.29819429889494
159.458972025694
160.64352328944332
159.0851195916682
159.28609833956892
159.5589729277601
157.35994253212348
159.69411698274195
159.8840667490175
160.57130081195103
160.65368082481316
165.03323741146585
163.65385622852432
163.9596373233494
168.52057256962095
166.58421236840027
166.6183013436301
168.35812227023496
164.33880842099956
161.10711002528365
160.51225845726233
160.2695898373213
155.70384258116883
159.38736276094713
158.94140189151784
157.88933172383855
153.21255614067553
148.89772643073005
148.85234155251348
148.82208336346108
145.0814702508753
146.19935738497298
144.34821125488668
145.89607905937547
147.89593871146
148.17344653952193
149.598983595859
150.79848273288096
153.14512681364613
155.82195024359305
157.45793548508692
154.51116228746173
155.10966173022308
155.75221516599768
158.8825077583084
159.67089097955818
161.09257499406593
161.85255055278677
161.87158282506567
166.2614647320512
161.36601086773206
162.81231306901452
161.16538936629487
161.22606803418927
161.425088389136
156.91166721832016
154.38055554433606
154.3619943870486
154.72616233510746
157.8161251465681
161.30000937968302
158.35832189683612
153.60742776394315
156.03983548105302
156.22089956421559
159.46765505018502
161.04354045096466
163.1380082995654
161.52802661250425
160.89694789266397
157.1430764516601
156.01761395258933
156.68080205551055
152.1772938679739
151.95341866388506
149.1336274896784
149.20723595001388
151.4100395966043
147.8397693485853
144.11858557321872
144.32955096633992
144.6209637003423
147.21534177913384
147.8901422520932
147.60264995955015
148.1194097789873
151.74839960767326
152.24626759879166
152.37819726511182
154.16071852014394
154.14410960429095
158.3999511872172
158.50172443911956
161.38048879628633
159.48700724101616
158.84991572247543
162.00030987403903
161.418880120025
165.77402147671256
163.24820594568402
159.55431261872778
157.34849049348225
156.18681282808248
154.85937424462438
154.48829175890617
151.74745079142252
147.4931039942224
149.9603514375594
150.22357744537666
150.31578886612047
154.64029985620087
151.86889373231415
153.83841397968504
152.55847537867436
153.1938823604773
149.71888459533835
149.68499113802525
149.8687845959074
150.08172837906667
152.47629353461485
150.76017024675622
154.17797659698104
151.92824014765122
154.50883668086598
154.6495977067311
154.5366861610588
156.23886281211495
158.9206120057656
158.0955954713482
157.01613865555103
153.7819028196443
152.60885609914118
150.01899012740253
149.9940235901628
150.38695995203815
150.81713697771863
150.01631907783377
150.7584816641286
146.30478457240454
149.94630890982876
147.42282218155535
150.4058444513149
149.8523220129344
150.39289803466252
152.66479905739448
149.4490224718861
148.27162091538463
152.39102060327397
148.96687761789363
150.38461855672722
150.36721673836465
150.44992869917183
150.933659594949
152.93309684509077
153.82503937617437
153.38403908236415
153.09695410420755
152.45325545582492
152.23081436228037
147.68276901991257
146.4449855245996
146.2060873353431
145.98546509826062
144.9137507303051
144.8119723465973
145.8896468299934
145.66900760918733
149.36389307943242
148.4267236178155
145.51282960247318
143.88722961353486
144.16411214219534
144.26807959616752
142.1375328317246
142.39880728493458
141.66877649641168
137.85702847565614
141.4497162228419
139.9292473545982
140.07915563816803
143.31168742072919
141.68784562410227
142.5109080820989
144.86885601123956
146.34934802009857
147.59730357117564
151.44467193034936
149.92576020036668
150.7231508667737
150.8355730674166
155.34828594228085
153.60173460941687
157.45651554441184
160.5341307771359
161.6099283591484
165.9873627799575
168.6228293010282
167.50355714344425
167.32103515873865
166.09994891770637
165.91419355331433
162.8695408116361
158.79297761877484
157.4616541813025
156.90511535372164
154.64914936832952
154.35467063874765
153.52891163302525
157.54134269292797
153.21912675527025
150.41342644209888
154.68287231566433
154.41575615102653
157.3534084260617
158.06342165387974
155.26951415747226
155.2293936243946
154.99419872155082
155.33445341927086
153.7722994181796
153.5751703491188
154.79695032470832
155.2140427664695
159.49693472147337
157.80960259373884
154.44750049702785
152.45238391947746
152.48523111410384
150.15314271196974
152.52388485851773
152.38982459014903
155.2675302530661
158.79352954655565
158.54693510862216
161.84201052896225
162.55974207272186
163.88827333166415
162.8923971108015
163.08330743518854
158.21064468772775
157.04699919800916
157.0842820767191
153.82768440606827
156.27722538648533
155.70317833559008
155.7238742903452
155.68917583218598
154.3631839552815
153.47301699495551
151.705645912719
153.56862774651285
154.5619339210095
152.02871486068543
155.30673389660146
155.3706921665075
152.8930252747502
153.8613979128321
154.40425433383794
151.23137201599033
152.44083487504773
152.06719402560003
151.6410825485469
155.01929496798485
155.0696246600919
158.6280843330421
155.6518288870223
151.9881747035601
155.42694140161754
158.07197112665258
159.35285057838414
158.79330974434566
154.4876226389299
153.1534071221966
148.8824503089624
152.5315022330571
150.11741201876393
151.2238078104562
148.16448103474565
146.9310434899751
145.57900128256892
142.96130326480852
146.4128330497777
148.1215920973686
148.20610932427618
150.81370417371505
148.39660477338765
149.75230445395613
152.81388503189984
154.26238569571967
150.57932820362177
152.57943104534834
152.35843748836385
148.56734058974394
149.89457027130254
151.63469249386904
151.61345468485996
147.70106781643165
147.57812673393929
148.9325509709168
148.54105356626647
150.45760916669607
154.93033094837867
156.171717758268
159.3974960560724
159.26833722427676
158.33332795578332
158.2244448147956
158.50632453132516
157.84244970177383
159.468710317663
159.1761263391795
157.99054536087115
157.75489747527496
155.0454644878762
154.9718713947018
158.7059236583524
154.01699365410786
153.28679243637797
153.02312500972164
151.63988605478576
154.6806929230804
155.80103340772547
153.37941898244918
153.34597932707788
150.92711608835893
150.77187612545887
151.8699095171537
151.61228256150514
147.51944107801046
150.16659307016621
147.73978243163694
146.95266390777846
148.27470282367142
148.34154459638876
148.16224816571912
148.51103840414828
150.4805197519227
150.17915121527957
145.80751790874524
150.0929781133926
151.30996697101753
151.34588744757667
152.4387383590437
155.55371920482463
151.93762203790507
151.46501462143576
151.4446370679213
152.46726182676895
154.7518209065522
157.7771429342287
155.72699440643427
158.30704533144618
155.7137592534934
154.8424759005991
156.12995326952216
156.09819033990948
152.0477544042247
152.3065340771796
148.38106323746536
149.17123839861344
150.30113568656907
148.2068635808415
149.6440369295808
150.21249225470177
154.70524118257504
154.9566626890023
152.88731786085086
153.49167625731522
155.302036411832
152.93918310364913
149.86097334895976
150.28843013195734
150.2731624230286
150.8780124790229
151.11432737534145
150.17957165643006
146.73533895544995
147.34530037443562
149.06745878896638
150.72607749321833
154.88810444225962
155.2945896262244
153.81947465154337
155.60086626872157
151.65917368777363
152.4938371216424
148.5706400350009
149.53013918500235
153.74433141840515
152.28349366867553
147.95064920064783
147.79335259383728
147.42597461344405
150.77033576239128
151.26127927930614
147.8234606693938
148.36547098557776
150.35421836914003
153.74388835759368
153.76294219878847
154.91268602058682
156.27376694925618
158.36490856885717
157.92827437132067
158.36083750223224
154.46532201574456
154.9045216978743
157.49909578888156
152.84631836504406
151.11806670961866
149.2938685558215
145.7527297875828
149.75470272869708
150.8066978441513
150.15650709826244
153.74123070218786
150.58328675053878
150.31773893633923
148.900747395679
147.623138992304
145.06550006681766
146.93734180321601
146.83385259202058
148.19060206032896
148.2088090123496
150.08408868729452
150.99487507267693
147.1226758852033
147.24819955140546
147.46545320194215
149.76757619363153
149.88619564037378
153.7986728360829
152.17087533251902
151.32836158782914
152.14808986634995
151.7120638671321
151.98065624903637
149.51444343712498
149.46903432671508
149.6363071253206
151.54897343558792
155.2872366683679
151.32221403068837
153.02762662719806
154.69830712092738
154.50950435104684
155.59328991255683
151.15288684336352
152.48781646607668
156.6274028698034
154.33117949703404
157.1508398983636
161.55651343190945
161.3856479713657
160.71842212287666
161.2682698867772
160.71867363247154
160.5122405806471
156.76431188371592
156.72890510623716
156.04152511188394
153.78560446411285
151.0933288638454
147.14823602307234
143.5820184523981
145.62436556716327
145.5230782098429
143.3941380510004
