0 0.0
222.62509547910983 223.87074667540188
226.3398822181832
226.4680268677919
232.22545928288312
227.74094961180128
224.7635846981285
224.8678186472766
230.92085432075302
235.17642441551715
237.87687707922683
233.66523368390702
233.28593323836054
237.17375950903207
232.0489132368319
225.64794334770656
231.11413458083803
226.23638571233806
223.06305011542324
217.81350606200863
213.466098314174
215.02397349581156
210.56526071461334
206.61648836864228
207.4602705099466
208.16420210635496
208.22921941674477
212.21774858751198
210.95168899731877
217.11405506937123
214.58697542315775
213.27413357233908
216.86352464771983
220.76275853296002
216.5944077864638
215.92619931068495
214.99833937718068
214.96024515503433
214.70847476889176
214.66721124556722
219.07974859368974
219.13161937930107
218.96551935323157
218.51971583806602
219.5215919350204
217.18678028324413
216.768452971306
210.8794778250012
214.88815574210997
212.045914774834
209.27438403560808
206.34383352643312
202.02510964496918
207.91021437510622
208.19190476203664
206.2960435041918
202.7869777820399
202.99939420122496
208.48440814715053
211.67458137297254
214.81287802853132
217.80707707570681
217.75273889699787
218.92277221665623
213.4041417019524
217.9004013465736
214.99951346171167
211.1727484275239
209.60466706809524
207.16024141103406
203.86134020845333
198.75884077671438
193.71516858713187
194.54686018084058
197.41892265677046
199.04829112646814
199.1291711570521
199.51100230027413
199.7657569890846
201.41760267071047
200.4529685189281
200.93063606555182
201.0409904712307
202.2142540826186
202.56580904955794
205.89743708308612
206.58397503027297
208.8632316636894
208.2183045116779
211.15773312672005
214.74980567992367
220.44783738650474
221.23668920761332
223.6683721433519
228.6282526320771
226.63624658104675
226.47583238777497
225.259379420911
225.513731822111
231.77607001777795
227.98124814424557
222.2144138023897
223.23648516011252
223.2876671874973
223.2275016714402
224.62650227681502
224.2691272763611
223.79700781323965
218.463660840899
214.9861937726241
210.77855036904205
212.1692401826509
217.34263898443555
215.17571673014982
219.96600301418115
219.77653175078026
219.27898049027118
218.1977548375839
218.1756322347431
212.79305711030878
208.945096324879
204.0827254917101
200.52992321823493
200.06619332979417
204.78195246479095
210.18020241275158
205.36941662885545
201.78965506308697
197.7897807457692
197.26283020005386
197.98185039728142
202.0768331932919
203.89356546331214
204.28032075237934
201.32965671085915
202.52206376593483
206.17225832050136
210.22554778422426
207.20241050049557
206.29593596067957
203.47872588294263
206.09410539590073
207.37684579404345
208.83754611941518
211.78528464790355
205.84836412903698
206.49569735420715
206.74019235413053
201.43553663551648
201.9547493345746
197.05320765572742
197.3814341658308
197.1550060186775
197.18903146594803
195.93809709467834
201.2107769336846
203.76689627788417
204.10101460960837
208.33789998051247
205.96054812048672
204.23128302805637
204.3689211366434
198.98906895300001
202.03775747250026
202.01164793596996
207.35871226437467
208.85272617362907
209.35491907027114
213.38370059561507
213.09509498349072
212.24122797217012
217.73471507691778
217.11178649653786
217.08970832862641
214.09743778584541
213.41619722034716
216.95943746836537
215.91923045761024
212.48916005771778
209.26892803957108
214.2700954406286
212.00059787194925
209.12389218152268
208.03360096872163
211.31329588325374
208.12646644828507
204.2928038376905
201.57554842203717
205.06927169883124
201.38053705700034
202.75473186512693
205.48426034671758
206.98834325674514
207.68992805559995
203.5343107466834
198.06774882658604
196.91047690970845
202.71936706877804
203.997283080652
208.94711686461156
209.20793461667733
209.75629300626497
206.51060727179225
211.18349446096013
212.96874778249477
210.41911139164287
216.3005847564266
222.17038470435514
226.52567486079872
222.02021330200535
216.33380132845627
216.18561859288235
215.188309168983
210.90740326356817
209.9162688057448
209.02099407811346
205.60688465792265
206.43804219574938
205.78051384036587
203.78351550162031
206.83366639463384
208.99429646563348
208.61902331200713
206.67250616868802
205.93644342402786
206.7626370199206
204.97104835566412
204.56086577930424
208.49378517176726
213.1113260955958
217.30781630134476
215.8350046680628
220.7952906949174
218.46822816590236
217.8348195965783
223.46767564723916
222.9191803553031
223.14545767134774
229.1685810325879
228.3263323718115
232.02483535291785
232.35827920588852
231.9848040204469
230.892505663972
224.0892273934252
224.31748272464824
221.99441118344254
226.91361382967978
224.66636809349328
223.27471777108764
222.60005462728208
226.61858439334978
221.64470619662424
227.85295283318197
228.86789111401566
222.03106942418407
218.31617304148045
213.5367598760448
211.25968343940642
208.4066661532987
208.63859471748066
204.11494804883142
204.0828236938659
199.41800766666427
199.3180152676025
201.06654237300646
205.83246548885506
209.7174909423548
209.89776023424892
211.7846584037997
215.71181671968307
222.0470939607464
219.84218574293433
221.90026501664389
221.62448079022025
223.74359420463705
224.8408395903064
220.2805936728497
223.56793873163323
221.23248280282837
221.25472956204533
225.0092932439551
228.04064215162703
222.32297325573342
228.35009937351208
226.04308741065208
226.16781809935196
223.6090180393865
223.5467073901423
223.19616433540344
219.09187916201017
220.28740175619842
214.2205013178737
214.17628240949662
213.79975963996384
219.50539354276867
219.01214819530406
218.18053010933673
213.56299023841552
211.97791961056484
214.68984432957544
210.7309003654666
207.8956346443266
209.24046999289524
212.2967817566825
208.9350722111152
205.5666417663341
210.84661688537622
210.2165125770931
209.26596430795323
211.18810585065674
211.23869853839562
210.19807011872308
204.50583033615584
204.84254460076943
199.99729484998107
199.79031890275812
194.12339042867035
193.0169331104746
198.11722963983198
198.02590748001785
203.65369338106578
204.09521112073622
210.14543812961097
210.85829507139564
217.0543760024172
215.45857809280122
215.82581476090215
216.65956552926923
217.48895768348265
214.9916103843454
217.19921196790023
216.68691213235826
220.99640880560156
223.41476834446826
226.10048034953536
224.2011513555674
226.44986208441782
224.34044717210327
222.92097011324867
221.87755476116567
227.66858767000605
234.24510822459405
235.73902323570798
236.026051017193
231.27012777640584
230.89227437492815
230.10547407000695
228.42854452997892
227.96783485846248
224.5773849138657
223.75739925086137
221.60445137527665
216.48558059737334
212.61694472295682
206.50152019571905
206.46993593706884
211.33943108517923
213.07313088695994
212.49392834951428
211.36560439606973
211.3354702768653
210.91974698296613
211.21755078383302
209.23884702006336
208.68139270169962
213.17104467652734
213.0394438834718
218.01184016722948
214.1222122835339
215.24656219695908
218.3591580747422
214.93787611269337
211.19348889828797
210.90694451422365
209.02817865855255
208.8720975861452
208.44589954318778
210.97516423638535
210.85701618960363
210.30135431171252
207.8460147664946
207.2329231712985
205.56218868966283
210.0305616465496
210.05230191137832
209.6866424772271
209.97463662700525
206.84564444488714
210.17789245340774
205.1762545280065
199.3697028071514
199.4644023863623
195.602378124422
198.47585611923532
199.54702797210925
205.40773084437873
208.36291447500017
203.26117325289698
204.15584199439806
205.80801093401217
208.08521060668343
210.04338604739817
209.09567761055607
208.97202713021127
215.22146174874885
214.60463396707442
218.25164783366952
224.08065564359902
223.5263657944492
221.4301643928537
221.40742935007358
221.36293908729564
215.5520509861359
210.4952318925006
212.76587831249157
207.65629547938232
211.15164497704808
205.89950129254686
206.35141636025574
211.41155569200063
217.57448769815633
216.13884713078542
213.11192703518174
214.5015575180899
210.1851775069546
211.96089332635847
213.16057553242933
219.00149061240546
218.3303982992825
212.05803730134465
211.9417398282423
214.61771971199943
214.4323091023949
216.7039904946178
222.09203053595013
227.56446428072022
226.01966801755663
232.48836139191803
226.66073101415435
223.53151496858317
229.69433040556981
228.91211111719124
223.6591796569411
223.91791540929205
223.0571506578937
220.92286257770542
216.03234811271847
213.14865467337407
207.71389982769628
207.24521947814753
208.49661064771243
204.1213112756732
205.97123057990376
206.32574317813638
209.14874589100503
210.5400652328446
210.6110976402507
209.33249799539286
210.59386957336054
210.6506841037855
206.6743224603383
206.87045031978045
207.38575849363366
207.48876269014707
205.42219984470768
206.63805192179456
207.51068450669425
207.7317306137008
207.98847937856362
208.50268538075778
208.23873908512275
207.75239653312028
207.63855737295464
212.01386399004008
208.9136839641047
211.48152661300847
206.71710001798007
209.7398119314262
214.91573261909008
218.23047037783886
214.43413064151468
220.74336393686707
214.94280984089588
214.2687352065654
214.07532675355526
209.15355774427556
211.62782110490576
212.08743569938756
216.2468988073841
218.1668187411791
217.85879017646468
213.02867882679132
208.5547540578753
213.71461811599795
213.25914142229712
209.42290679476045
212.61836258763697
208.38198201586928
209.66524442300945
208.13493005182318
207.9698260576019
206.21414291270875
206.2719387264265
202.21651321992127
203.89821001300717
201.03839223966688
206.37332422434739
206.70357933048788
212.59621303939198
216.68673714423898
216.7921623186775
216.30399873964808
210.67055602271185
211.58388616579307
206.2340676109495
207.05275088212144
207.49782001224028
202.97730379526132
197.49834256229695
197.30342019796387
197.7717552679261
198.23647949904617
198.31114125139047
199.03428446515818
200.88399448616434
203.50299709207002
199.9311983407735
197.6612547082337
201.36467559681367
207.31425811414087
207.26026656472047
207.54820069761078
207.68118631336225
213.18277502068622
207.20007045950683
207.23316786343995
208.45392273094419
214.50309996326226
210.89150485989404
207.54424806889162
205.83403504804082
205.36107007887685
205.7275434748144
204.08059383406618
202.89868970881912
202.76122005564523
205.99999357425088
205.54979626795432
200.10091575028582
200.3164033543357
205.35018774569394
201.20251212090344
199.6586300495182
194.88167325198663
194.91854330182954
199.7843397231741
198.0979423529092
198.36241140830143
200.42168528691505
204.7312360817545
202.11509707497225
206.95693892415997
208.3920697771913
207.28174215395504
203.19614234106652
205.28776604568148
207.45142561816647
201.28974883581634
196.58408931598728
200.76473628685457
202.5279644765312
202.67761438390264
205.06192959760082
205.6510202196181
207.98810206742974
210.1366596892692
208.2727630276356
202.9142330111236
207.07735991751682
208.60763134729672
202.84961223313158
205.31195203896687
201.53760904751007
198.97157645789125
200.1764871688949
200.12255927240105
205.25051725224017
205.47441945312772
205.8905859913582
206.77305392654142
212.2992164019797
216.3761007506467
214.3672971397333
214.1058421144399
212.6558008193106
207.83917594851422
202.3789204914047
202.0477633961775
202.3602307914448
203.68592438676853
206.79289103414914
202.6946299770527
202.6632203937122
202.44099100802012
199.909180762815
197.0260224720513
197.9152851513941
197.94959700340468
195.66325160928835
191.14568884176646
188.7937650744365
188.83784168701425
187.90986465873283
185.61963378962096
187.76250377105353
187.79226916835856
191.1257978767542
192.58621536102203
189.16440068676457
188.8218466544042
192.47029684593295
196.19980287443022
200.41250497037225
200.00862302477492
200.05740819883155
200.39426434049304
198.29852627115383
197.8016747420026
196.8517414087522
196.3062859512925
202.0965269152321
202.14484305719674
202.52452025450717
202.60595111562517
203.8106856013191
200.96193185283224
201.0707811010483
202.27358906564504
202.2520448965266
197.28440551589213
196.49184515808537
195.60267704971912
195.54111710037776
194.8751931592762
192.93408029982584
193.1450735004481
191.12899919986182
189.67917364730582
190.15146773925696
193.0944022615458
191.91805351475358
192.10748386551018
196.27114730758856
198.4882814064328
198.86044360631809
201.58490978888057
199.706117458824
204.6097136731339
204.67458598865827
199.50176486476147
204.48309526531165
203.7743475952685
200.47484047325045
200.51737550145302
200.79352551027102
201.80423159585402
201.17452835621708
202.6745593971311
200.3281233487309
204.25968522414007
202.73589073362876
207.72573558895513
202.21162694429182
202.10938679449814
204.93463447545813
203.67127474295063
199.4070260867976
197.40204548850284
196.2265349551704
193.9934112066181
190.86095638432587
188.45388569235243
188.89409414269838
191.2187774391215
191.27156099576462
191.53529268886476
191.2402608656112
192.83283236796314
187.8869452336453
188.27149361644018
189.1845278743988
189.5344961118089
192.12953477126584
195.64412550589407
198.3324532009731
193.10865979572114
194.05687062505933
195.21428709805178
190.18465449082674
195.85603545072888
201.41106985674497
206.2660925478912
210.46596666842038
212.94107324337224
208.63896323948885
207.96868588771684
207.89396145421048
203.79341895379576
199.62966717630346
199.2722349766329
197.4048729250996
195.04180395577112
197.3908967525053
196.0844694182844
196.05211800827468
193.9388274438074
189.85304536173376
189.94837043017932
193.49623366319065
190.86039992403124
190.90422361551742
189.4665577997409
187.47595100722475
186.76028166803778
188.9843829474906
188.48672938044749
188.56695207382688
186.18570931912427
190.23630073459185
185.12131328213894
187.03915136907534
189.26278758812649
186.92353632052138
186.30811190065873
186.61759403012002
190.14026406772024
189.1010266591339
187.48975746084957
186.94286091574426
185.59453105853632
185.1811670274561
186.02465872120268
185.5359167246161
180.68887244276212
181.04679325955334
181.77815908523374
181.80025967642405
185.28385029458454
186.30465631319822
186.6640440386186
190.76225651028903
191.21979445779874
196.2316763817134
194.35532299214404
196.52676293713319
195.3504842496545
199.10202301454385
200.8423576455211
197.2754458793911
197.72850479069743
195.79141114228582
196.74086362973776
193.85543417335555
188.27343806479544
190.9521533244699
196.0259095559325
196.66738307112016
198.4763732785668
201.84251328235953
196.84367738917712
196.3909782012816
195.46635887764157
191.63119792910524
188.9220323166947
192.7688536110674
190.47175801756487
191.62149253471887
191.56463895804637
191.53157415501747
190.1319296973752
189.93316817863257
189.1370341418476
194.38119492104457
197.4678213510127
197.72703951614784
192.2457513365823
191.18399766183927
194.3972445046597
193.9735329868456
188.32739398971273
187.97824955022486
192.57867726046516
198.18190822812605
198.1379004582154
200.27842596766476
200.11712430199142
198.60739377196046
193.647314361631
194.48686941550028
192.4069806974235
195.22736864140347
192.27405830306
198.0172704186526
200.40418685108082
197.67090711368567
193.51007006023227
192.16345673781137
192.06832999153914
197.7497631858264
197.70713921918318
193.27069577066928
192.73102614908998
195.7624090556443
198.9369549851574
197.11836964559384
191.50456713678045
196.7758819899996
193.07476290457507
191.77631997752317
194.02608294218163
191.55034252226292
189.4852786446158
193.0360757894477
194.45347703409192
198.32728412085777
199.0391933795393
197.37396360349237
191.68407281845998
192.09376779508912
194.87629215685024
192.83204975006763
191.9992692921026
186.40832202180857
181.315462574431
177.62310144530304
178.47340507188736
176.74770668504834
176.51695264812454
176.53777235536023
176.30261797102705
179.9604527094758
179.70608652342978
183.25168169663291
179.2504722663742
181.97418054662063
186.05311703153671
187.30184315114025
187.81214520740548
192.83525201091743
187.55669271156052
185.32041768830845
186.86114397754446
188.05456899028636
188.0247955861015
187.19886611377112
184.58930969779456
189.68474099422468
191.32286540264303
187.81218360397511
186.35151634322008
187.3617053896526
186.6419833160311
184.50914723830363
183.09123849925354
185.80877952660637
187.8749466262263
184.5021631468124
185.2327640591849
187.85122147521886
183.16205666917332
183.71659227525586
188.88233680775403
188.79022132159307
188.3282036259682
187.6328822816279
184.49780139028456
182.98838277152575
183.04187832662987
184.9847416032157
183.68994514170834
181.34250053431677
181.46903291128095
181.75368922498873
181.80313036895348
183.2122975973944
184.7179416356968
183.40597419399526
179.05717340131991
174.01426013571754
176.63348086381203
181.69531303790689
179.83238448295586
181.96969443299866
185.4317243853663
183.9731040748557
181.26972353785902
185.94029597347628
186.06449055190453
186.44848555855364
185.8344081641062
187.24107085885842
183.08904989229953
178.19838949955277
183.35250270783746
186.5000949201753
187.3894958856002
183.20617314150647
183.95534604016294
187.9397960166392
186.9859476621085
188.59543387652428
186.66598436383055
188.03883643872612
190.4717284249559
189.15398829560218
187.9830614459791
182.88809365812656
182.65362037528075
184.17679715714294
184.5684586043535
184.61906852684382
179.6394353579856
175.46106802437416
174.48829778401736
174.99151512391413
172.79172132407058
170.07343290998787
169.02394667104005
170.38575816891077
173.57342566698856
176.49359300317528
176.6432644031642
179.80355895202155
181.1890856419308
186.08955859901812
188.00398473232892
188.12078223800512
185.54271405952176
190.26957246821243
187.0166914078321
187.68734509782848
187.94448246835572
184.08239641940193
187.54679329487163
192.88303456315288
189.61880293231388
189.638426409493
185.7928927528294
185.98421944482004
186.06208174465937
186.29433948912836
188.5401777203169
185.35926352428132
182.41103303562286
182.81571381157582
178.55850468793665
181.7294282964011
184.56785696751604
188.08951475661445
190.76896357991455
188.94710519979276
191.4826792012743
192.0216376914038
187.8183612433531
193.42778487550345
192.5468580335835
190.73962961990375
186.9278677294473
187.70518897390164
187.68635346940744
187.42138137065473
185.15857890754273
186.33815759944284
184.89041496670166
184.66361935055573
185.10903880303616
183.93853073397813
181.9395135104583
182.5594671702264
182.30321585396197
182.2604264299445
180.3831865036516
175.82611540260277
179.44667282273866
183.25807152158168
179.05839200929964
176.67730616040953
180.6694679924993
180.7064171333195
177.67399945968302
181.36307921924333
183.89696360769997
188.2436092924254
189.80977226703087
189.36310404891236
189.33869148866162
189.35943471724946
188.3866377507007
184.93420256227247
181.29874366335144
180.8158468660832
179.95486804828758
177.41636256969096
179.03906313956375
174.84578409657718
173.21581633223983
171.92920269828934
169.97301490845533
173.83053243180956
176.54052599529703
176.7173195068189
180.40469753937924
179.8295272862842
183.1858656346526
186.68168517961098
188.5190786134744
184.50532263678204
184.7628809474566
183.87955966959146
178.6480904821228
179.26516017443998
176.9041982701239
174.33955150000472
176.87131910389718
176.97755795011017
177.82203611092922
181.9302970599735
183.39109195166768
181.77128353331335
186.43280245584475
186.39868661800202
184.33194244042912
189.71953309718168
188.3908293703051
186.93793244265805
184.30360638567137
181.9671149004406
182.13086129864806
176.70830879329813
176.27866785797715
178.62280101687742
182.49618435666613
177.86331944157163
181.47602709265968
183.6943624447898
183.62509842129495
183.6052665463358
179.72354606977498
177.96910050465462
177.51248161298457
180.50032438290475
180.27419566262068
178.91290985937573
180.9966928396599
180.966412591198
183.8251029137193
184.5133097914285
183.26335982783118
182.42436216302605
182.39739454665582
182.1612281499515
176.88838564220262
176.34381720243942
177.2438434941416
177.69770967964106
174.77963633725741
175.06739628974876
175.09475412355386
175.95255198048065
178.43498763752336
178.452873299225
180.69878116872718
185.14045695169418
185.22357994687243
190.53095202119846
194.54009034941012
191.42958039732602
195.60164292328193
194.1166371684471
194.24761053031241
189.29483817335972
186.69238436719158
182.11297492526467
179.20791701700188
179.4866667643553
179.6115442652736
178.70597033773768
177.8579005834598
178.58922016394732
175.45027435045048
175.47077288454707
171.02459407874275
175.67647618808945
175.25821190671
171.3424305911969
171.52797181403852
174.1021434404128
176.68275881052477
180.933150907772
185.2205237022335
187.03865941473342
186.68989243070993
184.7364087409802
188.11138895735573
187.24251261386405
186.97789780572094
181.81748820499493
180.40175364724453
176.54931956556024
181.33669171923972
182.0118405653256
180.8123070651143
184.5715638880851
179.37292823193707
179.22547316898496
173.8616667412967
170.86676371418227
173.944720358828
173.3552335685224
172.18379525836562
174.14603417995062
173.79017519144858
169.46762118057663
174.22812656166784
172.4151264300674
176.20917241664387
176.28110091162887
176.3053065534649
178.92134044010817
182.14680497204495
177.59606310022323
175.77316954151007
178.0427163380792
182.02373142647556
182.004101435666
182.13690049916306
181.40467772205864
180.52309056301496
175.235847212838
175.38823476703408
176.17252183654068
175.54347963327146
171.87734724045558
176.54306390384684
177.09782891575543
180.51529395541735
180.7658952762123
180.66676298253353
184.7173280708131
181.52090575861234
181.77569042010742
177.5219409193226
177.64137955556714
178.85426234539932
174.9208760894048
175.9717967872912
179.23822909517892
182.59331675323577
186.56845047605987
186.51480198103684
181.21719818123705
180.66091943642468
180.57270382325962
183.07810903402373
180.5910490859681
180.50398691038745
178.34220304943636
175.60546306868795
179.69894618834797
180.52564330671862
182.66547772835676
181.6591313110002
180.96777058507607
182.3390758378894
179.82191082064682
178.8488715775887
175.05964108043392
173.73500681733483
171.99796742281768
171.2635694786978
166.13293751240954
166.7824240321092
167.39348134584677
168.7021646116918
169.67821042125004
173.2791565889245
168.8702472997465
171.13214090781324
174.42677558501535
175.09034180528292
177.91007144478698
174.14270113040294
172.55702965473878
175.0250529853392
170.4616780650876
174.56897930237457
174.89681914957904
169.81298403691565
168.6190080584102
169.0787602618008
171.02875232607482
174.49473296723124
175.30126619122458
172.027940052283
172.09593434164174
174.5737095172804
172.97558853050404
169.10720124941028
172.7837324261897
177.93309075643384
175.1310925254423
174.6261927606169
173.1560158531419
173.1199215622982
170.36294630209557
172.12609816033918
172.57432459528616
169.7286798220406
174.50068192351358
172.52913746557584
177.24996799864837
177.3462833376099
175.27047948638457
173.3834030592586
173.19157089492117
169.8428287572379
170.20428649776358
174.35824448019076
177.2397477667728
181.64531258545813
181.282240139291
181.18931398260258
184.08453792658105
179.15764682052458
177.9072393729331
178.30399651106472
174.03583198680036
169.5351501400448
174.422695025254
174.91057328185832
175.52468479234946
175.43689013619849
175.33771082894484
178.70913346215474
181.25574630932138
177.10102522559532
177.1918060165804
181.1687780543821
178.3547535090422
177.01623645769428
172.5191648409836
167.59000979152054
168.62150346391536
172.22293517832108
170.17669354074442
165.22673203399157
168.93064526094716
171.08453775981025
170.1702440859037
172.80077582677066
172.99830256145327
169.98293928333092
167.92366172321982
164.94756525183078
167.09871150468476
169.25158335453588
164.71907948145395
168.78604445195663
169.0912008011675
168.48396640071365
171.14609203046908
175.80766655041208
178.97282626042315
177.89627695040508
177.38858839990218
177.29514861854548
178.65352012510183
174.50726605552921
175.05146487658212
174.02021288935575
170.39247679370862
168.232410839149
168.99655770940421
169.27093338377168
169.73468633170836
174.53131939828606
172.81326401638643
176.3425138411207
173.31126871891954
176.86725708655746
178.1609546903945
177.40928668423868
181.77575844759062
184.6999072442606
187.28050267309393
187.07237598877782
188.81935737850887
190.30860757557633
185.7543729829218
183.60350008048925
182.90453524036562
182.18260672808574
182.06790612216645
178.94247459886012
178.92210766152337
176.93788176243655
175.392505254113
175.31212406582813
171.6238611550372
166.50370292218466
164.92925601060855
169.54290583196666
171.11544630335862
169.9986475819208
173.72161998797034
169.22402364958108
172.09645989936024
173.16371041951027
175.03320172532065
177.24662676118865
177.33284948117833
173.178608861948
177.0758041630648
177.38091828721852
176.69974826218737
172.65906137182722
171.26187165852883
166.88574826485836
166.83913808280673
169.96510837801702
169.94066821088586
168.4663325357243
165.80765193938117
162.97656278178837
163.20510474318374
164.0570366297358
167.22875433570067
169.74625079892613
174.0072923960037
171.7442655187289
172.26175163471567
174.89613973607922
172.47151587673247
173.28406145827537
173.81400238649496
178.0778203357218
182.18956673102102
179.46410334662454
174.93249334958645
179.56640620949506
177.85907569888792
180.16766900347648
184.62771114097959
184.4842531162905
181.92703768227545
180.76882159888373
180.87025058126778
175.935669798066
178.3265734447884
178.46553437364332
175.36105258261787
175.92039808121532
177.90755198521532
175.07317912989382
172.96105959877588
171.65632844347655
173.4855355858121
173.1408553423651
169.83916313693746
165.86423602289798
165.8845730202219
166.06760294413044
164.2686667609381
167.84786070525064
172.68353761771053
174.95392398945137
170.66790325616608
172.59941586218275
177.7654834190726
172.92158451311542
173.14760814841262
178.18883315950487
179.30268435688708
179.37319771655868
179.34470334400146
179.46416943320253
177.89427396742144
174.42151426515127
177.41289486026696
177.4465461372316
182.0924130215857
177.80329531977054
181.64852160673928
183.31546103962876
181.53561923376324
181.47309722318894
181.18204275095667
179.91647720227635
178.730585348018
175.72735140405877
175.10555648279916
