0 0.0
200.13177182084837 199.33668521399153
197.6251630006192
192.92002023537339
187.24993845557356
184.42410400809646
185.0966451544274
190.48878202758652
187.71973151667035
186.13057810831305
190.7986903602177
190.77870540739679
190.18241067713168
189.87074421039267
189.82292541120057
188.05421140413102
188.87104459422224
193.3829958185132
194.53801847349905
197.81206134968826
201.46783818613213
200.88027445274582
198.55023259367337
197.46206294217723
196.59628937480656
199.91570400109032
198.2981804556633
200.85659150467515
201.35561931086954
195.80533497443042
200.20463571157669
199.74328013212588
196.33513854398902
195.70156185422925
195.40029545975935
193.69622607022322
191.42591546613932
197.16358732631133
197.59445491157712
193.91906421818229
191.32880269244143
192.236787029585
192.2568552324433
187.71083613309986
189.4144934627261
190.79834904021422
192.82805894240494
187.6361464686125
189.62468627647897
192.57993660594016
188.78159421021786
193.11477672803062
193.17179107046724
190.93395598765582
193.79335537435819
193.7056750488277
193.86175720875883
194.30036200368355
195.6772072042439
194.78817239994765
196.28377046459178
195.44332792542326
190.60825735633975
190.57151774864437
188.53043384252692
194.0099609314646
191.77271760276372
190.17724473039914
193.2368162350835
187.54002346901248
185.41097004123299
189.07735311492584
189.17305633108413
189.2124590624496
194.6954447038491
191.24963527262102
192.92655705103536
189.3384937150874
190.12202335386246
190.3645669659306
192.0877294624023
195.49498349460055
193.3381515638635
193.29797840469126
192.10380090555623
196.06163013184545
191.60917001177987
189.03460893668637
184.12959223536265
184.2788132620202
184.09472011276395
185.88198840344455
186.78962865228445
187.51163053241154
191.67388728015496
190.85645569728084
194.85066604486667
200.37855259076318
201.97105387462102
207.5819910510124
204.58525519721388
202.92028517628503
202.73697496061035
202.06665646564764
199.7529637930203
198.32033292850411
196.70028204519156
194.19544613460343
194.01411764216073
195.59189476938732
194.35601462718404
191.17044510109386
191.58705653510316
194.8452987828579
196.30554896699618
195.00628577193427
192.27505181319958
192.79984207339075
191.130837524833
185.79662249260895
188.36706109685463
183.26109568878414
183.15234639244298
177.82575631910493
179.97295156408993
182.46798414504931
182.26659348948445
181.80779823369733
186.59428197025017
188.01924001670548
187.6606943928569
188.4137416943111
184.735155105549
187.97537133143058
193.45901726135455
195.0212570552129
196.92753288877088
202.13843355606056
200.54617177948822
197.24406346159765
197.95060061731027
194.6037253223271
191.86050204694862
190.92806774152126
190.80785032025247
190.50669470767613
185.38895265929048
184.9509548853381
180.9211134157936
176.2039519201777
179.16601923950742
181.3026513027367
182.2741185137177
183.59397623713394
185.00798380414798
183.05869413742596
186.79317867181655
189.5071442148164
191.5327120063055
187.83021199167916
187.9371489627577
188.27593237405887
189.5832914630716
191.2043457752943
192.99808052748855
198.78599710713996
197.5312120174108
194.87438256387068
191.67747879599105
193.9574560148244
194.35925060222465
194.98358021312507
194.72100473474495
194.67508687786963
193.4104625178158
193.17064830540974
193.13924248656963
193.05621838494025
189.22838841658137
189.65134149418262
184.34309939453343
184.1156057345584
180.0885642428728
180.38979389894357
179.2803184351906
177.80960831343435
176.0218931373468
171.96362058121088
176.07503034071308
176.9592286901089
177.805721097659
179.14916491723037
183.94490894136615
189.36143361607154
190.2449062730792
191.34592907538533
191.46841970327304
196.27077845276312
197.39718538951556
192.29869693680345
188.68055488450835
189.31933958124085
192.37768665853682
186.95255322433442
184.00786288978534
183.69638338104488
184.87515491720467
179.95099469425259
176.27721225546154
176.62459887564427
176.82028505357877
179.48459378017415
184.14515479927056
184.580758150394
187.29626565921097
191.72233617900906
189.9280432878064
189.48636524932832
191.3167429734172
187.72506269455553
189.43939644348103
189.27587976475914
194.10488180833624
194.71225864918256
189.63568722999833
189.5431105683296
189.33214478624242
194.7138237996943
189.91285606179932
186.21546440625346
185.98020366969791
182.18665966668422
180.87986823786895
178.8707115933032
177.42372150114932
174.0786482524355
173.3576534483086
176.49971077890692
176.89135934625077
177.18915299450413
177.90134804175503
180.6382798352188
181.69201802784835
177.16217520514104
172.4476081582488
174.09500536446026
177.16080738232986
181.89463648044
181.44274721232298
183.02324512919364
181.13169171564604
183.16218374300337
182.57604187568305
179.4148759997834
180.2446791881576
176.7437324320632
178.81478631544138
183.64162537448462
183.8614687737494
183.39473396931146
183.02749738719862
181.8090299279262
182.8708086709023
182.20606676982237
187.02843131420153
182.87483701995555
183.00085943640798
183.28129379861588
186.23474335747582
188.16493604190265
183.69451792555853
188.87676404807607
188.67808377883816
187.0322556345517
189.5702426833656
192.0893050623246
191.78618962336978
187.2883391937059
183.0413421782565
179.1621465439831
177.07347176471873
181.94083050875034
185.42360993566973
182.97909633817062
182.5999668974815
178.95659445112562
178.98556038363802
179.76728932601878
178.65524799390053
180.21601580989287
175.6599153707534
179.94251780815762
181.76112340524924
183.0376224081346
187.56203097145328
183.60750605319296
184.07482992965305
188.59636325275946
188.87763489064767
188.84201754458877
193.93982404450108
192.0875555342215
191.82209638778545
187.92095025873175
182.57383558491173
182.51768814471788
179.36033912912055
177.60956303558146
174.0747228985911
173.6972153076857
173.1173963402703
169.2573706046902
171.84552579083757
171.8790521050636
172.00107005079457
171.28683762356678
174.57089786372336
176.56093791423868
173.176167470995
173.11933018362262
177.17710929802905
178.27220182272245
178.43184761105397
178.75887545763482
175.55580425251682
180.82126100514503
183.09449028165804
183.16443689224354
182.90463109000459
178.28200826108508
175.83147111233043
171.18925713122496
174.07562735814233
173.2276082825726
169.27625213175207
169.08100982640508
168.45357253653637
172.39050499755942
172.41926481410715
176.3412507455608
176.00365378487456
177.37579981592464
177.1775029619147
177.6691663390361
173.32255769766962
174.33937697373315
177.2806777980919
181.89434428650623
182.16044644597252
182.8195001126459
184.9509975866293
182.65095575141765
182.67206344053372
178.7346666160425
180.3810048748478
179.50312629175153
180.90404141856953
179.3878471396853
181.7559263928736
181.49011946306885
179.22685877864743
175.50720106533979
172.16110838644823
174.95381283906684
177.8400834512847
174.34175372586185
170.24891669947556
174.2825176284891
177.38465548585586
177.4793718539729
180.21352118979007
179.30560133449637
176.24564584353132
173.48519220272158
169.90281494617324
166.72144835380794
170.64345426611948
175.02341988755705
175.43344435121983
175.63161938709447
175.08052341255777
178.16978109467098
181.88862149986343
181.7152358740556
186.6237924615374
185.0468268691633
183.8453951290301
187.86464553011552
188.18315893528276
183.64518379694206
186.71545199501037
182.0864739223743
184.09460155826218
184.3373386032074
187.38141873725195
183.67580184813534
183.14158241368042
184.97926050660098
185.68680691935725
188.69341546834625
188.89641361504414
189.26238661746368
191.4010876738731
187.64724405703387
189.32601943776322
185.71769551326827
185.11754822636433
182.56292262712319
177.33615422856641
172.72091713317943
169.17308630064616
169.8384368811777
173.23067250740326
171.82308187492708
169.63879896501172
170.0994398695236
170.12281656134314
172.34267121408092
174.29860095220417
177.67268828297725
182.51599788187644
186.52029996485555
186.4957877586658
184.70831760945245
184.85867165552492
184.30139746931434
183.830289879018
179.6122169567936
179.25539260675092
175.3210813985973
175.5289293972328
175.4075853097549
170.2773781366148
173.67039385985396
178.00488538863527
177.663225567598
174.41950199656785
169.5048337883606
170.51809380313455
170.7345580527988
167.38269450415282
166.82291675358675
170.8196576966516
169.99231004195997
170.36062725412867
170.46775954870887
165.49934549948415
166.3132002821772
166.55331724215873
170.44780106908277
171.52691844536045
168.3854755001843
170.76677801444262
170.99895093273412
175.4392491343448
174.91793893142585
176.6190444488154
181.0058828225108
182.08888128112972
182.06512292379557
178.1459149528332
181.77713397558463
180.99441685787414
183.0925704652597
181.1297643284504
181.6293027109865
183.7598127096087
186.65209838939725
187.71400853434244
187.37413658541047
186.01868339395367
188.05653265874875
183.8865154507146
186.86943587881453
183.74678730193168
186.0336446382268
183.10352230320177
184.5226458927655
187.43490906826435
185.35819157898288
187.37224805494998
182.9222923304043
184.5159229799227
188.95510468613546
191.20902933544306
193.72641868800824
194.36444102281186
191.63080669586347
187.16929904073487
188.01557883362779
187.3313718586985
186.3064721714151
186.579634567111
185.9362657886711
180.36089580032674
180.80408922602308
179.51405801994304
177.565914986225
180.83307779666973
184.04034965569477
180.26906353212337
180.37655072161326
181.1130797095914
179.0473743825115
176.8347210214499
178.8571879369987
177.0106698281553
177.12302050568587
181.3785261400441
179.0464144934576
177.57675701917557
178.80687750207474
180.9189241689664
182.65356891883334
185.33464746706196
186.89279854242335
186.7648921452938
182.63671452102417
179.52012454657236
181.3237761374431
180.93879379348232
178.12343496549292
175.09842742642806
175.009440633806
175.44730154086275
174.42819071012013
175.9410855424966
173.1043270637267
177.0478664480962
176.99082155539654
179.2979440597534
179.98011452484687
180.3715995184757
175.09817717643418
175.1302308763909
175.57106499036365
177.35976526409183
178.39615129548446
181.57197991789693
185.6076946282221
181.25350346325462
185.38764544770905
185.17773902341924
180.40060716125998
179.8492453915924
179.6648837449895
179.0774417451289
176.5886956332827
177.4525586741705
177.49104512358363
175.14300357482077
172.43994931802612
172.4033942879219
176.43627086622504
171.5109258754108
171.57577528920194
174.74227065055936
178.631946603727
178.9059660460146
177.13996282270844
178.89033256130827
180.41170404704113
180.8984494034667
180.52059174616724
180.56818876935256
182.70670901938104
182.79333635408588
183.94055984169873
185.25220158639607
181.4391640035354
183.31808630656946
185.22319921888462
182.0414379900154
184.75372103887054
183.86220452868304
182.37504371186483
185.4025978161546
183.85298768980056
178.61598435654292
175.5853199233837
172.08344340677058
177.20626097630608
180.3597941954275
179.2216987976682
178.4297190446206
182.75477072705826
181.41229199075107
176.43776861846118
172.42905829200205
176.1404529716005
175.66621787285794
173.23921021583823
170.19394920923784
171.86479361431705
170.15923844737145
172.0408006042558
167.96038037186753
168.31026426572035
165.20174658519306
163.81042321496477
168.2733320195401
170.47476011875008
172.36627613011126
171.7603689881101
172.57025947095843
173.29703630378683
175.43924707048544
170.40774774563252
170.8943361825493
171.87633856434476
175.62869289937674
178.06030796198357
177.27833550668043
181.36353474748987
178.7010496165855
177.03597636330588
173.2215436637747
172.17021674842746
173.3419643073547
171.27284523933764
171.17780683044853
169.37566173533398
167.7283866646087
166.0259471741844
164.12898835864257
164.06758677811342
163.11843654723162
163.7091187976115
165.37337941847323
166.18676772895068
168.08272667868758
172.1043752728433
172.71756525108992
177.24421608177988
177.30735032592048
173.64319966345667
178.0205560973384
181.32582588803768
179.97492704353223
180.43076906368483
182.07236582132893
181.52532670912538
177.9526067395247
182.3492551532362
186.3215537481021
186.60436663228563
186.56005330991954
185.47617006389623
185.4336466744863
181.21009606458702
177.70015811075342
177.67985927109154
179.3549493408044
178.41812135723973
175.66565025827472
174.50229760497237
174.6668546813118
169.7331258577352
173.6853591205956
176.47274920232573
178.15395090687514
176.92857554020858
174.07573753664437
177.46795029850736
172.2123325071608
170.29021367397243
170.1356838645316
167.80320488531726
170.5725454637792
170.733152537027
173.98936496251028
174.0096674782262
173.91086486558973
172.50645841285987
174.07544279291403
170.87107553446813
169.64444588493845
172.8029358637402
170.84666666998413
172.16435650709695
173.81252186931076
173.7510419095739
177.1878439724161
177.16111672240626
177.24927654962337
181.08905195641296
181.0478458417397
181.02522329894828
177.50956967686687
177.72100156775636
180.7734977369094
181.48371529536266
176.92009432986046
180.2755373206687
179.54822278399286
178.3552577687882
177.9436787226315
176.2175408677883
176.59397831511643
179.07285126020736
178.26391047172933
177.43835742469727
177.14467625200018
174.23172474827243
172.67782717421107
173.1192787124874
170.44962221846882
166.81103154587706
166.5180072468978
162.43594751930863
164.43738672220076
162.20452723396875
161.21387222782982
161.23933631831162
158.59782922905714
163.33726811100456
163.72758178213303
163.56280497941324
165.1339711691073
167.2652477485902
169.40630848773554
170.7233704620294
173.2435151066764
174.81755410158834
173.6844149331587
173.82388325642583
168.67674032422312
171.80505872889256
175.20414459047424
177.79162518929604
173.20386011787022
176.3429174203341
175.447730681272
176.4761190927867
178.52297610380637
181.13294185307703
180.7150819693501
177.86306788991163
175.38704814621755
170.5031878817866
169.2268584329454
168.91311122497663
166.28782321295077
166.83514666898827
170.63235422221834
170.1033594330193
167.67486216790402
166.90908497382313
165.33752900233722
166.0253304375059
161.123989019113
160.53289886740208
163.22172132927616
167.3948997235059
167.10390879392838
169.29339024070816
172.13533182514308
172.09637235603944
172.50572567497917
167.9996061130535
171.32189291957098
173.729001099776
173.37508207915963
168.71944713494864
170.76436947290821
174.7041437495449
177.88203377891764
181.9573364597675
180.99545845289967
181.88623021484648
180.91062344813173
178.22521197151443
174.97062120464832
171.5310342329555
167.8026264923892
167.82768559410852
169.74139284416458
171.48865423649977
171.9116505161229
172.54813821496847
174.46564187163534
174.4128172912266
175.0751644630955
171.8178110706901
167.87795037394656
170.91115689978795
170.56581304919942
166.9874845109146
166.27055951934136
166.37141008840425
164.13659185130038
161.3907348558905
161.76831958156185
158.90046959078848
159.9674872402215
158.99270213751421
160.6355911172042
160.55670530976354
161.30883204969237
164.06289755411714
162.75792949989713
160.4873009445841
163.6372304694387
165.03167863029117
164.49312424563468
163.46081377337214
162.50200043564664
161.77530242508828
164.97224495987786
160.1935179479912
161.20280852356876
162.2832125692506
161.75158212304072
162.80818262268454
162.58027540970204
163.9780661645698
168.02658303404328
169.47041313175308
169.448263676737
168.72536439149022
170.53717278452794
167.31796603205416
168.87404950966956
172.55847639167823
169.48190627728997
169.2234362573763
169.11414975070971
165.35947139250953
163.80041141830233
164.49484528181534
162.76674298615984
159.99271812486046
161.91420354610142
161.96121136657547
164.6606236315202
164.35582427477888
167.93026063104242
169.72921796959665
166.34022152236344
164.55230650474186
160.84040617055146
164.1233826049914
164.04855676271413
163.27402747348694
158.8032091258052
156.4317961195763
152.38922467890154
148.59787371205732
147.128239817366
147.21542786738797
146.5803520917168
145.48917996260428
142.03311516730383
142.2739919474806
141.85034757439766
143.44832689395054
146.6131543359513
147.11066134370506
149.37392378539602
149.93570606759144
145.68438324636855
148.31227015358996
149.25385204536664
150.55632742600878
154.41156697362266
154.8568642923565
157.8966736876972
162.47533550953537
160.93670570355147
163.32869342618025
163.22924362501124
168.0795940522869
167.78464907454972
163.39423661096612
163.4543644777225
168.17081601013703
168.14621005520837
166.55394312456818
165.14978747869802
163.77026041603602
160.48546721728624
161.34642204565242
160.89138678867675
160.80095134249544
157.89855058806228
160.5377505384239
163.21217781090544
166.97309663940192
162.5938069095255
162.48221269796537
160.58473303205213
157.38028603821928
155.07553320388766
157.25344192750558
154.12434082907686
156.1900193440691
157.3926938577793
159.547166076177
159.79153711067076
160.32734027323139
163.3823259604209
162.22520246192212
162.52359640856497
165.14775241362386
163.32022797710073
166.05271261611574
163.80210010920086
165.51975906903448
167.1032684753083
166.58371905213608
165.48193520256257
164.0466564366149
164.19742849086342
168.0065002869854
164.9474618950108
164.9674749942849
165.88617010159595
165.636674815599
168.17307684728974
163.6276813182873
159.60650496063823
155.21746527372414
153.93325903830296
152.44559523461416
154.46162019500088
154.49193501474969
150.6234863648749
146.2112537602531
146.09116682631043
146.28057531819175
146.887133475244
148.06950604159806
148.3743466075427
151.83356301330073
154.36071938268822
155.7978282428478
155.83418418909437
154.6679172994649
155.56653095790588
156.57872607428337
161.26567008004557
160.8373112066901
165.01225502637243
161.85782615668424
157.9735261346211
159.5201147714442
154.7974139941922
156.03512820163022
155.63132975797672
160.17685257604242
159.79889038545093
158.66534928155497
156.86382819080447
156.22891074420062
160.5260777093493
160.58410865735485
161.19378878869244
158.205627448027
159.99932625551477
163.13804033727135
163.55175766913166
165.011456404628
165.7664207123212
163.83659629386494
160.30013390137245
156.62818889010148
160.6224191820842
159.1680692139145
159.56794153238994
156.86339473571965
161.11015842774978
160.8191438830956
157.62471193275607
158.6742154789686
155.7182864355105
156.62475203063894
155.25585360875922
153.20229033489824
156.67218905675898
158.1811263555123
156.18107167496566
156.1300764085377
156.58907427338661
158.99139887099977
156.83127515381724
158.5599711581225
157.81293252598425
162.27196675701634
163.96593401645328
160.06702582153966
156.3604378789557
159.86549165955594
160.29246108366203
160.88236499164202
162.77366563494076
165.88453630988573
169.9617331989002
169.45777557132575
169.51990147487749
167.22208955564426
171.33718338876622
166.83444297638403
170.99111016536162
168.22733008462657
163.2379371215974
158.3540688164438
160.89679529401192
157.7596427790609
157.94640252527992
159.06722827938006
160.87917997361097
160.9685893510086
162.84997506305936
161.79149941534226
165.17187262227182
165.11959123436057
163.33162339088238
162.34165479917527
159.9431771164464
158.57898372900914
159.74719419797225
157.70403115242084
154.134246050792
154.05983134716843
151.54483767813238
155.94165395295408
159.00002352934175
157.2717354582334
158.27378454971912
157.29800619566066
160.29764437278726
161.45434497110645
161.07145301627176
162.09132635087445
162.80524174985305
159.9648305489332
160.16909379649692
158.18545990197603
158.94548232118171
158.1500777088769
157.99094626616264
157.19655231378673
155.69642758084206
154.0919821304756
154.48830645059897
152.81392804118826
155.16127789117039
154.70057191798168
157.97864521579848
154.46189161098889
154.33844842496043
155.0964931103277
155.65951702891758
157.53299917999095
158.56676554085593
154.10592863928647
151.0478642849592
153.4549230085809
154.28129409513264
158.68526626917463
154.68252288917776
155.69783432613377
159.32009651260154
159.15399455201435
158.3289552680592
156.4113466193487
159.04823977023568
158.9739633933235
156.1016701363018
159.7486389336537
158.66609752276162
159.0990344361764
161.41879102993045
159.9184884534571
159.57098497763286
157.66555475140086
158.48189371351717
162.43228635385302
160.2988422147479
160.8385951698246
160.32051714511476
156.12589863775696
158.28043795945584
157.83826779578285
157.29690433834816
155.7068954876968
155.76808443397582
155.6693949271325
159.02402558703852
160.14325939010152
159.54711233158594
157.1460857274085
156.34125487615952
159.230602162106
160.05474451010622
163.58893868252378
162.52614538372364
162.77380998473672
165.6669463751783
165.06776291937183
165.1663169027075
164.97127090264217
164.48747197286642
162.6453588250098
162.9228347438555
162.9441725410917
162.42282867818915
163.08361763047463
163.3402085581613
165.6764801980723
170.62269340102617
166.79755171141568
164.28306100957076
164.32748943624262
162.00042222261146
157.37730118137333
158.20469273606287
159.27110258769108
160.0732572973169
164.04086982680906
162.7590306019572
165.0086648916533
164.66314424302013
162.4923495373126
166.2228435679953
164.17525315261065
161.52615551759885
161.4242288396516
156.596449338095
156.52494112193028
156.5465425544032
154.93552951200658
153.80080921281768
152.42361790267245
148.9811333398708
144.87014965445502
146.36839279972216
143.77963223572223
145.73297657411982
145.2432511277667
147.86832094603952
146.0032261810884
145.7308527998347
144.6465635334904
145.85021849418789
149.60015547532814
150.17803405514678
150.70594086367143
153.70088977414673
157.36985034340205
159.79132238777572
160.81334682009336
157.84646615654384
157.95788045676625
157.99863550993547
161.80021392789138
164.65241024689144
165.54904652246722
164.8636203264046
163.42377605539647
163.17347338637077
162.47586546083764
158.29454345710573
159.25249118746913
163.81890858510343
162.64706652368693
162.45824002570225
163.91486814172214
164.56547278221012
165.7372327585286
169.16190318478272
171.42548198145232
170.59496542457728
167.51479681779298
162.97566687424543
161.8263620682234
158.65117485954445
159.42782159971952
156.977901407013
155.83624655231523
151.80386589254752
151.17494240339198
146.69913326726143
146.84407241170072
146.71257543189756
142.9690886168777
139.33080767253531
139.7211427160174
138.6081005540717
139.01814253083472
139.81004386107486
137.89410282046413
139.84182339024275
142.83337121268886
143.4910160286019
145.5775896804608
147.2724602853099
148.66041973245655
151.5480877117318
154.95897593822917
155.02225004586853
152.9499054850877
154.04224434574175
155.34561370168117
156.3191779524208
153.7411702640617
158.0316117092611
157.85016292576543
156.50195972279508
155.52947053129117
157.27750809527151
159.13138615984897
156.96284709361427
152.7654951785872
152.86527962770134
152.80938894851553
157.2795510441744
152.9171330870932
151.83284042897571
152.77847326536062
155.15461848606103
151.51482489946957
148.5687690473312
147.9809746337118
145.56383013595436
145.30937338874602
144.3453828304382
148.65623337194208
144.36607028086456
144.79727921075687
144.59122611282348
148.7359791722443
144.27997702990285
144.26372883074686
146.21424805411655
146.0158419006312
147.83577000446368
150.6348845420227
149.9188674862371
149.95863716481242
151.60350300782503
153.44875060118596
153.57862605606698
156.87127445123275
153.05869807963492
156.683388874032
156.18682787771323
153.04430973036628
152.3445630450539
153.77510137927808
153.10328227935926
152.19319620931847
153.66135865206203
156.59126702300395
158.19330302307011
161.47636888363522
162.81589409455503
162.2747787098778
163.92822288009953
167.65921464891554
167.63858925108056
167.71852572610425
167.7370623709219
167.68023846441386
167.98886784312373
168.5379127194554
164.2029174754411
160.51486640253978
161.81770263398639
157.4128314182838
153.60585987203567
151.2863096931196
153.25654193029965
154.094377027382
154.36936163542313
150.40383683087092
150.0542628615975
145.78268591524412
141.86591967354775
143.38805663339681
147.29137255790715
147.57956136365962
149.799048935075
148.1843687959294
146.6291427057026
146.83674721468816
146.94498335554516
148.59482224605244
147.40919673372008
149.9499484796093
146.20474916858012
149.4788735811729
149.9391868447797
151.76861370100838
152.03932010136728
154.34698112741393
154.84245427505843
155.89281358875428
152.09500453870504
147.66156060362243
151.9965266235773
149.82197517191736
153.39543051549134
155.62977570143184
157.93484487949638
156.38818318120278
157.73627756462395
154.2879938503437
154.34811500165935
156.61639835444225
153.5128279956175
155.4876852106122
158.30497683623423
158.89266709622055
158.62183873246673
160.4635370681681
159.95949917012308
161.55749280533175
160.31250618788803
156.31541675787926
159.78333289865472
158.1613290410912
160.03028330641965
157.30552522777361
156.48493304398454
153.7836233744728
150.09273945193593
151.72878262736822
147.2182169832563
150.3074399457383
149.92464763946484
149.79672302399834
154.18178713008356
153.93126904027974
153.45089589293045
150.72521699485134
147.0277589711389
147.05960724988523
146.3061230263007
149.64586023416751
149.44929580102664
147.31963751953404
148.28194574318812
146.46955646996562
148.2818595312103
147.97574217715666
147.7979134799703
147.61812082026407
147.06656199079535
146.0747484532981
143.2387248761317
143.0823495973387
139.4915033605836
139.7849923745233
139.79983492425205
142.45048403797404
143.17845212011693
141.9880595120182
142.61768967998447
143.86092854050568
144.00163711754118
141.56775705752563
143.86660865628633
144.98066929350307
145.48237442505828
145.50453115238875
146.0384346539622
143.25050415780493
147.05465676913764
143.17009176798575
144.72657802242267
146.91209849873914
149.56039294870476
151.27808777032416
153.6047187101713
149.23866619558072
149.10782346365522
148.6557892149537
147.14937835530094
144.5624214259028
141.2349614263017
141.34462290993244
141.4598974109845
144.35217277096862
144.52951534541418
144.98495340847853
145.2306156740915
143.35565064441406
143.9511294885114
144.5162450385092
142.07598902953396
139.65285022882054
142.79861196022
142.89990549190497
141.5916818873011
145.19631370388828
146.86064393222026
146.78358108772855
150.48441058484536
148.89529963674656
144.61005360680167
145.12796787917162
