0 0.0
198.60308918308837 199.34735930181944
203.79698585159812
204.1456344894548
206.93248949260584
202.52572453232338
199.25767275383606
205.14725485228718
201.3915054113753
201.42139203569454
202.04774652326407
201.12226726654683
200.95241250346905
201.60540680175012
197.62271971909178
197.9065677425323
202.3655352758573
197.51032416462934
197.27817054786726
191.5189603155141
188.72913296894083
187.98146326314045
186.64020257022887
187.19531364066074
183.6175909930487
182.06033166364298
185.53324701152957
189.2058471920334
189.33142739064158
191.66673421339073
188.324867253638
191.3927877603785
187.6683435162843
188.28782848063716
186.5727401455074
185.53679068731708
189.47260601071957
193.61089372304218
190.13361751329404
193.38673044277493
192.21477299321472
191.60675947841196
190.07457621137206
190.98766276018384
186.84282515472054
190.03011194305938
191.26277733734898
189.3675150248985
189.21549138394988
191.570208684808
189.3146592502969
192.88940220599065
188.54497294907674
190.11963012327462
189.1961994405692
193.37312499086244
190.9938243851024
192.51983135507092
197.89720642972432
198.9784135495719
197.30303963925303
196.63181236461665
195.0410689016168
193.03925750759106
191.87853487334314
193.70345796312967
190.42704047385067
186.5783054988584
187.92501131782456
188.12641782638033
188.54194134762986
192.102031196516
196.0911096561701
193.60952279695255
194.42223821408726
193.92077843703814
193.50581367798418
192.93547984169055
194.61531335711754
188.95676595069372
185.32645844862512
185.54310764746842
185.31455685326054
185.33310016178135
188.84489197132496
193.3594454162504
193.29335241178907
198.62855503609688
199.52280203489534
198.10378261708757
194.02955185872003
198.37870730487032
201.38949132126905
206.7963686711592
202.51715789985232
202.4258239256299
198.12564297113428
196.4462036874462
192.7083131449406
186.93372701001346
185.1449010244536
182.27103718338344
181.1675530176312
179.00570428666447
179.2997456252286
177.50416109646642
177.57618898280367
178.1416634030727
173.23558779093608
176.20680193405232
176.37576505484884
176.4413853142333
173.71458910298878
178.00619246348757
178.09902559502353
181.90978679579882
179.05262133211727
182.83694723454124
183.30631537905572
188.5108306452418
193.4512614367616
194.26095504043968
192.64892004898832
190.94929497464918
192.3063178843763
194.3009243337729
198.87555174721425
198.8444872391615
197.70927945410338
200.76927452662335
200.00695486488712
199.85068401905804
199.80440458305475
194.01915215601062
193.61654070918556
195.1980130553013
192.40962156329311
195.36327758090894
194.78968493572998
194.42427899071149
193.71423332941313
191.3743147768751
191.32412390721734
187.91213484315213
184.8123371852793
183.1155594755687
180.73539024973476
184.18942898689383
184.20861757299994
183.3660440534274
188.59222494913504
193.2845763832688
189.05558511410533
189.1592303706047
185.15326341150245
179.89795275134733
183.783254607149
185.22592108959006
185.24836027480848
190.52455839509645
193.21983873038243
192.42042221472292
194.08627188382542
198.57739142358085
193.58619371609095
187.9535984608996
189.10638183951366
184.008267490949
186.22180222726337
186.073125170517
184.61126051551364
183.95565439176957
180.78704382398993
182.12450732527316
181.43892466874726
185.60845321799036
184.84480288218836
185.86953356279764
185.9655040660337
185.90358995672133
184.89273844965714
183.82286718732985
179.38724569368804
174.5363742149948
178.06476218495956
179.95461191031728
181.171186411615
181.33964220341497
179.5424343893903
179.31967256714648
178.19660194708783
176.66572033353478
181.75827681426858
185.76317723822095
184.61094841049945
189.7504271503443
189.7740213942581
187.4924072849053
187.57295690969727
190.62387843320374
191.76853860879623
194.5511408970348
192.1047960184854
193.7984735113673
196.63298672069564
194.61965328049087
192.81928328051816
192.92873894757076
197.15298948150246
194.3076284447588
191.7362810133835
185.97937397431724
191.53536800753517
191.49333095053012
193.01555047696877
188.90266129727968
184.7208240424208
183.88425624302786
188.2655305496303
185.10503874189945
186.4051000394458
183.1665051571877
183.4679503183442
188.24095808171097
183.12161157910668
183.79871383183504
188.11938056685813
183.90775149165256
185.70690467616473
187.4371951920216
185.77345383010567
185.19096778568905
183.31186883493098
178.92297064005675
175.13943205321854
174.10692613467538
176.22770542483386
178.9773334514831
177.39902302602303
181.61562349472277
182.18985876176947
178.36059438393067
179.65862863643716
178.82062230992864
175.79318930809387
175.2535270187805
180.13583458193622
180.485245478292
182.65267696931582
182.7133147929335
184.42855155540326
186.52290818367635
190.34874765199038
189.85874053857077
191.16213998060599
196.06633650741819
196.70928253843232
195.65203913593518
192.97962428691147
190.68189906265837
185.0976721974184
185.07467547982384
179.58407017503023
178.37743155580227
177.65678461561757
178.75380523790645
181.1456794903119
180.36895082298705
175.49042114696348
175.5800604339745
176.17755446789312
176.0505778487833
178.18692387025877
180.3942242800282
183.41015498868714
180.0456621980899
183.82213374215803
182.3947539646894
182.56773724813988
177.76754755197828
179.2094189201702
182.89312520459842
183.01189889338
178.15768175001887
183.02153498696873
183.14722662625854
185.1587390915548
184.60215966682
189.2596005492521
189.88299578170887
185.50486694110586
186.7045585200189
191.11314957203993
186.04448131882518
184.69223639675056
185.96401246778478
189.26475691449173
191.32338131639113
195.13287654321044
194.48752247693108
190.0859995831862
188.06161874856585
187.11498472652085
190.82539955953308
187.712755181846
190.54761518061036
189.83059471724744
187.3794149727859
185.08490656950624
180.31146549944
183.99969567981387
186.1883957183767
184.5814132261576
183.65422012540327
183.54305022129287
188.93833441164742
189.00633782310194
188.11366086606736
189.47594664252333
188.2060904599438
184.18814332271523
185.91935303260425
186.1554029698967
187.08199249684958
190.57958288062844
191.02136299829132
192.88189111595966
196.56618126352322
196.11831655219657
198.43348568135065
195.93951608032842
190.64316521540434
190.23406038609946
192.45901448809036
190.74472970026736
189.51258961736391
184.1879270611302
181.09312231363066
178.22002127400918
180.56533582968092
180.4943672952218
180.2246922155084
183.15562392071698
181.76321146523472
177.82057405535446
183.16011742905286
178.2070603775492
175.58700285166256
179.1681264047846
182.00109297881298
182.2089328114773
186.49419679602534
188.5189605595571
188.77388835587584
184.6932615607915
186.02111732175524
190.13283889072994
190.19603673771613
193.30874693399983
188.39810052605353
189.01615352890843
188.7136065903715
191.78552482652822
189.14595319120085
193.42057500011816
187.76409145185423
184.1277736937082
184.7654488127386
185.15612736503135
184.9267585313659
184.82748805506915
182.4680703984209
182.48636108946957
179.90520195878665
179.6618037074888
179.70363895068775
179.6847724843391
180.86974986374605
177.97876658410604
179.33041431883714
179.26594501463924
176.33464466794183
176.97944896061892
180.42985616766737
178.54719291841255
177.81422992958798
180.15979860826226
185.24559089002773
183.31748997852475
179.86626822639096
179.27023635557214
180.57741937493662
180.66660342106232
179.69076484211524
180.5730451119209
180.76067791364898
180.56625658732762
179.42998413258394
179.84821594313016
177.39599851868178
176.5400138357769
176.9644712711027
179.48368943405902
181.48604974499003
180.5313794836518
177.33985644174012
180.75474260909613
181.3051178944771
177.21069298972546
178.30414287085398
182.46198024264328
186.6010083011638
184.89293454141395
181.5777935293304
181.53837963270254
182.6199819025187
184.31462697286136
188.68962553793128
185.1435863068119
183.13729414973616
178.56156121162385
175.5560291974677
177.02054153543014
177.28796549340512
177.69329261281058
172.95488124360898
173.5319267638799
175.98452313373528
176.94495634504455
181.40556026525184
179.99409300549607
182.6131918075834
180.5855560526516
184.64120093565538
187.49145933227726
185.72917831563475
189.06354765366973
188.8188752344136
189.4104173060338
187.4925793082685
182.6208833515829
182.9408148706151
185.29756456585196
188.23140893902698
188.2650876332826
184.59236901176496
181.24008042633542
185.75107729429428
184.95959753806184
187.54088207311014
186.17056376357164
181.77086154253746
183.51903690586082
184.4226045835922
183.9965345645324
179.2712388855832
174.7512398615917
174.38213907236988
179.06027015056787
176.430790423135
179.60658138584074
179.43866568236396
179.23765016303702
178.77653284709277
178.52195736592913
175.01783822044976
174.41906914597274
171.20205486366817
168.24054266501756
167.23834560018156
167.2209892064204
167.2521722385592
167.30612334282335
170.2726669301722
170.3180148684703
173.52649802068188
174.6405311558369
175.40112046686767
175.15737130447178
175.73945280695546
180.78373409037567
178.54801476797573
176.2211590793139
174.2374342267829
169.9360662799331
169.45908990254298
172.6582357364565
172.6394365413589
175.803782741458
175.58567137921258
173.97133627899038
171.05662911919865
170.40228165773652
170.16736523732632
168.57754013756278
165.67641493577645
162.53147532484263
160.99953740154635
163.81383551318316
168.69418941985114
172.76084422887251
175.4358103870395
175.48794848078256
180.45112794054742
180.63450987286717
180.6857938979899
185.53206644849718
182.28253273654508
180.8043587889371
176.04766629919743
176.7622596832346
176.824381005476
176.33868244641894
174.41655242605273
174.89502981192288
177.63631108747774
180.0421311223122
180.28142805352113
176.05286561861894
177.2065320547677
181.19702336790192
181.21520657158874
177.11915120296888
177.81948859839892
177.94248659350066
174.22140989427734
175.26223298787647
176.35212205527088
175.59479914168185
176.9200472235842
178.1216933228039
174.62762608908824
172.2376550623495
172.37199831822653
174.3295533387199
175.85476455295418
179.90793368698846
184.80216347875046
182.60773145944543
182.00361261516295
184.21326003999428
184.10609444541086
184.153639880511
185.97629949663263
185.93341763852612
186.11080051996117
190.63964887722219
190.33699810254726
185.80936317274669
185.51723938815093
180.21153851618314
177.60904921863886
176.62880704335663
175.46374295628175
171.9835195746458
173.64703044575063
176.15109193376722
176.0753990017416
178.07530301490547
173.9652983639603
172.89852983967316
177.75127084421237
176.3647658154214
179.06628827674288
184.01801067414186
183.87203205728852
180.40514904640878
176.037743148892
176.1472649046115
173.4479893617434
169.77190408422297
169.14348250700053
174.1627865804409
172.70833148005784
173.01738372019707
170.60470730409483
174.82044443884524
178.71621957539762
181.34173492090534
181.09228444471609
183.40947062644832
186.84937734332888
182.05782374348024
180.06492645112115
177.8541550363206
176.07161448590682
176.0282652085945
171.47717201643337
172.80169506965336
174.57518447529264
172.2175064224192
171.62892551363385
170.55118515803224
173.50772167824584
169.6657524989959
169.68286430390935
174.21045967637738
174.28199072622888
172.05060429836675
169.04883356279612
164.56872571131166
168.95073099328366
171.5600418474769
173.79107790085172
169.14958659297878
167.3591566763431
167.73458931509907
168.6727781644539
173.41236746422297
170.37839913671104
172.36813192908818
167.48081394209885
168.14418887694606
168.22593846253324
170.13499690919915
168.2091756843983
169.0547466315935
169.32000767603432
170.30818019507004
169.92368906243516
172.7499125143169
173.0075773564578
168.18659304656583
167.1066858121633
171.95622818134154
169.8424247661104
171.22501340086527
170.23725324036639
170.30799267408517
168.7430423676096
166.7786762948282
170.34971730892573
171.49554211600756
176.25175136320618
172.92025503769852
170.6352135923089
166.56365545012812
170.08802580049257
172.85212231505167
177.7008964293198
172.62059836033194
177.24623222895568
176.6969642288009
177.3606446798462
176.92250564997883
176.86590341239057
176.88752656317465
173.33279892145754
168.54874957228895
172.28899273624253
174.7680992726673
170.37669247597387
169.0683558569999
168.83258288917256
167.34695165524886
168.89557334310928
167.70712122757456
167.5867017096811
168.44934264529198
169.1856040510211
168.2569533990725
168.10224677527296
168.97239476024302
169.435146335613
174.11490127462227
177.46996441396774
176.4402423476983
175.52767836510168
173.4312517448512
173.8799756426731
172.7852683965664
171.86346134348645
171.82756458644764
166.76370793544694
166.58502890184846
163.85946382354723
162.83114121654535
159.68334837898914
163.67951019905126
159.2210390747749
157.44285935017146
158.86908504446905
162.9128726923527
162.92923633711604
164.21574503809603
168.89267174421676
168.3361737770845
168.60069442506693
168.61847155732727
170.77572833390613
175.81696654117158
176.03226726675376
174.9820571106633
172.12770989818546
169.28880307445374
168.40808586536747
166.5221169430889
168.14091357863234
169.5924693742253
167.36061611369945
167.82554888951273
167.97908173620243
171.04347789778367
173.3581986044997
173.50615051268542
168.8332667632638
165.40991014168125
163.14871492372112
166.8720770681325
168.96844227768625
173.3343466520541
176.57034471113664
180.66157648950175
179.3355440026256
181.59656873900244
178.45183679351135
174.8022366790514
173.20909552577928
173.1111456095191
169.1330810453212
172.09682642996248
169.92915582025162
165.0947185040767
169.18533088851527
164.68315721001437
167.12606261685482
166.97981333366474
169.8425710680701
168.11389092003924
167.93370483275586
167.34916223726054
165.55965939458292
164.48668505811617
162.89751021278497
162.07230725286513
164.22578339275546
165.8189029380067
165.64703990658552
160.88536113483235
163.1006278790466
159.33638821246095
161.6472494336855
159.23728197158292
158.58121785380948
159.74860633033242
155.32210290581583
156.47707378734555
160.39676500317103
159.90968876653835
160.78297496152476
164.78854865163044
166.01140004392076
162.95041521890792
167.82050278712782
166.86990080953524
167.29200278396988
170.83068041733662
172.082197623762
174.82350810826182
174.61147140886823
169.36166765982114
169.3398711138114
172.38669237691448
172.52917012479324
177.3642022620448
181.695030994951
179.06757451748993
176.17562588382472
171.35773874874158
166.51457880139225
169.4088482547527
165.15014750233337
164.61381139792593
164.58294731571468
167.59245594791113
163.12540508003386
162.33624658605024
162.4819807820574
159.53600133532333
163.10921134280278
163.05322719329794
161.55237054320054
156.8630439861083
156.0838391544296
156.25644926510932
158.66375510859993
161.00499650524705
162.93120184195976
167.74486811813819
170.64718102242787
173.8573309602671
172.56752690557917
171.8321822203077
166.73079869562474
164.24316657894306
163.92100275040397
163.89971052104636
164.6699098313274
161.9320927385313
163.0603661210218
166.24992680814108
167.02934726974075
167.06463310588458
168.1312799890372
171.40860613461348
172.40470515737223
172.2934653788095
172.4625637762044
172.05695998504603
172.0820322780554
170.91834772829458
168.4458482316822
172.09574731955772
175.57769698539985
174.94181597581294
170.4629974716538
168.14351295055152
166.16992995231092
164.5075900769929
163.78288090510156
163.88291032949215
162.8038398323923
159.13756082471323
160.22883024224024
158.38308414520404
158.84260095682276
161.27222049641458
159.87036579733513
157.12403491980908
157.1647233480195
156.93187829601146
158.659743328573
160.46114278616193
157.39584342210736
161.21120788434374
165.17032653874213
163.11347253148256
163.1316976016919
165.2342199766022
167.84179699351102
163.37661536631776
165.1696511485556
165.24910292866187
161.18080655410935
163.64842200087693
159.7309569383437
160.15099710842148
160.7150815400612
161.49835033616867
162.6815621021354
158.64377876501683
158.73816466045568
158.4418685990694
157.67553115753142
157.10332957851008
159.48226025834973
161.29097060686038
163.36870780658256
166.8392769447115
162.2518081630761
166.45773784251227
165.45155463312682
165.78136676928614
161.41256515423296
165.64774753466915
167.49928227616257
165.38757464015296
169.56841203443096
172.43158397821412
175.7034942959526
171.64580020354344
171.5038069435875
169.99814451802382
171.22162698305326
170.83174661971898
170.87089189314594
169.62031547969104
169.90774501521483
165.56130459936742
165.1497655355032
162.0938531391155
162.05602767252392
162.1125089686687
161.93060833144924
158.1066237882563
161.48064634612513
161.38391781799547
162.83187588968846
159.34828518597837
163.25986541996355
163.10502470690727
162.10624637806754
162.0067728022885
162.24073064215813
158.88921896191792
161.54451775913526
157.26155758955676
158.77507124176796
157.0611550266018
158.43555499670663
155.84515601721048
155.96260296679907
154.91337319531672
154.14238410471216
152.96654090000374
150.24687582759566
149.7588711252944
154.23409200995877
154.75670195050628
158.80685814140023
161.41015241718958
165.3147661917592
163.45537756546264
159.01804953549146
154.7765372570858
158.1994690488891
161.43960974053684
161.39137578875267
164.20415575937847
162.51962224454053
165.4790865176901
167.20506907971992
164.95982446302287
164.8627881590201
167.87110615088255
166.46121005721358
161.48565094868587
160.7125315669942
159.61315576630574
161.0693720262721
159.98108872554536
162.2216659830859
161.95996952347414
157.4833818707215
161.45894716004588
162.58277351237334
158.90876717740676
154.8475110247063
157.52853628297902
156.12551118406464
156.5767100626469
154.1677003608558
149.63249279625884
150.49281255177425
153.077168656918
150.0637272558701
151.13988142517292
151.53326833278837
152.05860327236357
152.15660381909225
148.32757038558913
150.91159407937494
151.00841957496624
151.06990863508378
152.18497509747596
156.22372191080242
156.5563651838972
160.43366776167045
161.45801393021645
161.4413931689745
165.7950878959316
169.93762315189733
167.98108803762418
167.96367028516443
165.47967762808346
165.3837552445414
169.86282861931673
166.81013264222378
164.6842493173903
169.3401997162532
168.38279955364308
166.89246306707884
166.2726750517631
164.60544162340102
161.36964576031465
166.04492709259515
164.5580529118605
159.66303644627402
155.1366383795326
152.24888754759047
151.09114592708588
147.49730285638046
148.28300557035612
152.0547784294414
153.57003753144593
153.99197524524868
154.74095668021974
152.6579295307848
156.96360921396325
156.8607669206982
158.50419958497713
163.09743998739347
158.44899711586135
161.23301016914206
161.33475566468016
166.11952887994315
165.64329256497152
162.18701918336703
159.41730476030793
159.03420448246465
159.00102740415252
158.14638617324889
157.715436241661
159.87398438198568
160.0430651500806
155.79825252910697
155.86255852200864
153.33475703409266
151.39809578201633
152.49526664876507
152.8547867785995
157.0997451215587
155.34103758579198
158.44460432848936
160.76434003581443
163.164786748173
162.00513677217012
164.99796323187343
164.19666224682902
159.5522639007573
158.57741832527637
162.11473063547473
158.59165439665833
158.65212865482147
159.49325354067003
157.6430011720645
161.94209907199252
157.3114067769575
159.02618118131485
160.65477757215822
161.16231417964192
157.22851299752622
156.31171913568377
160.5579425677735
156.4212578426326
154.27341040258023
157.00056370490745
158.14908147076767
157.8448666425732
162.24621202529136
163.3249813447054
167.40984170832894
170.42717665848022
171.9810490935234
175.4330425288095
174.90672030083175
179.94097697223728
176.10602025400846
180.22603899352035
177.38397923869465
174.2668197600871
170.61575596535067
174.17780124802118
173.05914743322617
172.66130091528217
172.5085222930224
167.54267711875482
167.00179396555555
164.02673191322344
163.6551863549353
165.22131391388132
163.6320312385065
160.79805624782236
162.71783464967226
162.6311374565082
166.25571959357475
164.2393551550252
162.73570239752055
164.48209596990404
162.6949490991347
162.66651823775473
158.36915508950025
157.94259251400362
162.44511275025977
167.00343432102844
163.05770330760282
162.90001962720817
166.4556900082956
166.48974364341458
165.60122103945565
161.71199591342398
163.8585794044029
163.50312811488772
161.2481712504638
161.6326531292328
160.45360241600997
160.72752422303938
164.37176365860836
164.62600346930725
162.89119803642168
164.84583520534716
167.98716050524942
166.50358613873763
165.02431910348335
164.8737306522035
160.67694058815636
160.21721551881117
160.1180672720291
159.83496347571557
155.49195976265028
154.90304493929023
150.942013100007
150.86997669439077
155.2911156884742
153.24160413481044
155.57302893543437
156.15841720986347
159.4295898324788
156.3252745694457
157.5535526664227
160.12564678672504
156.85794489216306
158.93842699402592
159.5259036404251
160.5567772166537
164.33929371018345
163.74232541741696
164.00617617857912
167.17893662521402
168.6621853577567
165.29016700091833
165.52158443298734
168.3107867558054
168.1420339213065
168.4369281194701
170.03995523276984
170.08156722214437
171.56033670308227
175.243166550638
175.92843786284644
174.02657843897558
176.61661508310848
179.42456769601498
181.94623904688217
180.75043446560005
178.48934709730716
182.05271953070752
182.16142825835936
182.199271399797
182.4404138257021
179.1590408666696
184.4043635941286
189.42321658044312
189.46096709596708
189.20871311696177
189.09461464396924
187.3534224659922
187.114626083748
183.5053864163328
183.14908453870603
178.4331448236487
175.610807230653
174.9778695827496
174.73368890873232
174.57609547595092
171.00531084043027
166.81649014510847
164.76330182539044
160.1474235989417
159.68991993884816
156.01745677653332
155.6793585320923
157.71185634829652
159.28082335825266
161.198367858793
162.87185271627368
164.02527942228127
162.2571953031283
162.33033707679158
163.48922455378067
163.5197196118066
164.18933931524197
167.9386516906873
167.69889476188095
170.17115884538492
167.0551363519301
167.02820248390313
166.96493455559497
166.22506778588553
162.25846181788978
164.4192560661875
163.64790566916858
161.4072300271067
160.0096634644291
158.51389383146304
160.31326689816078
156.8138069256946
158.7350815772478
156.96468973831838
159.3343289856899
160.62116126126642
160.8334734803595
163.38892593563338
163.53194316786917
164.96024098765682
168.41645025758325
173.45209973296963
169.21063219471523
166.21465089045304
164.58594961447312
162.939708607301
164.68579559992173
167.84809702036347
166.44678124918687
171.1098251108359
168.918976487495
167.7733376600207
167.74356636213088
166.73484054155355
169.39620560778454
168.18063257767537
173.00093926185798
173.14104542162082
172.46028592187
174.411280715018
175.3815460468932
175.96772119628233
175.6993692372339
176.6427521225246
181.129111186665
181.0398820281664
180.3253850719893
175.56045621692488
175.51277463722278
170.96446409951056
170.17252307660968
167.53273066779468
169.39438872996058
166.107937639507
166.25166918760092
164.2370471624155
164.1956209417844
165.03518107673247
165.07224559365986
165.21313712090958
165.63309869590955
168.01981938519495
167.2556112972643
166.57244323565797
162.3789573746576
166.07198231672666
166.27014575063077
168.98702897964142
173.83069036081602
169.59224094532925
168.22757344805333
169.98728439838376
168.84475107576452
173.26053336493894
169.20191758667477
171.99218201522544
175.60748698091152
177.92647668748717
175.23882847944844
173.50589220999427
170.8434260791087
168.24877598268245
167.6880129534325
167.28941428652823
165.8069180467361
169.63046604334903
166.87626429268676
165.6218853212336
162.54747432228817
159.3093843306196
159.32986399880713
155.37113217998527
150.92801730051576
154.90543686487155
153.62191233013735
157.07912514009374
153.62128839583744
153.84757915627117
155.3592634402673
151.09701251638026
151.2149497076795
151.23910437138608
151.64318360964143
152.44655253976183
150.5745185624715
152.0311200744691
156.55173217866692
158.58655349631277
162.74266583456904
167.22860822540312
166.12356946890117
165.8462013675166
160.94907738131
161.6202285122699
165.27829672578397
161.43889145953537
160.47169357976867
161.46574933304086
161.76124283400185
162.16979261495655
166.75659236723095
164.12407751200723
164.22051420208595
167.78678828292252
170.77901781185446
167.63765411556872
167.9698922312434
165.0895658819224
164.90832096467105
163.8232499974902
164.62315565731228
164.56932739009497
168.3661144849234
172.4709986091441
169.59055607141767
167.8068958733048
167.77986905205913
163.90711541357692
164.3549730757718
163.64901483886922
163.32535739909295
167.89035323869496
170.19333621157494
170.3148245520769
173.41002659858032
171.2345645753738
172.51984790323786
172.1247064380086
172.15930077032496
170.9073381644389
172.79098177816513
169.98279051852518
172.7987370958311
173.86423301179917
174.29719177075143
173.6374033242131
176.4496717077928
175.89096422661302
175.7334101962206
178.4315076530033
176.65319121264466
172.19030372040172
172.3054195834946
177.43587169319966
175.34067915165255
175.24290252366526
179.19123469276434
180.4317191663346
182.89058939139724
181.05542912153433
179.63608926262907
177.915761487652
176.08164439140097
175.9115436056757
172.0680686842238
170.7103397859045
170.52798147282732
169.4104719059642
165.08051826888232
160.68938493503933
159.0790636698681
159.8190762542643
160.9599887301636
161.9696579893361
166.4720040655512
164.81402201394278
168.86063661295566
167.1014675329787
166.5206647886926
162.64799106251922
159.89140717772523
160.5296696484373
159.53465032682345
159.5765652473283
159.77872914349095
157.93479087526495
156.89824548800763
157.32548200735442
153.22951376734292
153.3842906550975
154.271811577359
155.53965295767676
155.95805861761306
152.07146836338597
152.4246356970319
152.43987827902342
152.46008442468326
152.54948127619198
155.66551798096455
157.7370397399451
159.64042412933762
163.69966379407134
158.81869117289062
154.7475060476067
157.75199460171152
160.63569034856314
161.69519774872916
161.7130145647531
166.44669162373287
163.24155269193395
167.30112747209873
166.66537985699617
165.97772620147114
170.6065260110568
171.5528144286112
172.7229228505481
174.20602392084484
