2 0 0.0 2.069122583791816 16406.856427940907 2.017673634586923
164.52769026207278 167.35631086939574
172.144300023377
168.7175381502081
172.311764256752
172.82274900330256
168.92749542986311
166.669580043714
167.96900640482238
164.6996630581524
167.6342616148296
169.3006369947707
169.6326620623673
171.55639081514252
175.22041046821295
174.95671697448006
170.95525641393553
167.48308359143385
167.64252587213764
167.12424774748152
162.27183495005156
159.28686162993023
160.92891213284963
160.88325137257536
159.44248794367795
159.11301855754863
163.22829120528692
167.3119713950496
169.1750327016099
168.631355884384
169.150985496747
164.98102925723094
164.5840530594009
160.46696856028927
161.9522976420577
162.0468923011709
161.8691339476489
163.79151542684974
166.05290786972301
165.03527147798385
169.86331994926252
164.86605866776205
165.47444472699843
163.58692654438536
163.69283250683054
164.39147400449963
165.4074951038569
167.44752812630716
168.71359049464587
164.86225145316664
168.81787279984275
164.968195142713
163.82879339763446
162.04383545492877
162.02724520980755
160.46957874944792
158.39421358897982
154.2339376833533
157.67931729393914
153.32251947852438
151.2098086468849
149.82283504636754
147.83397414474445
151.9867584105558
151.49103109937383
152.29544585345792
149.28563701446978
148.97074647929122
151.20030193909926
151.12084272241867
149.98643368533212
150.86604210401302
150.3633164056613
151.05730253564505
151.679651569249
154.17320696503668
155.44717094938977
159.62440095243502
159.74189616780234
159.54244861405007
163.44146432995154
161.10922178947922
165.54827782849796
164.56998838318896
166.59207208375827
163.85533409966447
163.52336613161444
165.35027743470098
161.61601833024602
162.69213562395834
162.3982494506721
163.2981760063645
167.59166538748246
165.79806947978324
168.3030230762914
171.52361640492663
171.79282035659384
171.20758648700834
170.9497832902935
168.6964763090185
167.80673973501945
165.509848996971
166.12449172807564
162.41918160998256
158.24828574208732
155.48153966436104
155.18547961048068
156.4601077410941
154.10755455855417
156.93441232813498
156.18009077488634
152.6332834675112
150.33971935205597
146.4643765273639
145.32219846614694
147.47003945092874
150.42476932589963
151.84199655209383
151.8738981357108
156.17198242878632
158.64969015421372
162.1074205948648
161.66307448350807
158.98615486065916
162.39625475814424
162.53242201855988
162.40834033224033
162.10939471044583
158.52997035096482
161.7098769695961
165.91349163497682
170.31400089120422
167.3174001650152
167.37533938503267
167.21508994445875
169.4284428352764
168.34425838671504
166.05660312512313
165.77015197702815
165.19656744854035
164.95748852606533
164.2093930228659
162.6302335687715
159.49363780084673
157.73906794288544
161.60092154964235
161.5754692585065
161.337237339892
161.24580903776143
161.88008764314498
161.13163625091943
161.37272383631188
159.23721857144827
159.03350135107044
159.88647171532338
164.09112198797703
162.6986430832011
161.49029900580337
164.53651058936526
159.81820788360596
158.3127637594957
158.93651494531292
157.71702594413517
157.18534047790018
160.42895028240673
161.48239961523623
159.94264395186852
159.62240307442565
159.76055228104462
156.95115842090505
156.11128951355295
155.73786580967123
158.4589922802783
154.1064970360954
149.77295649677586
150.14199572147564
151.85413345846877
152.11975233531822
151.4432303883931
151.5315363214916
154.2727024439058
156.63751708748734
153.70206277818886
154.70970764430982
155.54282640984957
153.46729610363306
151.0161096162731
154.7238812023691
154.43120562271778
156.87199125531822
155.52681786123006
155.09971661197847
150.80692673047773
151.13970271645996
153.37593014617926
153.62456326134605
153.73144051479554
153.81723149048133
155.0004326609196
156.01865116309762
158.7591327590106
156.66074614368208
157.1686209707473
155.42520289364276
160.08295486039592
158.9735801410696
158.7914797406671
160.57458934018854
157.42236329757225
155.4337041243236
152.96510073290995
154.21897897701734
154.2004783405775
154.0748771231928
156.9465980516488
160.7526796318987
160.50783527484546
159.53799829933166
162.72152999792124
158.24433512840787
159.0656287916017
158.80199800937353
156.7172332127618
155.04707233857758
154.6164960218463
151.0841813495577
153.31057561024585
149.06710786635003
148.14470925104288
148.3720513007625
148.41754135929548
151.8478688253708
154.10876960982804
153.3431258798766
155.39686852689198
153.63108548593
150.03140623763343
151.2900626781293
152.44199075556577
157.00632547099872
154.03894625069017
153.77315329470756
155.567273451413
153.6263671430069
157.8783175450853
160.20429064077138
160.1721528006627
155.9402120408731
159.29290925415197
160.20305831701745
161.96610455625463
162.42392323338007
161.94985265161068
160.18409291831404
157.54246563614515
155.486997640736
152.0960041297084
149.0108982966653
147.0735018487992
145.1455873164568
146.65544794208898
148.4337132235696
147.40013793696025
147.4155097836332
149.45322870760552
146.65988295676186
148.62888820673794
149.02247012705797
153.169197398046
157.29568730150228
154.7197232075444
154.56255076780258
158.804247329681
154.56988991403873
155.21762102187023
153.22332642953864
154.5486758180948
154.50218096194595
151.26521998818276
154.52458998091018
151.4447136027549
151.37372051353685
147.0091309128738
150.2478140870326
152.03270275201825
149.77047483544584
151.73845854702535
149.4920641563761
150.64505846445218
150.81013673111084
148.10805532465923
151.28848766311629
151.32561662564407
152.01065069724234
152.03535797084317
156.5796740252648
154.7140155712706
150.6585050663008
149.91163357194574
149.47207862889343
149.7732414143499
147.72318461203318
148.43392349344379
148.11196084146684
150.54663693612096
146.67483303591447
146.09522981825236
146.5915206326619
147.55453223326722
151.79760218257798
155.02413517079745
151.23809259505495
155.52086380142407
152.5899781275046
153.66645539832933
151.13275827958293
147.41401222677584
149.28698529297634
152.64257849981144
152.56618129665526
151.81878002190646
150.88777571431856
148.03531698162672
144.38481250565883
141.39043068847084
144.00529399116988
146.5519535106177
146.58802610795192
147.80837670576292
148.04625319663225
150.6316084435297
153.55188472686004
152.7549456056964
153.86330292931427
157.36960649249346
156.5152482023396
156.81477812180128
160.94834097562486
157.37664914454894
161.07062514299864
156.37340759514103
158.79835619949523
154.37419318612052
153.77632908418911
156.71214095208518
155.4918542916695
156.48525672101246
157.9899346861571
155.5983560521109
154.98520839803982
153.61811544369982
149.17146536516032
149.08780517375564
149.69212559041483
150.24251673498182
147.92487586264653
147.17196882838908
144.36690948395304
144.31034334071444
146.7581357161967
148.26457385392163
148.56842033864407
151.14867555325682
153.12136821307547
151.19851825762714
153.04222934701377
153.6775996217098
155.78349465878907
155.74693234717574
157.9125598759374
158.36952458878025
159.78556810801723
160.3898069242592
162.5054000253221
158.7812874857583
162.99166401179332
165.0462269625824
164.09901854772082
164.0260142542315
163.87741093417125
163.32452586885236
162.7148484388147
162.5999358608736
162.5810959701337
162.5101924952267
162.9380481063053
160.54120434869228
160.09618582202492
161.15618396733203
161.00876871409272
160.86935515335736
158.37312275934525
157.2844108563208
152.92463256271748
156.98696068425812
157.0608147392758
156.60297153789153
156.38122582435707
152.297673684614
150.02512933709494
146.32588303917598
146.82214491447596
148.55133956436399
148.78332956216838
152.05603683807442
149.4105526563098
152.5227421594043
152.2363611355792
149.39497765038269
149.9979800858002
148.9613378846199
148.75513352709586
150.72867564334473
150.8407036723741
152.13097129011342
147.62775035892795
148.04373919842376
146.76076546157222
150.11161412243072
147.07146380665947
147.18729092074557
148.9467436744895
152.4574836012447
153.44894890003775
156.16466122240237
154.2505265271097
155.52639259260522
156.28183681246105
155.71321035606115
156.7926430412509
153.43793343233114
154.64426535227875
153.38962681104155
156.24552385921322
158.8583682207631
156.49608778399315
155.16325415977167
156.99339013978832
153.40222064929142
151.28491480882133
154.7235472944138
154.42014134532334
156.66313997564194
156.69523210758186
159.69712856011745
156.34732123174555
156.13443212320294
160.05408498354154
157.6558225528646
157.50197537432135
154.31708628132878
154.7834642841365
154.1349074635807
153.59792959465014
149.39798457053234
148.97545686553642
150.55592621526682
154.11761732845366
154.51385224933904
153.58648853143728
153.86559828475555
155.7793805277649
159.00090198137073
161.18746501658637
158.6414830688913
159.95872293458262
159.87461785743747
164.19228217513992
163.38542080900038
163.36684077994806
162.94906111342493
160.57575054275392
159.5212135773979
156.42115927748657
153.67194566997244
154.046314732672
154.14719630295463
154.27901568393375
150.75330688898967
148.64506748152832
149.6984563108978
153.7079241248579
155.66663596676779
151.52715118774907
149.98767019869882
153.4163587033365
149.01273874564092
150.57403893175885
150.81163450056937
150.86566711707704
152.47961628699503
153.87386192861644
152.13559273602937
153.8569835488888
153.44895785187887
149.79263312313495
148.45828260010722
148.88974851949345
146.6964104793182
145.9366709102808
141.98918671405536
145.96581075902708
143.22108087865965
143.38838773842335
143.45647161453797
144.71685908037992
149.02941671546077
145.78063631170863
147.00165860304887
149.19931505507972
152.19279302420117
152.07763077793652
151.73366445525633
154.32270326237202
155.2913712959346
155.43000752987695
155.65728077497494
159.3599947591925
159.02716422655308
159.0875433352984
159.15197630836974
159.03295437103733
158.8621294926771
159.89549950671636
155.13772837459803
158.51492031294808
158.60971619206921
162.18577944167637
161.17475491354753
161.7235780471308
163.6273147799009
162.3863075990822
160.25879259113304
158.64376012497635
155.03753896774006
158.92307901705425
158.60602242277002
158.14170024697532
154.6785869220136
152.86888660251236
148.7483386601819
152.64510014472623
150.34806831969038
150.04983303160066
149.49911122326475
147.51529680954062
151.93875835203727
150.15199521605922
149.5596874210519
145.76571464496035
142.85179220913352
144.51719711732406
148.58597468455378
148.7088964201982
149.58538069901962
146.44148757509186
149.72672393435042
151.12046746491993
155.63950848214628
155.88587010431604
152.4742860844456
152.43052808651333
152.31217253494796
150.71410011311244
153.23002704676853
152.949020563928
153.67344401729258
153.10105762134236
155.78587206260534
158.65520823965136
159.96807351181195
155.3276671953972
153.1808522667295
153.77762824168082
156.66476398103478
160.69059536433224
160.52420451071487
160.45040917512384
159.9101508180986
164.29615111531658
161.98695878302337
157.45925206925259
156.10099649737273
154.43427154015703
149.9480068140862
151.147446788899
151.12810086333988
148.24551433904068
148.21923406989137
146.9818755964218
145.37648698008348
145.39189545750565
146.5145104589087
147.1377606513623
146.5282752650451
146.54601340738128
147.91356771314818
149.8827090693038
146.9123326024367
147.9290751199678
149.89869804081545
151.17656513110492
154.36604274093852
149.86483107646214
153.29980299099742
155.39242658672234
157.5388835008412
159.22599942361893
160.74099349890906
163.33111076784095
163.37975205889282
162.4946305104856
162.18141295992123
159.94120308455385
156.9400737250559
156.7901444959008
157.00473875662072
152.91927739221788
153.1265488035553
152.6706844771337
156.91369771525981
154.55137261832525
153.71886209073634
156.80673337790833
160.14406631478033
155.86791994613276
152.74917189809358
153.08956389077628
155.75877847494687
155.13827868131983
159.37935685033227
156.4750304085507
158.66033657933815
158.81233675700562
156.59551205540436
153.51337027778402
155.53656220839252
155.33367988184222
158.88894325569427
162.55483317957334
162.33662489241945
160.5229413349746
160.43386650668558
161.6797986547027
161.70187705109458
162.97367134187988
161.54581249676315
162.48319107581628
165.8817400180451
163.49750610737593
161.57908882918554
159.0547353321954
157.71018449186448
155.84078314130383
158.54541439007687
159.10912647957102
160.38175076860816
156.02931477240398
157.09989384054347
152.46803573227766
155.08238080771372
152.18143039182056
153.6145308615782
153.25082554750747
154.61536511049053
154.5887164233307
153.5803165865634
157.61307844064237
156.80482486706072
160.16831530522467
161.4470667846746
162.83008937545966
167.05473632585398
164.53672790319916
163.17241024406385
158.8871718695944
155.85974527821566
155.74279612478153
151.32302473098503
152.44167100077144
153.85192806393445
149.78807471269252
150.93014390638376
148.42020942337766
146.28561652073432
144.22751742198759
147.9447054231437
151.8854505940176
151.92496393167465
153.1199932279937
157.55210118803373
157.27648698232878
156.52759386101565
159.80556452599092
156.79303871182339
154.78819764511496
153.3173542998566
156.690836078495
154.30742539817214
154.34055436029485
150.52161072307518
146.80518333084797
147.3922051141543
147.12380775692992
148.97390275213107
145.81762973257926
142.8944289951675
145.0872478124805
145.28008927160047
148.4819677172216
150.47630485607328
150.83731113307178
152.94206757721744
157.3147591886867
158.4912503346729
155.33631830001062
150.7866914443037
150.72880176477824
154.55833187449505
151.46583188841265
151.4870519269818
150.11729568182128
153.75008499818023
155.04520789397864
154.29656818379607
154.79694852775174
154.84448224694054
156.7860247157582
154.94577843072605
154.91298822530658
154.49785649975013
155.59645725376055
151.36867054056853
151.45963878078044
151.91236056810655
152.87070374788078
157.2073266134837
155.76290384019813
156.3492366236082
152.4111087732875
151.56230271037273
149.79274806690114
153.49572240065973
158.03413522763643
155.17218931017916
156.7389311704341
152.0479287165783
151.90563914267852
151.28126902112427
152.9111424187475
149.03369044102178
149.46453992534498
150.54175928129706
150.7863257856196
153.38238732303958
153.21806904610483
150.6069686041137
152.65843936167914
156.29698332812038
156.3315243896249
158.59890124265263
158.64768950649864
156.53063619666688
155.8150144943379
154.456475141985
158.27990455261315
157.66742690049594
155.29773052447567
159.05355068658815
158.6366657798114
158.06245318375943
158.74880857602494
157.5812384234302
156.79079985952183
160.61523904834183
159.29057251005446
157.94112723114137
157.65926014463878
157.04458317300282
157.9745653089257
154.91538001394238
154.53170007227152
153.9226792839824
156.03903900623402
152.18896258146597
153.4993318385763
156.95871211205443
155.40467745667445
154.43336848291176
153.49666261145796
155.3495206473373
151.3393470127713
152.72485587801168
148.2455802957149
147.10849148449438
147.7682466681579
150.43087505862195
151.9879345958831
152.61502120523932
152.964576430628
153.58887623416814
153.54337910975417
150.65122443795534
150.54534300329738
151.29243075115747
149.9209555190931
150.6852500102324
152.66237784519322
152.61656138666365
148.18428771316258
152.50389242488194
155.177699934608
155.12075177411268
152.38559037689083
153.1306903985008
150.5232292998531
151.14380893888864
151.79862863242602
151.73501940668595
147.65367175101787
150.5427622284448
150.2425994310592
150.28452006122052
149.19386890855765
153.59636259734796
157.65154850385218
157.7816935212313
158.0296289722032
158.99957542397863
154.6982763864408
158.68433367819586
156.45407507935772
157.31156951515473
158.28075382592513
157.36014489394668
161.67218281878374
162.26647778990176
162.22208164912945
157.35178458089294
157.91565736609962
154.83668094520084
156.1784233577276
156.20857772277122
159.092055126058
160.57938595667085
159.29309234735848
158.51999730945764
155.10391956829937
155.43252474426683
156.51038542518822
156.53749542004294
159.07650416336978
155.30197544879854
157.5893901564838
153.75416475281804
156.9909898963085
160.16578049533825
155.42796680326384
156.44134261439214
153.31818426490366
157.5441899613049
159.6723148112652
159.68974128898526
161.26620494446735
158.94192938997097
162.81095226222715
161.936797534151
161.97196343267152
160.03276243278324
155.45231647235178
158.38212825728644
157.23987462442886
154.82227573846248
158.36945756891444
158.07233654611287
156.1536636175651
156.21671470475079
158.8783236044924
160.60546693396284
155.85892678295454
151.2223224871177
150.22694992595984
146.6413255787852
147.1168372579609
147.31673274296105
147.33290098121964
148.5465931303055
149.7330288470804
150.50349749794526
146.8665368503644
146.2919395403659
149.15409446617198
147.32393431682095
147.83251736289466
148.26915621655002
148.8060222805799
149.22757510668393
153.355692106591
148.83082066972946
151.73471730912786
154.4673744002046
152.82696888837347
155.98721745238137
160.26481900353076
159.62277402597533
155.05212296112484
155.6475870943562
151.66838714641997
154.998904551366
155.98510702937708
157.36327598495663
154.44861013853247
154.5660471340403
156.7483836526088
158.68049230283907
156.15145403830954
152.23777857558292
153.55710753174
152.03874987748515
150.71419887747317
151.5480900715047
151.82243342764937
148.82690804123783
148.84179231895155
148.8770652543646
149.76067072093832
150.0352402109553
154.06471865482035
154.02676380312099
154.1247324850577
154.05545836450716
156.87146430498257
156.46869048004766
157.8422826696699
160.77557573516208
162.23295803945672
165.68719073103955
165.11091583980658
167.6160748113995
168.5014727812338
163.94778203485086
163.1763435841103
163.13830669892351
159.50146614769048
157.85294297639945
157.04522705010586
155.15035626979417
154.60272046696733
156.18394265117774
155.36534941529578
152.51698180385478
149.83888381044034
146.84718007172077
147.04297949541981
150.96126645205467
154.1410872221888
154.1654379281641
156.8861899091299
159.0213137056543
158.84625064400916
154.492458809454
151.28239170420883
153.60257868243502
152.73223310265718
152.04753978534262
150.46955782804824
153.7232908384308
152.38740423951785
152.44215678326935
153.22146930004254
153.17952316458113
151.85729934535388
151.94773366597255
151.679157873548
151.633124817631
149.20197895583857
151.36793346945092
152.5336228341065
152.55042217307863
152.11965183040388
151.96244589840623
148.13645951353038
151.36538962411868
152.12984415748144
147.76174804265224
148.51511194501668
151.92737514223964
151.70065463101392
154.9101248775848
157.22918036305066
158.26003666315623
154.34083315318446
154.71202707947057
156.54962866290788
156.4781895234275
154.04220518916514
156.4915380412988
158.23941100013008
161.59842302955036
160.57172068360148
164.80545646794988
168.07413051698677
170.55657151652485
169.67223613712724
167.32886539761066
167.1338238883631
168.95259888188204
165.65813913690135
164.31528960073393
161.78262942378558
160.91342748081013
164.38732531383883
164.10073618716427
163.98758977184713
162.87791307443032
161.31657498307217
159.54826314949827
157.55984606328323
161.71886989208033
163.26540167562783
163.24682002573644
164.12060421615794
163.27295313448863
159.18142812641608
156.83530047121678
156.3876283341303
156.24453914984576
159.97551917204817
159.84482158132028
155.13478013810933
155.66035427519802
155.1187016960209
158.05279865020734
156.4206177766734
159.4969380257232
156.50790923962447
156.57653715866476
161.20410416240983
159.90405391949918
162.4193107791195
159.11826104631967
160.4919439237327
162.17662993811015
163.06759059239366
164.249981845518
160.86411981829804
159.007791769431
154.67080594697825
154.08675101021154
157.93964401840068
157.92299485186047
159.94920031694997
164.08064855893946
160.55491089620998
156.97937416586478
158.00022680935857
158.2323328452966
156.88807342752364
158.1252014747214
158.14597325798707
161.7565816497157
161.5968057825523
162.49572457082047
162.10135517100807
162.1630290712515
162.9783583641196
165.13736671286858
161.72086698828667
160.88548268521043
160.66029932839166
160.34818797675428
160.18835210428267
159.78318444927214
159.7202327691594
158.11895044059648
155.4700826273376
152.16049719671386
152.0401844963457
152.6610675651876
154.88065871969238
151.04027771941742
148.37134515849328
151.9480319110741
147.6720678249298
150.4331953152588
150.45185440965878
151.75120604037167
153.10557624974547
157.24569802218545
159.54460610818813
158.87406276377223
160.03906484095114
159.70804274482273
158.58033181143423
158.63188318380594
159.497842743343
159.93510563754543
164.5244980860741
162.76982032492222
162.14055947125726
162.6974207974797
158.64039725867346
157.15308033263483
159.34949671144466
156.01666088632507
156.98306975188302
155.66147128438996
152.80886271952588
156.10051746940718
156.01698112166372
157.18561724421482
157.083696494148
153.99944969594682
154.07669310167248
155.902915846349
156.84693571760423
154.9060834755148
156.65328716936884
156.2045721384723
156.6915938384657
156.83591790045057
160.51634873942004
159.8888538532722
160.27815480812671
158.05461190992838
161.46301666382234
157.0842289870098
154.36037762092317
152.53319186677442
151.15237878197166
149.26846877731523
150.36229392104144
146.48957948207598
148.98891927350024
149.23077250518034
149.58537136076677
151.31078190154912
151.47418484063513
151.66498887930368
152.01212764707245
154.05266292218383
152.3286647740468
150.87217806764608
154.83226625130686
156.1440606453773
156.20252095129538
156.1575400572066
159.83812814280574
160.1829210907859
158.59879948445857
162.823334956719
162.4499112556324
167.10444117114224
167.89566743878788
169.8709617435111
167.28147204426315
166.8590140952899
166.4156969323316
165.73634250466318
163.62510789982096
162.88555441246064
158.08580036784804
156.56695860182285
155.58255818742632
155.19860926955423
151.92116989197748
152.13936253103665
149.90357625930525
153.07262617913983
155.7299211733275
155.8263507187552
157.30986604572647
159.97975399043884
159.10088938837197
158.93249989592354
159.1322652229605
158.51249447332518
159.1220217900953
155.96838866945674
160.12030908592456
161.8636382196514
157.2199870444675
157.29869397661878
158.76547638881598
161.3912266667091
158.198410052786
158.14734859158295
160.34115032598757
162.58666015980955
160.28795165168077
156.70206106662002
159.76792827750762
159.747395409335
163.56712110810875
167.13920646221706
167.33594366830263
166.6495719863209
164.05803358391756
162.65296590302137
159.10651348578952
158.7531192738369
157.7629040095572
153.38962241022165
157.5587742053822
156.00701174549422
153.66590332665336
154.56674189583558
156.09205160401555
158.4574630985214
160.52789796626152
162.26414798818473
161.95404246810003
162.21246758299583
164.65226171743538
160.4084964001225
159.1244294483187
161.6276266400641
159.9509455189662
160.07955641512083
162.7858215994353
162.1521862707455
164.6477422325983
168.2392376895508
167.56947149621362
163.50238901765164
162.85418430323176
160.15150644476134
160.27374616794938
159.9469696416183
156.1825052736261
154.92507159350046
157.15744715199685
154.89009783469
154.8372812745208
152.69751981145606
152.71773850370388
152.3125364101668
154.94146805392768
153.40609816092513
150.7785729262347
149.17439561116907
152.33358945538708
152.07887766392926
152.1761346316553
152.66582844513016
152.61524311576176
152.73750094404159
157.22605746075166
156.65841730083224
157.34173997846676
157.1976761551499
159.34729973373075
158.9450588529768
162.11980291319236
164.95133962310837
165.0031619926449
166.2521545215774
166.23374598184157
168.56873080172687
168.80058621436794
168.12030343121194
164.45755574664906
160.2794189352704
164.67785170312652
160.92221364183604
159.10786856275107
157.7008674568501
161.93009400325528
165.03115477627816
167.61515834530636
163.70680138754736
161.1522511426038
159.69088204149696
157.2659795802317
154.8930114821847
154.06216112939444
151.83747001456464
155.69926051588266
156.78082613120515
157.56339627938078
158.1121845318384
161.4541666835325
159.029270514036
159.4590739774307
159.51893483624744
162.51074335393125
162.21873759757312
166.84455841726577
166.5644850849359
170.50879302611722
165.68652441905405
164.68448967459562
164.76232048838756
169.2110018203784
167.07236040984907
166.83645177690556
162.53365027841377
163.64405243996947
165.02500645476266
165.56901847479796
170.1892135067702
174.09011282846726
174.11615021563497
172.25911891417337
167.08756027304233
170.3165698830168
170.28398609766535
170.76287218780757
169.66803182718874
169.44423178890733
169.41069863343063
168.17940200627604
165.82777251235072
165.6812807721624
163.78987859177874
160.54600205990042
163.33565371970295
159.30237370002982
156.53636385616028
161.0338192822002
163.27732364179465
162.854304282524
164.102276659605
163.670759359768
166.0268973565672
163.95616572760295
165.3777607417977
162.4407440797383
163.48919175045722
163.4148482725852
162.53606529205436
166.514532755994
163.155628774455
163.10545312572674
163.25384004622154
167.0597084014794
165.651473871876
161.39639306170324
159.02044230469576
160.99113217795772
162.0212041096227
162.04180588680205
162.13897904070748
165.61899015133136
165.68854323146604
168.04997247906783
166.74090333570126
163.0035330914279
163.25590036953443
161.38764211283163
159.0172782106333
160.56932590896935
159.91670178755643
159.63555710006128
159.99596449713448
161.15951149929748
162.79519672128143
164.17312865556426
165.4071371505909
163.97721925969338
165.0840504173333
161.5465892944795
158.88958172486292
158.96181601548417
154.9768663612073
155.84411846609487
154.58047829053254
156.3610623574593
156.49541691351783
156.91185009678296
157.46099503821435
154.14125276585472
155.66598135272943
159.46658168861566
161.24424310447117
160.43370028123087
164.23115646769162
164.04366778450785
164.63154837063152
163.4634081988849
167.7173570159167
169.80154397549572
171.44479443835192
171.12725982069887
171.40780535757068
171.53147855678182
167.70914959121615
167.69170345784906
167.44992280153207
167.39932285267165
167.52603670660784
163.29388783815662
163.18600720006958
164.69933484870597
162.14254583799982
163.36840624275905
162.29002051052376
162.27081964214457
161.40773694339416
160.83578839747997
156.4737973391748
157.6147444213385
159.15722774919567
