2085.0925799289466 2084.664301325293
2084.664301325293 2084.9791230047804
2084.9791230047804 2084.50408035418
2084.50408035418 2085.0213561737924
2085.0213561737924 2085.2331008170518
2085.2331008170518 2085.4978885707123
2085.4978885707123 2085.265386032619
2085.265386032619 2085.000052237579
2085.000052237579 2085.2160425564757
2085.2160425564757 2085.679765535167
2085.679765535167 2085.4003031662546
2085.4003031662546 2085.80204800191
2085.80204800191 2086.0146865909974
2086.0146865909974 2085.795646418937
2085.795646418937 2085.280261060744
2085.280261060744 2085.6368646517853
2085.6368646517853 2085.8707720650323
2085.8707720650323 2086.130265621796
2086.130265621796 2086.374018680508
2086.374018680508 2086.1297123629806
2086.1297123629806 2086.5395495238413
2086.5395495238413 2086.2778457862696
2086.2778457862696 2086.5331905956123
2086.5331905956123 2086.3098885680447
2086.3098885680447 2086.5509492545552
2086.5509492545552 2086.7695322698414
2086.7695322698414 2087.087438583989
2087.087438583989 2087.3873141344984
2087.3873141344984 2087.0597223564732
2087.0597223564732 2086.6266226851226
2086.6266226851226 2087.0847583457225
2087.0847583457225 2087.3459195358487
2087.3459195358487 2087.5593899634214
2087.5593899634214 2087.1160370672674
2087.1160370672674 2087.527774125413
2087.527774125413 2087.786370142406
2087.786370142406 2087.5306401185485
2087.5306401185485 2087.917657468205
2087.917657468205 2088.161648150318
2088.161648150318 2088.3893497231143
2088.3893497231143 2087.947187646604
2087.947187646604 2087.6581437567615
2087.6581437567615 2088.028151020204
2088.028151020204 2088.237104372648
2088.237104372648 2088.4524141366614
2088.4524141366614 2088.8350199175256
2088.8350199175256 2088.455746497702
2088.455746497702 2088.6782769908596
2088.6782769908596 2088.9780367992025
2088.9780367992025 2089.214952249167
2089.214952249167 2088.971198507023
2088.971198507023 2088.571401126926
2088.571401126926 2088.8921548308085
2088.8921548308085 2088.681302936623
2088.681302936623 2088.958118121838
2088.958118121838 2088.642203223734
2088.642203223734 2088.9596226654485
2088.9596226654485 2089.3370321735374
2089.3370321735374 2089.1253561128046
2089.1253561128046 2089.563793631108
2089.563793631108 2089.9053321315523
2089.9053321315523 2089.6782644808723
2089.6782644808723 2089.2420023739755
2089.2420023739755 2089.646962592851
2089.646962592851 2089.3040510059855
2089.3040510059855 2089.6937775358083
2089.6937775358083 2090.1983041861663
2090.1983041861663 2090.469915421782
2090.469915421782 2090.2131356980904
2090.2131356980904 2089.8409261616202
2089.8409261616202 2090.19600625343
2090.19600625343 2089.6894860653942
2089.6894860653942 2089.9646335869625
2089.9646335869625 2090.3383580659615
2090.3383580659615 2090.126280730567
2090.126280730567 2090.5210276778053
2090.5210276778053 2090.1397848838446
2090.1397848838446 2090.3522366860743
2090.3522366860743 2090.792575140537
2090.792575140537 2091.0042055599197
2091.0042055599197 2091.366423731909
2091.366423731909 2091.7678177641633
2091.7678177641633 2091.5487941898027
2091.5487941898027 2091.2936734705586
2091.2936734705586 2091.7459326522185
2091.7459326522185 2091.984894717503
2091.984894717503 2091.637259156611
2091.637259156611 2091.846841497238
2091.846841497238 2092.3513944116744
2092.3513944116744 2092.584755563457
2092.584755563457 2092.799089610803
2092.799089610803 2092.3929898624306
2092.3929898624306 2092.119399411833
2092.119399411833 2092.3960063590607
2092.3960063590607 2092.6815564106773
2092.6815564106773 2092.9684676618017
2092.9684676618017 2093.3363921754144
2093.3363921754144 2093.0708987191706
2093.0708987191706 2092.8025931222496
2092.8025931222496 2093.0419247230916
2093.0419247230916 2092.71970863686
2092.71970863686 2092.3329202395003
2092.3329202395003 2092.614375284994
2092.614375284994 2092.8272587365705
2092.8272587365705 2093.2114567737467
2093.2114567737467 2092.6967284467282
2092.6967284467282 2092.4446848537705
2092.4446848537705 2091.9695822680774
2091.9695822680774 2092.1892767913578
2092.1892767913578 2091.9381253662823
2091.9381253662823 2091.6743232972985
2091.6743232972985 2091.8844323216676
2091.8844323216676 2092.1184909648796
2092.1184909648796 2092.4406018774152
2092.4406018774152 2092.6507616571357
2092.6507616571357 2093.0185712113916
2093.0185712113916 2093.3192571054583
2093.3192571054583 2093.7498482802052
2093.7498482802052 2094.0885573902465
2094.0885573902465 2093.856185907876
2093.856185907876 2094.19488593175
2094.19488593175 2094.429120209806
2094.429120209806 2094.6734707274936
2094.6734707274936 2094.429494656491
2094.429494656491 2094.2196626889113
2094.2196626889113 2094.4868819167878
2094.4868819167878 2094.273880088144
2094.273880088144 2094.6246105256982
2094.6246105256982 2095.101708951912
2095.101708951912 2094.7607096572656
2094.7607096572656 2095.068561574308
2095.068561574308 2095.4113432568415
2095.4113432568415 2095.6564563672778
2095.6564563672778 2095.4009665852755
2095.4009665852755 2095.696382967602
2095.696382967602 2095.255955934531
2095.255955934531 2095.51041918025
2095.51041918025 2095.978191117135
2095.978191117135 2096.385994557571
2096.385994557571 2096.149357504934
2096.149357504934 2095.91071993237
2095.91071993237 2096.312298208992
2096.312298208992 2096.5520963010104
2096.5520963010104 2096.3295032569777
2096.3295032569777 2096.8333233551953
2096.8333233551953 2096.508151838108
2096.508151838108 2096.069091300178
2096.069091300178 2095.6868409813383
2095.6868409813383 2095.9773746391265
2095.9773746391265 2096.3586169123646
2096.3586169123646 2096.7956918556133
2096.7956918556133 2096.338218865037
2096.338218865037 2096.560525248817
2096.560525248817 2096.8275893199984
2096.8275893199984 2097.1012604323196
2097.1012604323196 2097.314888261372
2097.314888261372 2096.951705665686
2096.951705665686 2097.428980970078
2097.428980970078 2097.1832745615907
2097.1832745615907 2097.4254139278178
2097.4254139278178 2097.6822098762814
2097.6822098762814 2097.937382299245
2097.937382299245 2098.3599816167625
2098.3599816167625 2097.857421060097
2097.857421060097 2097.546557873538
2097.546557873538 2097.77210071374
2097.77210071374 2098.118746181897
2098.118746181897 2098.3903454350434
2098.3903454350434 2098.145648827987
2098.145648827987 2098.4285001644166
2098.4285001644166 2098.8202585899594
2098.8202585899594 2098.3388866772443
2098.3388866772443 2098.708396327836
2098.708396327836 2099.162277184253
2099.162277184253 2099.5154490102977
2099.5154490102977 2099.2409275870327
2099.2409275870327 2099.0273264290363
2099.0273264290363 2098.806130373516
2098.806130373516 2099.218774157386
2099.218774157386 2099.5006904957727
2099.5006904957727 2099.080873619588
2099.080873619588 2098.5861106434663
2098.5861106434663 2098.0851703398916
2098.0851703398916 2097.6616838327964
2097.6616838327964 2097.403411387625
2097.403411387625 2097.6234411642354
2097.6234411642354 2097.8609729026703
2097.8609729026703 2098.26518502659
2098.26518502659 2097.9866594592118
2097.9866594592118 2098.208651643326
2098.208651643326 2098.5664004716673
2098.5664004716673 2098.776262939064
2098.776262939064 2099.036576467577
2099.036576467577 2099.32761089741
2099.32761089741 2099.541292767279
2099.541292767279 2099.8100392468664
2099.8100392468664 2100.0876600572615
2100.0876600572615 2100.3600554526524
2100.3600554526524 2100.5713996958652
2100.5713996958652 2100.8251997120688
2100.8251997120688 2101.1349912004166
2101.1349912004166 2100.8942360223496
2100.8942360223496 2101.1047211911414
2101.1047211911414 2101.346859767337
2101.346859767337 2100.9274827873232
2100.9274827873232 2100.711789485007
2100.711789485007 2100.2502057940933
2100.2502057940933 2100.538654740558
2100.538654740558 2100.850669329092
2100.850669329092 2101.0763169903425
2101.0763169903425 2101.5653974599904
2101.5653974599904 2101.8349924867457
2101.8349924867457 2101.361006762586
2101.361006762586 2101.594922144713
2101.594922144713 2101.8603407601126
2101.8603407601126 2102.253420522954
2102.253420522954 2101.9951971559844
2101.9951971559844 2101.648538439208
2101.648538439208 2101.8916755291048
2101.8916755291048 2102.2052385733705
2102.2052385733705 2102.479036266094
2102.479036266094 2102.6907859746048
2102.6907859746048 2102.9845415084346
2102.9845415084346 2103.4517582802823
2103.4517582802823 2103.87777568794
2103.87777568794 2103.6491700989395
2103.6491700989395 2103.1577242650183
2103.1577242650183 2102.758304717919
2102.758304717919 2102.3562989815746
2102.3562989815746 2102.5897898566877
2102.5897898566877 2102.840203786274
2102.840203786274 2103.063168609926
2103.063168609926 2103.542782364958
2103.542782364958 2103.776211887865
2103.776211887865 2104.204036470155
2104.204036470155 2103.7585955169234
2103.7585955169234 2104.1788848733668
2104.1788848733668 2104.476176684391
2104.476176684391 2104.8513386495974
2104.8513386495974 2105.076456367251
2105.076456367251 2104.7718652979506
2104.7718652979506 2105.063265863117
2105.063265863117 2104.6456575366788
2104.6456575366788 2104.8982481425046
2104.8982481425046 2104.6496369467645
2104.6496369467645 2104.18862755028
2104.18862755028 2104.5191084124526
2104.5191084124526 2104.760868959505
2104.760868959505 2105.105957580646
2105.105957580646 2104.720305350171
2104.720305350171 2104.429268509131
2104.429268509131 2104.6812781678473
2104.6812781678473 2104.8939370245794
2104.8939370245794 2105.121319494828
2105.121319494828 2104.8928588355316
2104.8928588355316 2105.2917266091254
2105.2917266091254 2105.0811830725847
2105.0811830725847 2105.52962366609
2105.52962366609 2105.8714159214765
2105.8714159214765 2106.3092922509245
2106.3092922509245 2106.5256446690883
2106.5256446690883 2106.062925945537
2106.062925945537 2105.8072013017563
2105.8072013017563 2106.23584061681
2106.23584061681 2105.787330711175
2105.787330711175 2105.4893521753233
2105.4893521753233 2105.11688145469
2105.11688145469 2105.4553336753384
2105.4553336753384 2105.7587490412798
2105.7587490412798 2106.019678101623
2106.019678101623 2106.2480222626377
2106.2480222626377 2106.5069114429048
2106.5069114429048 2106.2556230819514
2106.2556230819514 2106.4731975555255
2106.4731975555255 2106.7187025632925
2106.7187025632925 2106.9674423475685
2106.9674423475685 2106.756432784323
2106.756432784323 2107.109208664928
2107.109208664928 2107.354772657623
2107.354772657623 2107.1434859704646
2107.1434859704646 2106.9176218025373
2106.9176218025373 2107.2320939245456
2107.2320939245456 2107.726916736869
2107.726916736869 2107.39718343281
2107.39718343281 2107.061551234316
2107.061551234316 2106.710973029665
2106.710973029665 2107.0359921938934
2107.0359921938934 2107.278605094562
2107.278605094562 2107.5748292552216
2107.5748292552216 2108.0552171889626
2108.0552171889626 2108.3506052935822
2108.3506052935822 2107.92643536812
2107.92643536812 2108.3764548065355
2108.3764548065355 2107.912605487717
2107.912605487717 2108.1614960454845
2108.1614960454845 2108.525018208853
2108.525018208853 2108.779285324884
2108.779285324884 2108.5681122043643
2108.5681122043643 2108.0755913444273
2108.0755913444273 2108.3612619496175
2108.3612619496175 2108.114584004567
2108.114584004567 2108.547591737162
2108.547591737162 2108.75867549548
2108.75867549548 2108.2395964926486
2108.2395964926486 2108.023653241858
2108.023653241858 2108.311110292993
2108.311110292993 2108.5383760271766
2108.5383760271766 2108.013839123417
2108.013839123417 2108.426960257526
2108.426960257526 2108.7876829185498
2108.7876829185498 2109.296866539241
2109.296866539241 2109.7531089080244
2109.7531089080244 2109.2782477581404
2109.2782477581404 2109.497144064192
2109.497144064192 2109.709426626036
2109.709426626036 2109.4641267870575
2109.4641267870575 2109.7814284953915
2109.7814284953915 2110.2732474360723
2110.2732474360723 2110.598011346697
2110.598011346697 2110.087532367615
2110.087532367615 2110.49326611087
2110.49326611087 2110.868874655599
2110.868874655599 2111.111231746721
2111.111231746721 2111.357150021881
2111.357150021881 2111.5683547064027
2111.5683547064027 2111.829889809768
2111.829889809768 2111.5347391912023
2111.5347391912023 2111.160173592754
2111.160173592754 2110.8381843189827
2110.8381843189827 2111.05357130617
2111.05357130617 2111.3209380407907
2111.3209380407907 2110.937221842304
2110.937221842304 2111.388508328799
2111.388508328799 2111.1253885652573
2111.1253885652573 2111.4638951492147
2111.4638951492147 2111.7043030881323
2111.7043030881323 2111.9259472470153
2111.9259472470153 2111.6181130464265
2111.6181130464265 2112.1437856737107
2112.1437856737107 2111.7682135637597
2111.7682135637597 2112.0257701337823
2112.0257701337823 2111.784017169743
2111.784017169743 2112.013101604452
2112.013101604452 2112.2296823801857
2112.2296823801857 2111.904439184662
2111.904439184662 2112.2097067755626
2112.2097067755626 2112.6074841669133
2112.6074841669133 2112.251966568504
2112.251966568504 2112.6170512761328
2112.6170512761328 2112.9417962979082
2112.9417962979082 2112.7305011079125
2112.7305011079125 2112.3218816466842
2112.3218816466842 2112.58071231199
2112.58071231199 2112.7972775044327
2112.7972775044327 2113.275148139734
2113.275148139734 2113.503393715723
2113.503393715723 2113.9955044205662
2113.9955044205662 2114.4485809018443
2114.4485809018443 2114.0824169622056
2114.0824169622056 2113.826832374456
2113.826832374456 2114.1200614987183
2114.1200614987183 2113.7912268483683
2113.7912268483683 2114.204024509387
2114.204024509387 2114.489332430248
2114.489332430248 2114.7048666838955
2114.7048666838955 2114.2527264752675
2114.2527264752675 2113.7709952784767
2113.7709952784767 2114.067391221556
2114.067391221556 2114.5606309923987
2114.5606309923987 2114.3026613911748
2114.3026613911748 2114.5175800228735
2114.5175800228735 2115.014262603982
2115.014262603982 2114.653613268732
2114.653613268732 2114.884128172453
2114.884128172453 2115.1459385597873
2115.1459385597873 2114.6954260024786
2114.6954260024786 2115.034004639502
2115.034004639502 2114.5663274289095
2114.5663274289095 2114.936148597638
2114.936148597638 2115.149155653277
2115.149155653277 2114.9370407342044
2114.9370407342044 2115.387029167762
2115.387029167762 2115.154576682958
2115.154576682958 2115.3779061411938
2115.3779061411938 2115.608506934033
2115.608506934033 2115.860859811613
2115.860859811613 2115.3973062271857
2115.3973062271857 2114.882957475612
2114.882957475612 2114.5094613733995
2114.5094613733995 2114.1822065791057
2114.1822065791057 2114.6730490133427
2114.6730490133427 2114.431536884677
2114.431536884677 2114.1815615113887
2114.1815615113887 2113.879060991682
2113.879060991682 2113.5954843362556
2113.5954843362556 2113.082344497669
2113.082344497669 2112.771772874305
2112.771772874305 2113.01731022986
2113.01731022986 2113.2318091574357
2113.2318091574357 2113.752209759828
2113.752209759828 2114.2379397310956
2114.2379397310956 2114.696305823454
2114.696305823454 2114.9153756573673
2114.9153756573673 2115.238248447148
2115.238248447148 2115.625604762204
2115.625604762204 2115.8783471329157
2115.8783471329157 2116.122242767956
2116.122242767956 2116.510255093318
2116.510255093318 2116.972998522489
2116.972998522489 2117.241730894798
2117.241730894798 2117.6714755097746
2117.6714755097746 2117.239863533854
2117.239863533854 2117.463563469945
2117.463563469945 2117.6757590977936
2117.6757590977936 2118.093639393836
2118.093639393836 2117.837817521887
2117.837817521887 2118.155178577124
2118.155178577124 2118.397201022472
2118.397201022472 2118.146943267284
2118.146943267284 2117.741499506634
2117.741499506634 2118.0124925708446
2118.0124925708446 2118.289332413411
2118.289332413411 2118.734102000307
2118.734102000307 2119.2305369945784
2119.2305369945784 2119.002532457499
2119.002532457499 2119.36889847943
2119.36889847943 2119.5863868893616
2119.5863868893616 2119.091145767883
2119.091145767883 2118.869084924163
2118.869084924163 2119.1580787521293
2119.1580787521293 2119.369999245298
2119.369999245298 2119.0543440157685
2119.0543440157685 2119.5420833304297
2119.5420833304297 2119.854556816616
2119.854556816616 2119.63173475745
2119.63173475745 2120.0816798914725
2120.0816798914725 2119.7352174246453
2119.7352174246453 2119.2656495764413
2119.2656495764413 2119.547755427305
2119.547755427305 2119.7646678897013
2119.7646678897013 2119.5168617451254
2119.5168617451254 2119.8783249635044
2119.8783249635044 2119.607761761479
2119.607761761479 2120.103080921686
2120.103080921686 2120.3830171829463
2120.3830171829463 2120.0656162991095
2120.0656162991095 2120.5689979093013
2120.5689979093013 2121.0472856015385
2121.0472856015385 2121.3080427078876
2121.3080427078876 2121.0929105953646
2121.0929105953646 2120.7843190099284
2120.7843190099284 2120.472315640059
2120.472315640059 2120.716661394007
2120.716661394007 2121.129891926732
2121.129891926732 2120.7208951029356
2120.7208951029356 2120.955039407964
2120.955039407964 2121.4447521413563
2121.4447521413563 2121.2260228336927
2121.2260228336927 2120.7316234769946
2120.7316234769946 2120.9601357434367
2120.9601357434367 2121.4348874532425
2121.4348874532425 2121.7168091954077
2121.7168091954077 2121.2236232928367
2121.2236232928367 2121.518371208531
2121.518371208531 2121.756882809062
2121.756882809062 2122.0064862406034
2122.0064862406034 2122.460520317373
2122.460520317373 2122.2069841919424
2122.2069841919424 2121.9089736294577
2121.9089736294577 2122.2222726423875
2122.2222726423875 2122.5363712948883
2122.5363712948883 2122.3175604724192
2122.3175604724192 2122.7190908953294
2122.7190908953294 2122.475912769684
2122.475912769684 2122.7677323257503
2122.7677323257503 2122.301102000976
2122.301102000976 2122.65854859471
2122.65854859471 2123.1818409351963
2123.1818409351963 2122.968795265876
2122.968795265876 2122.6720369030345
2122.6720369030345 2123.1338469987463
2123.1338469987463 2123.4534207671745
2123.4534207671745 2123.786491685967
2123.786491685967 2124.105593106342
2124.105593106342 2123.722164411137
2123.722164411137 2123.4042177361252
2123.4042177361252 2123.921199855893
2123.921199855893 2123.6703780526973
2123.6703780526973 2124.0849329432185
2124.0849329432185 2123.666368047099
2123.666368047099 2123.88946569999
2123.88946569999 2124.1023660531932
2124.1023660531932 2123.8517022072697
2123.8517022072697 2124.1062507354227
2124.1062507354227 2124.3489799575077
2124.3489799575077 2124.615652986689
2124.615652986689 2124.3154085619667
2124.3154085619667 2124.7150971831643
2124.7150971831643 2124.4710274099857
2124.4710274099857 2124.8222278595
2124.8222278595 2125.2236010793304
2125.2236010793304 2124.959726789956
2124.959726789956 2124.7429537058415
2124.7429537058415 2124.5119344419827
2124.5119344419827 2124.137889399349
2124.137889399349 2124.6628027892634
2124.6628027892634 2125.16302414959
2125.16302414959 2125.413201162532
2125.413201162532 2125.9421758888975
2125.9421758888975 2126.202925375666
2126.202925375666 2126.6996386435007
2126.6996386435007 2126.3610356486474
2126.3610356486474 2126.612289232113
2126.612289232113 2126.3885030831557
2126.3885030831557 2126.174275575717
2126.174275575717 2125.6837135736096
2125.6837135736096 2126.09484071578
2126.09484071578 2126.6029832329414
2126.6029832329414 2127.0662414299704
2127.0662414299704 2127.3017193644946
2127.3017193644946 2127.536301495935
2127.536301495935 2127.751946015493
2127.751946015493 2127.5281828559177
2127.5281828559177 2127.314763021517
2127.314763021517 2126.966252695251
2126.966252695251 2126.709139215548
2126.709139215548 2127.13827300858
2127.13827300858 2126.8740441310265
2126.8740441310265 2126.660695383446
2126.660695383446 2126.984423418402
2126.984423418402 2126.5789493083407
2126.5789493083407 2127.0284365753655
2127.0284365753655 2127.28342660001
2127.28342660001 2127.0693540150914
2127.0693540150914 2127.3388287749713
2127.3388287749713 2127.556792508501
2127.556792508501 2127.179871807264
2127.179871807264 2127.5384028319163
2127.5384028319163 2127.806560325132
2127.806560325132 2128.1445744351186
2128.1445744351186 2127.662108162587
2127.662108162587 2128.072461730179
2128.072461730179 2127.8018084534788
2127.8018084534788 2128.2599721851766
2128.2599721851766 2127.8305737998144
2127.8305737998144 2127.5062067990602
2127.5062067990602 2127.1144666218947
2127.1144666218947 2127.341012757738
2127.341012757738 2126.852318380455
2126.852318380455 2127.185974605696
2127.185974605696 2127.5271464470875
2127.5271464470875 2127.8814613354234
2127.8814613354234 2128.3519821118957
2128.3519821118957 2128.7041239208725
2128.7041239208725 2129.2023856146816
2129.2023856146816 2129.496740487773
2129.496740487773 2129.153935975523
2129.153935975523 2129.435236767644
2129.435236767644 2129.9417981622046
2129.9417981622046 2129.6788030638613
2129.6788030638613 2129.3920601991745
2129.3920601991745 2129.718971557165
2129.718971557165 2130.0483729579846
2130.0483729579846 2129.761839165267
2129.761839165267 2129.337566141233
2129.337566141233 2129.077085280352
2129.077085280352 2129.2901408736893
2129.2901408736893 2129.7019087766853
2129.7019087766853 2130.006038271037
2130.006038271037 2130.4678818083617
2130.4678818083617 2130.156540076441
2130.156540076441 2130.582691451936
2130.582691451936 2130.346725012115
2130.346725012115 2130.5867668942424
2130.5867668942424 2130.9973998196688
2130.9973998196688 2130.6471856874477
2130.6471856874477 2130.901506370597
2130.901506370597 2130.627401518286
2130.627401518286 2130.96171838236
2130.96171838236 2131.346129025187
2131.346129025187 2131.0863123649615
2131.0863123649615 2131.390759097428
2131.390759097428 2130.86594298189
2130.86594298189 2130.470619575194
2130.470619575194 2130.864377477433
2130.864377477433 2131.322794756098
2131.322794756098 2131.7736901200865
2131.7736901200865 2131.506485811494
2131.506485811494 2131.8358628676615
2131.8358628676615 2131.6084840601893
2131.6084840601893 2132.0608973853414
2132.0608973853414 2131.7568237359606
2131.7568237359606 2132.2323027536013
2132.2323027536013 2131.802251189535
2131.802251189535 2132.1480721903445
2132.1480721903445 2132.557871701203
2132.557871701203 2132.1030896641496
2132.1030896641496 2132.483302480138
2132.483302480138 2132.7733817284648
2132.7733817284648 2133.083053148841
2133.083053148841 2132.819021916179
2132.819021916179 2132.444312475103
2132.444312475103 2132.7206436173974
2132.7206436173974 2132.935428216854
2132.935428216854 2133.2470450098285
2133.2470450098285 2132.758322683284
2132.758322683284 2133.2861583831886
2133.2861583831886 2133.0728104895416
2133.0728104895416 2133.359132167822
2133.359132167822 2133.664871077416
2133.664871077416 2133.2179655542905
2133.2179655542905 2133.639869875347
2133.639869875347 2133.1261705536585
2133.1261705536585 2133.556443835313
2133.556443835313 2133.810413273994
2133.810413273994 2134.2628065454146
2134.2628065454146 2133.8702758090285
2133.8702758090285 2133.3603354764196
2133.3603354764196 2133.1353411909745
2133.1353411909745 2133.539809605003
2133.539809605003 2133.9684730349745
2133.9684730349745 2134.2276742396084
2134.2276742396084 2133.9598089934225
2133.9598089934225 2134.2138415486484
2134.2138415486484 2133.9522184560487
2133.9522184560487 2134.4397104676023
2134.4397104676023 2134.797210996971
2134.797210996971 2135.014406729534
2135.014406729534 2134.6369064447817
2134.6369064447817 2134.8635906342074
2134.8635906342074 2135.204310886143
2135.204310886143 2134.6840331525805
2134.6840331525805 2135.0328109082984
2135.0328109082984 2135.4806711489155
2135.4806711489155 2135.2651669504735
2135.2651669504735 2135.0125448342274
2135.0125448342274 2135.4442631857446
2135.4442631857446 2135.887393458878
2135.887393458878 2136.3895798913222
2136.3895798913222 2136.692812234176
2136.692812234176 2137.1957910567717
2137.1957910567717 2137.555181436794
2137.555181436794 2137.81940375632
2137.81940375632 2137.5414426280454
2137.5414426280454 2137.1172549146095
2137.1172549146095 2136.7021833601766
2136.7021833601766 2136.3722579083383
2136.3722579083383 2136.5946332564536
2136.5946332564536 2136.3388174562065
2136.3388174562065 2136.0522937060223
2136.0522937060223 2135.762137788246
2135.762137788246 2135.9772493334526
2135.9772493334526 2135.576504390266
2135.576504390266 2135.8547731104
2135.8547731104 2135.573494147552
2135.573494147552 2135.791662647674
2135.791662647674 2135.5572797813984
2135.5572797813984 2135.8384463821844
2135.8384463821844 2135.3632652749316
2135.3632652749316 2135.764381461119
2135.764381461119 2135.5100609448846
2135.5100609448846 2135.7354256300005
2135.7354256300005 2136.0805453850458
2136.0805453850458 2135.660940201138
2135.660940201138 2136.081091603711
2136.081091603711 2136.5199689603432
2136.5199689603432 2136.7868657182235
2136.7868657182235 2137.1778839055505
2137.1778839055505 2137.4151787419323
2137.4151787419323 2137.780013108082
2137.780013108082 2137.4622415046283
2137.4622415046283 2137.6871977731926
2137.6871977731926 2138.1701164074443
2138.1701164074443 2138.4824634370434
2138.4824634370434 2138.8301024980797
2138.8301024980797 2138.6162023842426
2138.6162023842426 2138.8894996972977
2138.8894996972977 2139.1875902767815
2139.1875902767815 2138.969035048403
2138.969035048403 2138.5878549261683
2138.5878549261683 2138.3225717703363
2138.3225717703363 2137.821496584398
2137.821496584398 2137.3771376315067
2137.3771376315067 2137.737981725913
2137.737981725913 2137.9598024703914
2137.9598024703914 2138.1739151596717
2138.1739151596717 2138.387760020699
2138.387760020699 2138.601813902738
2138.601813902738 2139.0343971438024
2139.0343971438024 2139.2853551159105
2139.2853551159105 2139.499560618348
2139.499560618348 2139.866255007988
2139.866255007988 2139.613782345991
2139.613782345991 2139.8426748307575
2139.8426748307575 2140.3505288128767
2140.3505288128767 2140.632048785386
2140.632048785386 2140.2560026422816
2140.2560026422816 2140.7447377928925
2140.7447377928925 2140.3359697339547
2140.3359697339547 2140.6464184780334
2140.6464184780334 2141.1295061643336
2141.1295061643336 2140.7615288857132
2140.7615288857132 2140.350721285759
2140.350721285759 2140.737963173161
2140.737963173161 2140.3383933519667
2140.3383933519667 2140.582861932921
2140.582861932921 2140.9095177321688
2140.9095177321688 2141.417746629328
2141.417746629328 2141.0672396978107
2141.0672396978107 2141.4126113996867
2141.4126113996867 2141.881129426505
2141.881129426505 2142.097419358677
2142.097419358677 2141.784178982804
2141.784178982804 2141.5179991309437
2141.5179991309437 2141.948298091367
2141.948298091367 2141.541350473679
2141.541350473679 2141.7579100018215
2141.7579100018215 2142.081387379954
2142.081387379954 2142.4347628199457
2142.4347628199457 2142.742202763938
2142.742202763938 2142.3472526982628
2142.3472526982628 2142.7939940975216
2142.7939940975216 2142.4959863140652
2142.4959863140652 2142.219722277057
2142.219722277057 2141.979414757609
2141.979414757609 2141.548404652156
2141.548404652156 2141.2993641027497
2141.2993641027497 2141.5134977846415
2141.5134977846415 2141.7340606882663
2141.7340606882663 2142.1042115110085
2142.1042115110085 2142.3392261023623
2142.3392261023623 2142.566634819541
2142.566634819541 2142.805627460531
2142.805627460531 2143.3146806155705
2143.3146806155705 2142.9959618685843
2142.9959618685843 2143.2804583896923
2143.2804583896923 2143.5181522781254
2143.5181522781254 2143.777053998037
2143.777053998037 2143.309336273949
2143.309336273949 2143.5605736393104
2143.5605736393104 2143.7983139490943
2143.7983139490943 2144.2613238946615
2144.2613238946615 2143.9105507316935
2143.9105507316935 2143.6891934153023
2143.6891934153023 2143.988073843487
2143.988073843487 2143.7232815346524
2143.7232815346524 2144.1713092440327
2144.1713092440327 2144.4898991150994
2144.4898991150994 2144.255232947814
2144.255232947814 2144.745515149433
2144.745515149433 2144.238353098127
2144.238353098127 2144.454509742038
2144.454509742038 2144.7031738836517
2144.7031738836517 2145.041264869234
2145.041264869234 2145.5709072081027
2145.5709072081027 2145.8171677678743
2145.8171677678743 2145.5033083564185
2145.5033083564185 2145.8127510584363
2145.8127510584363 2145.428270308581
2145.428270308581 2145.893949630281
2145.893949630281 2146.287765530878
2146.287765530878 2146.611677706676
2146.611677706676 2147.125486393292
2147.125486393292 2146.8884911969976
2146.8884911969976 2147.424025936742
2147.424025936742 2147.8168679695145
2147.8168679695145 2148.3359560063586
2148.3359560063586 2148.095855414974
2148.095855414974 2148.4808001633683
2148.4808001633683 2148.0526185981544
2148.0526185981544 2148.5888553723407
2148.5888553723407 2148.3568093502186
2148.3568093502186 2147.8902547896278
2147.8902547896278 2147.6361657615366
2147.6361657615366 2147.2016970104273
2147.2016970104273 2146.9853966730343
2146.9853966730343 2146.709896354124
2146.709896354124 2146.400058116478
2146.400058116478 2145.9692008983666
2145.9692008983666 2145.7024022186574
2145.7024022186574 2146.016746325004
2146.016746325004 2146.2894098356105
2146.2894098356105 2145.954069315644
2145.954069315644 2146.427406271442
2146.427406271442 2146.1265575234215
2146.1265575234215 2146.353661306708
2146.353661306708 2146.1206093485384
2146.1206093485384 2146.3449678124243
2146.3449678124243 2145.8767942031495
2145.8767942031495 2146.208345605014
2146.208345605014 2146.721043555555
2146.721043555555 2146.506168332472
2146.506168332472 2146.7573945224594
2146.7573945224594 2147.2608914181915
2147.2608914181915 2147.552990323781
2147.552990323781 2147.8606281498915
2147.8606281498915 2148.088383873872
2148.088383873872 2148.429266138071
2148.429266138071 2148.8735324463023
2148.8735324463023 2148.594849778385
2148.594849778385 2148.1608481617172
2148.1608481617172 2148.3786716384325
2148.3786716384325 2148.782780653189
2148.782780653189 2148.527944000165
2148.527944000165 2148.825972448705
2148.825972448705 2148.6109792912475
2148.6109792912475 2149.0170793786256
2149.0170793786256 2148.791813855601
2148.791813855601 2149.036698326189
2149.036698326189 2149.27683598609
2149.27683598609 2149.04984344816
2149.04984344816 2149.308066295209
2149.308066295209 2149.5871244861232
2149.5871244861232 2149.0511516650045
2149.0511516650045 2149.4155795965908
2149.4155795965908 2149.77721038069
2149.77721038069 2150.219888681091
2150.219888681091 2150.6418699490255
2150.6418699490255 2150.3369513571693
2150.3369513571693 2150.0970579960326
2150.0970579960326 2149.786937607784
2149.786937607784 2150.0045081470594
2150.0045081470594 2150.2451738103205
2150.2451738103205 2150.7765472952638
2150.7765472952638 2151.0032557812624
2151.0032557812624 2150.637318920085
2150.637318920085 2151.141008995496
2151.141008995496 2150.7540890096225
2150.7540890096225 2151.0046679036964
2151.0046679036964 2150.7405786874797
2150.7405786874797 2150.994244608799
2150.994244608799 2151.4865211076185
2151.4865211076185 2151.1587665911243
2151.1587665911243 2150.9429462934218
2150.9429462934218 2151.2055830587656
2151.2055830587656 2151.442432812105
2151.442432812105 2151.8424202934943
2151.8424202934943 2151.564349177446
2151.564349177446 2151.309346779345
2151.309346779345 2151.5778949698356
2151.5778949698356 2151.2556321557663
2151.2556321557663 2151.645437282148
2151.645437282148 2152.052133085931
2152.052133085931 2151.836715733652
2151.836715733652 2152.123819184719
2152.123819184719 2151.8751034410006
2151.8751034410006 2152.1782596157195
2152.1782596157195 2152.5476451216023
2152.5476451216023 2152.9411617554692
2152.9411617554692 2152.6464515355574
2152.6464515355574 2152.906196221624
2152.906196221624 2152.5800061359587
2152.5800061359587 2152.893874739803
2152.893874739803 2152.379911859925
2152.379911859925 2152.6023521330007
2152.6023521330007 2153.0263030201245
2153.0263030201245 2153.265703790708
2153.265703790708 2153.049742927479
2153.049742927479 2153.433027934438
2153.433027934438 2153.8490310585385
2153.8490310585385 2153.505608412224
2153.505608412224 2153.1188505795976
2153.1188505795976 2152.6935057341234
2152.6935057341234 2153.0977121259084
2153.0977121259084 2153.5763445706953
2153.5763445706953 2153.891662206876
2153.891662206876 2153.5624734278495
2153.5624734278495 2154.0473480620235
2154.0473480620235 2153.7933508390947
2153.7933508390947 2154.030256187001
2154.030256187001 2153.7026616760727
2153.7026616760727 2154.118684403631
2154.118684403631 2154.452123375422
2154.452123375422 2154.960501319323
2154.960501319323 2155.31630988714
2155.31630988714 2154.9938125409626
2154.9938125409626 2154.750878047838
2154.750878047838 2154.4542427224183
2154.4542427224183 2154.7382351261094
2154.7382351261094 2155.2640081425657
2155.2640081425657 2155.583259133564
2155.583259133564 2155.922660037314
2155.922660037314 2155.677189029574
2155.677189029574 2155.389365979843
2155.389365979843 2155.148249885702
2155.148249885702 2154.636138475613
2154.636138475613 2154.1443369258186
2154.1443369258186 2153.8003965063685
2153.8003965063685 2154.3223011602704
2154.3223011602704 2154.5839160191117
2154.5839160191117 2154.272505278027
2154.272505278027 2154.016385283617
2154.016385283617 2154.2348762861634
2154.2348762861634 2154.4665628249386
2154.4665628249386 2154.128436414514
2154.128436414514 2154.4405543484304
2154.4405543484304 2153.9923377711953
2153.9923377711953 2154.235178792045
2154.235178792045 2154.766781240309
2154.766781240309 2154.4240620962632
2154.4240620962632 2154.8952539105244
2154.8952539105244 2155.1813268965752
2155.1813268965752 2155.483794663596
2155.483794663596 2156.0105200006255
2156.0105200006255 2156.2865954232557
2156.2865954232557 2155.829294063691
2155.829294063691 2156.0769825459424
2156.0769825459424 2155.7680642959162
2155.7680642959162 2156.007664412692
2156.007664412692 2156.451192537853
2156.451192537853 2156.689345271139
2156.689345271139 2157.0203045990243
2157.0203045990243 2157.2916105531385
2157.2916105531385 2157.6660002051267
2157.6660002051267 2157.298882681299
2157.298882681299 2157.678446089687
2157.678446089687 2158.200252671933
2158.200252671933 2157.7994189521255
2157.7994189521255 2158.0156546820836
2158.0156546820836 2157.796399725304
2157.796399725304 2158.0265622945262
2158.0265622945262 2158.302231768116
2158.302231768116 2158.6823774091586
2158.6823774091586 2159.130520665969
2159.130520665969 2158.7463531251865
2158.7463531251865 2158.9963901983215
2158.9963901983215 2158.5632229709204
2158.5632229709204 2158.332967946321
2158.332967946321 2157.9025898056184
2157.9025898056184 2157.660232442674
2157.660232442674 2157.950599607541
2157.950599607541 2158.1795941837195
2158.1795941837195 2158.676338330901
2158.676338330901 2158.1621384378254
2158.1621384378254 2158.4122011390573
2158.4122011390573 2158.65089304232
2158.65089304232 2158.9014203132074
2158.9014203132074 2159.1513031210193
2159.1513031210193 2159.636252329451
2159.636252329451 2159.983952048323
2159.983952048323 2159.7369217572204
2159.7369217572204 2159.4972452134775
2159.4972452134775 2159.7209759777697
2159.7209759777697 2160.1984056530655
2160.1984056530655 2159.8072358130635
2159.8072358130635 2160.04942748558
2160.04942748558 2160.385165451832
2160.385165451832 2159.9362712002862
2159.9362712002862 2160.1919458223847
2160.1919458223847 2160.6527724829093
2160.6527724829093 2160.8917972553722
2160.8917972553722 2161.174519735159
2161.174519735159 2161.44254218818
2161.44254218818 2161.165599160112
2161.165599160112 2160.6445999517705
2160.6445999517705 2160.9079466309254
2160.9079466309254 2161.377949776856
2161.377949776856 2161.0334187212993
2161.0334187212993 2161.4287061494824
2161.4287061494824 2161.133977638569
2161.133977638569 2161.4555431932167
2161.4555431932167 2161.117522994721
2161.117522994721 2161.3521506774996
2161.3521506774996 2161.625290974677
2161.625290974677 2161.9548486312565
2161.9548486312565 2162.4922264552747
2162.4922264552747 2162.9417755199675
2162.9417755199675 2162.693316273865
2162.693316273865 2163.083918640296
2163.083918640296 2162.8606707520034
2162.8606707520034 2162.5856740151394
2162.5856740151394 2162.3331527652285
2162.3331527652285 2162.08412060901
2162.08412060901 2162.487043077541
2162.487043077541 2162.261961595015
2162.261961595015 2162.5674295367426
2162.5674295367426 2162.2743018741253
2162.2743018741253 2161.874557161599
2161.874557161599 2162.1194177735897
2162.1194177735897 2162.618244013322
2162.618244013322 2163.0719722804643
2163.0719722804643 2162.835545627767
2162.835545627767 2162.568974463274
2162.568974463274 2162.8742099155834
2162.8742099155834 2163.1214236036662
2163.1214236036662 2163.39601161247
2163.39601161247 2163.6573668726714
2163.6573668726714 2163.4048013645847
2163.4048013645847 2163.6424239513603
2163.6424239513603 2163.3584140686817
2163.3584140686817 2163.59760976554
2163.59760976554 2163.949105066653
2163.949105066653 2163.634243333341
2163.634243333341 2163.932316620187
2163.932316620187 2164.4245690639827
2164.4245690639827 2164.116188794168
2164.116188794168 2164.462756881211
2164.462756881211 2164.1812856674965
2164.1812856674965 2164.6196657589244
2164.6196657589244 2164.3345092160584
2164.3345092160584 2164.865150189798
2164.865150189798 2164.501144115007
2164.501144115007 2164.909372963288
2164.909372963288 2165.2025261781596
2165.2025261781596 2164.724634430477
2164.724634430477 2164.965206777449
2164.965206777449 2165.185249895898
2165.185249895898 2165.453133852828
2165.453133852828 2165.0174373977666
2165.0174373977666 2165.4691854033867
2165.4691854033867 2165.884975746074
2165.884975746074 2165.5713857814117
2165.5713857814117 2165.099360624751
2165.099360624751 2165.5416903978207
2165.5416903978207 2165.0239473838315
2165.0239473838315 2165.277141345102
2165.277141345102 2165.4978541462247
2165.4978541462247 2165.77097931471
2165.77097931471 2166.164679944936
2166.164679944936 2165.928441014773
2165.928441014773 2166.1769863424893
2166.1769863424893 2165.9554831413066
2165.9554831413066 2166.282221907764
2166.282221907764 2165.9789715910274
2165.9789715910274 2166.344698502119
2166.344698502119 2166.8335157444485
2166.8335157444485 2166.566869126448
2166.566869126448 2166.237901699966
2166.237901699966 2166.531268415988
2166.531268415988 2166.7885340749685
2166.7885340749685 2167.2262666617435
2167.2262666617435 2167.4549858859327
2167.4549858859327 2167.747777843455
2167.747777843455 2168.052024777315
2168.052024777315 2168.490519684756
2168.490519684756 2168.8477145695274
2168.8477145695274 2168.353387825207
2168.353387825207 2167.8890375682904
2167.8890375682904 2167.3605112094924
2167.3605112094924 2167.1042785595628
2167.1042785595628 2166.6010835039056
2166.6010835039056 2167.012230029826
2167.012230029826 2166.764596409405
2166.764596409405 2167.2829715360995
2167.2829715360995 2167.541739407478
2167.541739407478 2167.827733731309
2167.827733731309 2168.1061110024257
2168.1061110024257 2168.390948201246
2168.390948201246 2168.666930212812
2168.666930212812 2168.983931468072
2168.983931468072 2168.7616102988222
2168.7616102988222 2168.375127664189
2168.375127664189 2168.7336277860454
2168.7336277860454 2168.516720296894
2168.516720296894 2168.2443294340824
2168.2443294340824 2168.6189920641027
2168.6189920641027 2168.972969715185
2168.972969715185 2169.378714979201
2169.378714979201 2168.8721489153495
2168.8721489153495 2168.608811223819
2168.608811223819 2168.9647439446007
2168.9647439446007 2168.6587728225704
2168.6587728225704 2168.4091547923185
2168.4091547923185 2168.028457873257
2168.028457873257 2168.5520837347512
2168.5520837347512 2169.0761460799554
2169.0761460799554 2169.3308957701593
2169.3308957701593 2169.578485840615
2169.578485840615 2170.025198609992
2170.025198609992 2169.7287516764877
2169.7287516764877 2169.502270089553
2169.502270089553 2169.852061192492
2169.852061192492 2169.6147127373215
2169.6147127373215 2170.0127489265865
2170.0127489265865 2170.276123248395
2170.276123248395 2170.5880477131236
2170.5880477131236 2170.8121869211222
2170.8121869211222 2170.5435961111616
2170.5435961111616 2170.291618065727
2170.291618065727 2170.5794427465253
2170.5794427465253 2171.0542152151033
2171.0542152151033 2170.6361842243914
2170.6361842243914 2170.8967185759834
2170.8967185759834 2170.452079213016
2170.452079213016 2170.2134632011903
2170.2134632011903 2170.467192547896
2170.467192547896 2170.9794470873953
2170.9794470873953 2171.519847467609
2171.519847467609 2171.7971232772124
2171.7971232772124 2171.3289077760055
2171.3289077760055 2171.5900662783715
2171.5900662783715 2171.984968820852
2171.984968820852 2171.7510340026784
2171.7510340026784 2171.476161115527
2171.476161115527 2171.7572896444753
2171.7572896444753 2172.0241003527003
2172.0241003527003 2172.3902581590296
2172.3902581590296 2172.075921249767
2172.075921249767 2172.4409508678978
2172.4409508678978 2172.6895977568142
2172.6895977568142 2172.9070756637143
2172.9070756637143 2172.518315849154
2172.518315849154 2172.2535108005563
2172.2535108005563 2171.7220589845433
2171.7220589845433 2172.2310730178438
2172.2310730178438 2172.6054918782356
2172.6054918782356 2172.822797410418
2172.822797410418 2173.319173100292
2173.319173100292 2172.914876133614
2172.914876133614 2172.6877122870164
2172.6877122870164 2172.913185968339
2172.913185968339 2173.28429798003
2173.28429798003 2173.52926720375
2173.52926720375 2173.156819478815
2173.156819478815 2173.580450090523
2173.580450090523 2173.8174747259063
2173.8174747259063 2173.469122797095
2173.469122797095 2173.930607449894
2173.930607449894 2174.4054350210877
2174.4054350210877 2174.138532413352
2174.138532413352 2174.4353223299563
2174.4353223299563 2174.1928013171155
2174.1928013171155 2173.702087658717
2173.702087658717 2174.186206188123
2174.186206188123 2173.968147447108
2173.968147447108 2174.4457127302494
2174.4457127302494 2174.8726149318068
2174.8726149318068 2174.4464868495734
2174.4464868495734 2174.691717864081
2174.691717864081 2174.345246086493
2174.345246086493 2174.8267349664216
2174.8267349664216 2175.2024566552063
2175.2024566552063 2174.9117000119463
2174.9117000119463 2174.6077468928215
2174.6077468928215 2174.8271635040337
2174.8271635040337 2175.133114584365
2175.133114584365 2175.428174245706
2175.428174245706 2175.207072079924
2175.207072079924 2174.988019443018
2174.988019443018 2174.7107055023926
2174.7107055023926 2175.0402697193945
2175.0402697193945 2175.3968871591637
2175.3968871591637 2175.6392301426063
2175.6392301426063 2176.087942673434
2176.087942673434 2175.8090061875696
2175.8090061875696 2176.120455294658
2176.120455294658 2175.7739138315847
2175.7739138315847 2176.018464190899
2176.018464190899 2176.4207010936793
2176.4207010936793 2175.996083426567
2175.996083426567 2175.666229608828
2175.666229608828 2175.892671180427
2175.892671180427 2176.1441767997035
2176.1441767997035 2176.645284070935
2176.645284070935 2177.0326168950915
2177.0326168950915 2176.5101066506595
2176.5101066506595 2176.9983970400253
2176.9983970400253 2177.236790170583
2177.236790170583 2177.469036736493
2177.469036736493 2177.2314071871233
2177.2314071871233 2177.700376279168
2177.700376279168 2177.9888273504425
2177.9888273504425 2177.4521182081903
2177.4521182081903 2177.05332460697
2177.05332460697 2177.3505035461244
2177.3505035461244 2176.8861299798623
2176.8861299798623 2177.34318999809
2177.34318999809 2177.565228403019
2177.565228403019 2178.026403244838
2178.026403244838 2177.51303600198
2177.51303600198 2177.202694823028
2177.202694823028 2176.713274827152
2176.713274827152 2176.9746605094333
2176.9746605094333 2176.698288945017
2176.698288945017 2176.9304023545515
2176.9304023545515 2177.4524863438332
2177.4524863438332 2177.877372532724
2177.877372532724 2178.254861174282
2178.254861174282 2178.016376968366
2178.016376968366 2178.2555802805396
2178.2555802805396 2178.6280282345324
2178.6280282345324 2178.962513131434
2178.962513131434 2179.2419497719197
2179.2419497719197 2178.745699410548
2178.745699410548 2179.0309714428954
2179.0309714428954 2179.529764431865
2179.529764431865 2179.765078731682
2179.765078731682 2179.510888881609
2179.510888881609 2179.7705882886185
2179.7705882886185 2179.2533710945813
2179.2533710945813 2179.6552241060567
2179.6552241060567 2179.8779913874973
2179.8779913874973 2179.368809426176
2179.368809426176 2179.598489481262
2179.598489481262 2179.8210659897845
2179.8210659897845 2180.3287090098347
2180.3287090098347 2180.015269300221
2180.015269300221 2180.257321858253
2180.257321858253 2180.5073061278467
2180.5073061278467 2180.075943832541
2180.075943832541 2180.4447319946667
2180.4447319946667 2180.9797749230365
2180.9797749230365 2180.6122604509833
2180.6122604509833 2181.0270094679568
2181.0270094679568 2180.531027971893
2180.531027971893 2180.749879381483
2180.749879381483 2180.9906212907867
2180.9906212907867 2180.7416432415366
2180.7416432415366 2181.111283094587
2181.111283094587 2181.4386859430433
2181.4386859430433 2181.1208110606594
2181.1208110606594 2181.4274213047916
2181.4274213047916 2181.78651652598
2181.78651652598 2182.144181797685
2182.144181797685 2181.9240151806052
2181.9240151806052 2181.623368238892
2181.623368238892 2182.035438031651
2182.035438031651 2182.2547791071966
2182.2547791071966 2181.9982107533237
2181.9982107533237 2181.7681178960156
2181.7681178960156 2181.98989139419
2181.98989139419 2181.5748178737445
2181.5748178737445 2181.9238772083036
2181.9238772083036 2181.679833941243
2181.679833941243 2182.056713451944
2182.056713451944 2182.3193540125126
2182.3193540125126 2182.583697754391
2182.583697754391 2182.983884185449
2182.983884185449 2183.480620239615
2183.480620239615 2183.7031110095863
2183.7031110095863 2183.439408332659
2183.439408332659 2183.204029724946
2183.204029724946 2182.694489319815
2182.694489319815 2183.1443635595792
2183.1443635595792 2182.7532048181242
2182.7532048181242 2183.1648796737263
2183.1648796737263 2183.6584732518977
2183.6584732518977 2183.1796827826056
2183.1796827826056 2183.3980149624076
2183.3980149624076 2183.6181073079742
2183.6181073079742 2183.2323722160263
2183.2323722160263 2183.4708775645795
2183.4708775645795 2183.7929818221287
2183.7929818221287 2183.501328221262
2183.501328221262 2183.7306498391913
2183.7306498391913 2183.5030973608514
2183.5030973608514 2183.7297815676147
2183.7297815676147 2183.986215670716
2183.986215670716 2184.3434554140413
2184.3434554140413 2184.6300483731316
2184.6300483731316 2185.0318342993405
2185.0318342993405 2185.3777254256106
2185.3777254256106 2185.1479150626187
2185.1479150626187 2185.6089671857603
2185.6089671857603 2185.0887513533253
2185.0887513533253 2184.8642095159375
2184.8642095159375 2185.099903969972
2185.099903969972 2184.821268314313
2184.821268314313 2184.296911621653
2184.296911621653 2184.5257744979676
2184.5257744979676 2184.1208658835685
2184.1208658835685 2184.395277892682
2184.395277892682 2184.8398031053944
2184.8398031053944 2185.2319999508686
2185.2319999508686 2185.475709624293
2185.475709624293 2185.694360321886
2185.694360321886 2186.102870316442
2186.102870316442 2185.761904779975
2185.761904779975 2185.9976469551248
2185.9976469551248 2185.5028226021795
2185.5028226021795 2185.72546394148
2185.72546394148 2186.088206454603
2186.088206454603 2186.3773862895473
2186.3773862895473 2186.154942496199
2186.154942496199 2185.843268039253
2185.843268039253 2186.06915904278
2186.06915904278 2186.398921865308
2186.398921865308 2186.9247825604284
2186.9247825604284 2186.6836988672603
2186.6836988672603 2187.15736544693
2187.15736544693 2186.6798824871153
2186.6798824871153 2186.9667509988008
2186.9667509988008 2187.2774170614125
2187.2774170614125 2186.958710840397
2186.958710840397 2186.5415006091785
2186.5415006091785 2186.9731651504426
2186.9731651504426 2187.4816426284115
2187.4816426284115 2186.9965473986917
2186.9965473986917 2187.2776710901744
2187.2776710901744 2187.729678191097
2187.729678191097 2187.510722108957
2187.510722108957 2187.7308403195493
2187.7308403195493 2188.2695681560563
2188.2695681560563 2187.9070040260794
2187.9070040260794 2188.127276422107
2188.127276422107 2188.4486124575005
2188.4486124575005 2188.073636571886
2188.073636571886 2187.8018167339196
2187.8018167339196 2188.239636976478
2188.239636976478 2188.0189071100895
2188.0189071100895 2188.279937579477
2188.279937579477 2188.5330561560745
2188.5330561560745 2188.9029919975897
2188.9029919975897 2189.3215763399194
2189.3215763399194 2189.0106555800226
2189.0106555800226 2188.643687283367
2188.643687283367 2189.133450117428
2189.133450117428 2188.841583963859
2188.841583963859 2189.065331331489
2189.065331331489 2189.4520089502066
2189.4520089502066 2189.8128104339694
2189.8128104339694 2189.3870295832176
2189.3870295832176 2189.165026284095
2189.165026284095 2189.45711147362
2189.45711147362 2189.6905483336436
2189.6905483336436 2189.232394076482
2189.232394076482 2189.687171373559
2189.687171373559 2189.3407875105654
2189.3407875105654 2189.760850090227
2189.760850090227 2190.1087648338616
2190.1087648338616 2190.5051338388007
2190.5051338388007 2190.2632320599864
2190.2632320599864 2190.0035632730846
2190.0035632730846 2190.4090506298085
2190.4090506298085 2190.6602226386894
2190.6602226386894 2190.1804831604636
2190.1804831604636 2190.4017291207965
2190.4017291207965 2190.6899885569583
2190.6899885569583 2190.921502772598
2190.921502772598 2191.390417150951
2191.390417150951 2191.7850630153757
2191.7850630153757 2191.311461767921
2191.311461767921 2190.88814527168
2190.88814527168 2190.408938454849
2190.408938454849 2190.63164766952
2190.63164766952 2191.02349815793
2191.02349815793 2191.2528491549156
2191.2528491549156 2191.7974727876003
2191.7974727876003 2192.024452917574
2192.024452917574 2191.5584941071497
2191.5584941071497 2191.2909755022038
2191.2909755022038 2191.5288410350186
2191.5288410350186 2191.7897198682294
2191.7897198682294 2192.217628004159
2192.217628004159 2192.6836910719658
2192.6836910719658 2192.4190935811203
2192.4190935811203 2192.1728761021254
2192.1728761021254 2192.6596598081637
2192.6596598081637 2192.203644983751
2192.203644983751 2191.7053151788364
2191.7053151788364 2192.1320629965567
2192.1320629965567 2192.637835029302
2192.637835029302 2192.38275150111
2192.38275150111 2192.128166563237
2192.128166563237 2192.4162041150817
2192.4162041150817 2192.828139448005
2192.828139448005 2193.103792074531
2193.103792074531 2192.5916497187127
2192.5916497187127 2193.039548455266
2193.039548455266 2193.4091720536703
2193.4091720536703 2193.6661760626585
2193.6661760626585 2193.3473211722126
2193.3473211722126 2193.684331545188
2193.684331545188 2194.017092292548
2194.017092292548 2194.2629237949955
2194.2629237949955 2194.5083360126973
2194.5083360126973 2194.9503647467345
2194.9503647467345 2194.5832792370434
2194.5832792370434 2194.3010717601596
2194.3010717601596 2194.04749577362
2194.04749577362 2193.7040566250184
2193.7040566250184 2193.4002690809043
2193.4002690809043 2192.963303073593
2192.963303073593 2193.2145597501453
2193.2145597501453 2193.7570236624583
2193.7570236624583 2194.2367962178714
2194.2367962178714 2193.998068168221
2193.998068168221 2194.3024734220007
2194.3024734220007 2193.9752771703447
2193.9752771703447 2193.6999083823625
2193.6999083823625 2193.936940667196
2193.936940667196 2194.453293735751
2194.453293735751 2193.9733377698903
2193.9733377698903 2194.2662200037057
2194.2662200037057 2194.7359091562475
2194.7359091562475 2194.9960815356503
2194.9960815356503 2194.6267623068065
2194.6267623068065 2195.1107437937394
2195.1107437937394 2194.789063938468
2194.789063938468 2195.048538053322
2195.048538053322 2195.273727713367
2195.273727713367 2195.005237212747
2195.005237212747 2195.2666077367367
2195.2666077367367 2194.902990047171
2194.902990047171 2195.1236614099607
2195.1236614099607 2195.366591459975
2195.366591459975 2195.8308828815684
2195.8308828815684 2196.1496082303015
2196.1496082303015 2196.4408655698658
2196.4408655698658 2196.213580799972
2196.213580799972 2196.749733723037
