4 0 0.0 3.2148843011651858 566114.1774395887 2.55
2159.2367338556646 2159.6859549593055
2159.159037958446
2159.588867446514
2159.930897546995
2160.241769970502
2159.750062899246
2160.002998377491
2160.42653927819
2160.885220355952
2160.572136586847
2160.2803480798398
2160.700980267987
2160.4465046293126
2160.9369729088157
2161.155113569615
2160.674284034004
2161.20842722665
2160.687196253244
2161.1523304963907
2161.592352072244
2161.354887138772
2161.8426557795287
2162.2841146129626
2161.80490414329
2161.426806200602
2161.854210400168
2162.158478373339
2161.81088256975
2162.168789547358
2162.4881865619777
2162.0801862600133
2161.6571418533495
2161.937628297321
2162.460714100871
2162.713608932314
2163.1212819803154
2162.853986513123
2162.593228043656
2162.8362074472147
2163.0913287333915
2162.79242726237
2162.571320277874
2163.061840798325
2163.293747394589
2163.5189086775817
2163.7586646770633
2164.08457256714
2164.409994438268
2163.926100812277
2164.146349742125
2164.4763549356967
2164.7847557501887
2164.4466071165016
2164.0990987562554
2163.857546665396
2164.1987463409005
2164.429790740288
2164.069320546059
2164.452099975475
2164.7995177485786
2165.3243000295624
2165.105689585073
2164.885960164489
2164.6431768908133
2164.8732568011105
2165.1191885864505
2165.338327768065
2165.8496099810104
2165.606362678605
2165.1334712431567
2165.481820802487
2165.2351683346214
2165.6581103003086
2165.255306250926
2164.9029823214046
2165.188996686331
2165.405668068218
2165.644604323134
2165.2335298688313
2165.487256099064
2165.7083586996737
2166.0431512279174
2166.2753554295273
2166.5219540001094
2166.744054161545
2166.416761481432
2166.6991487293585
2167.086894661948
2166.707247268898
2166.953722794071
2167.2491435634374
2166.7304997590745
2166.9509502144374
2167.240380305668
2166.8245629063995
2167.2846750097888
2167.5296870457546
2167.1474849540223
2167.6219577706033
2167.311762497154
2166.926935607318
2167.146582778336
2166.710309654652
2167.1986059935903
2167.5834305694093
2168.051572316734
2168.286022460807
2168.509975425138
2168.120044911883
2168.6208794096246
2168.838106429515
2168.6161432322533
2168.9501186169823
2168.562284331864
2169.0991409301846
2168.804659308438
2168.4108229991048
2168.175191871531
2168.6000376443735
2168.946638277544
2169.3975987435733
2169.822284434387
2170.108277296022
2169.6076367510846
2170.024165148874
2169.7249297072212
2170.2364940507564
2170.6052231506183
2170.8421555343507
2170.4903965836497
2170.0432888493697
2170.367637543224
2170.6491727627367
2170.4001219218
2169.995259915635
2169.774876614317
2169.4973134693123
2169.0020134565457
2169.221678176677
2169.4569002759536
2169.97235493188
2170.368801405918
2170.668782216708
2170.982696440021
2171.517780998202
2171.7478416396475
2172.027465929051
2172.4243405497973
2172.7796504082808
2173.1096337966706
2172.6173290372953
2172.2455529548524
2171.804420208108
2171.3347002318333
2171.553056594241
2171.8083175715215
2172.0567210648846
2172.32586434008
2172.543572573529
2172.7956312819147
2173.083009509044
2172.6318652518735
2172.9078576149627
2173.3050205669874
2173.5399901034343
2173.301476014239
2173.04787876193
2173.547784542057
2173.3294278711596
2173.821919190435
2173.5769340672155
2173.088619955829
2172.7690704350994
2173.170133317002
2172.6454526915227
2172.3641399575044
2172.8716724307246
2172.653957490593
2173.162223474589
2173.438609026208
2173.850928199117
2174.2293005034867
2174.641444066276
2174.3539842725413
2173.960890475449
2174.470163686381
2174.9557902841025
2174.443653750862
2174.7073221884352
2175.1950888789947
2175.5042948523956
2175.8882891393814
2176.382252281015
2175.9054015638653
2176.127226506176
2176.365133168953
2175.8295983070934
2176.333740279108
2176.6597367211493
2176.962063807339
2177.2194576276574
2176.9414019644305
2177.4532587308163
2177.982363038318
2177.6610949767537
2177.415934491831
2177.1146996311018
2176.789033202896
2176.4739388882526
2176.7167911077067
2176.939745366463
2177.235581068033
2176.9569577635957
2177.175186055266
2176.8012249979042
2177.0533512328047
2177.5498413808373
2177.9976746417906
2177.5049285363366
2177.1150275162927
2177.4970728099593
2177.902252128849
2178.3098884542496
2178.6227877039205
2178.3237355494107
2177.96357131778
2178.3543968132685
2177.8208462474727
2178.063947007501
2178.3946971114724
2177.917515185528
2178.3010288972773
2178.6449947766996
2179.0859504844802
2178.560151514906
2178.076423624258
2178.2944015477124
2178.720799844354
2179.005123030937
2179.540395031062
2179.217067210104
2179.546468504729
2179.173214464643
2178.8981410156093
2179.1573708448504
2179.644534273664
2180.099993847838
2179.7634340335194
2179.984275629914
2180.2281088319523
2180.5440615454368
2180.7806054730277
2181.037950922149
2181.362101090934
2181.0481446935087
2180.6438248864238
2181.0749151466366
2180.5598773874012
2180.969692108789
2181.1919355944506
2181.7035909682018
2181.456147894035
2181.042859591604
2181.377523325203
2181.0537312890838
2181.36572593817
2181.6940148792223
2181.4712003574805
2181.74143289893
2182.21376896287
2182.622213747201
2182.907041355386
2182.521057733438
2182.2908911699515
2182.7049256565406
2182.338319393396
2182.059222233704
2182.3389380773915
2182.625812823775
2182.8633066123343
2182.495073820843
2182.925924390494
2182.5654729091602
2182.8720270912577
2182.3590354614553
2182.6315482587042
2183.0252068276964
2183.335085826186
2183.658976816116
2183.9001040488447
2183.53211986411
2183.153320645689
2183.598183861513
2183.960406543104
2183.73690290418
2184.1128417605187
2184.3712417120987
2184.752395048725
2184.371932080538
2184.7084295636027
2184.2452264943495
2183.796861120182
2184.110901088236
2184.61064220331
2184.2106311195294
2183.759165802163
2183.988136980414
2183.5208210894666
2183.889004242938
2184.2542293468196
2184.6233666817852
2185.008797778495
2184.761833435432
2185.236803964887
2185.6073165932044
2186.024926245477
2185.621199871329
2185.8473159499954
2185.6199300294847
2186.050058868912
2185.8307276846754
2186.0860903840635
2186.378116576704
2186.616061722546
2186.2619335215168
2185.716289133565
2186.112955978543
2185.796620110611
2186.212530465608
2186.454340014492
2186.814932357212
2186.5758825913495
2186.8073325061264
2187.3362213199925
2187.112137432665
2187.3909030940977
2187.7183435258444
2188.0114889853485
2188.3333918472963
2187.865539547133
2187.485953013065
2187.943168198167
2188.1804307645566
2187.7720392437386
2188.201593758472
2187.711467832954
2187.9472776645653
2188.278289574689
2188.623295597603
2188.182992668713
2188.562072176802
2188.879741233882
2188.407654611213
2188.742224160754
2188.332431818603
2188.703397426082
2188.992688552886
2188.455906012551
2188.7096292770766
2189.087573554064
2189.4946958988253
2189.1096073713948
2189.392255306705
2189.762645763714
2189.4337083291366
2189.6651515703197
2190.179826326842
2189.7165872987453
2190.085734330969
2189.860441121882
2190.119983979785
2190.3545746033146
2189.999967422862
2190.2433328496236
2190.51512234218
2190.752946731526
2190.5338714165596
2190.8475304218277
2191.2157691403236
2191.4424677956167
2190.90478315859
2191.450557481669
2191.228149072032
2191.510535619028
2191.7869069145745
2191.3827268484074
2191.755684013271
2192.0543166357083
2191.6496973430494
2191.4185447127716
2191.640112320342
2191.980532273553
2192.200224817321
2191.8205450483183
2192.08021470237
2192.5004942288047
2192.1357887201743
2192.42049506461
2192.1002675864224
2192.406087171511
2192.706742687538
2192.926024118699
2193.2541152069502
2193.599989656011
2193.8843900509564
2194.283953587102
2194.0515803357303
2193.6898014298868
2193.462504058333
2192.9258975079088
2193.387462342384
2193.1063651223035
2193.572723985023
2193.3035359238493
2193.677595459553
2193.9072058019456
2193.5668883909875
2193.8160128399454
2194.1722586674837
2194.5462719656025
2195.045926665188
2194.6079336552903
2194.2357896699746
2194.4567189010127
2194.838916058822
2194.3963851628137
2194.88567516342
2195.267607182792
2195.640833305442
2195.1201506443076
2195.4228855430433
2194.995709543521
2195.417048363848
2195.7657773630135
2195.534597774213
2195.758351459522
2195.3656421699175
2194.8893859495547
2195.3297343119375
2195.559335517298
2195.914718156802
2196.15071797443
2196.4422509669776
2196.2223577151385
2195.6816706954846
2196.159493475174
2196.388237717817
2196.7995616205294
2196.425976737841
2196.828605643488
2197.077172371848
2196.586393658724
2197.0012130012033
2197.238266430581
2196.730128616307
2197.0907688836683
2197.4648059234405
2197.9651802742537
2197.5257041083414
2197.208323263459
2197.5693044273794
2198.0169813309367
2197.6282477966965
2197.856254745496
2197.610546425826
2197.8367705061364
2198.1154517662235
2197.617854028462
2198.1620253650585
2198.4654263030798
2198.8548037484206
2198.318777570509
2198.572023862619
2198.067649243946
2198.288164833113
2198.0641846908447
2197.7955837181908
2197.3565724466534
2197.733507521353
2198.0927190766247
2198.376264060997
2198.8442918260375
2199.136664518226
2199.470544784345
2199.7004562925486
2199.3851702062802
2199.714176761877
2199.430846523022
2199.6605290529033
2200.1108989753193
2200.5220444157703
2200.84882029911
2201.09023691589
2200.56101684939
2200.813519289054
2200.345395604881
2200.876844621003
2201.1368312190953
2200.8239790408443
2201.3103573674643
2201.6250103664283
2201.0992845108763
2200.666189988368
2200.9398559899146
2200.599355305993
2200.8492871199733
2201.237336888202
2201.674067355323
2201.9975881577484
2201.5270481824355
2202.047608391703
2201.810207811269
2201.575388926692
2201.9123509555175
2202.420667732323
2202.132682301727
2202.3635597864445
2202.103481208041
2202.344943223743
2202.7848358090064
2202.5482076479225
2202.7973793948104
2203.197684097405
2202.9609759562663
2203.337012775468
2203.718333090174
2203.1693173699955
2203.4243328141247
2203.6678302458085
2204.138125868517
2204.5441871351545
2204.0750145888574
2203.609298990827
2203.855424824816
2204.2938511253396
2203.887171936419
2204.354119338669
2204.630216129918
2204.9893262970077
2205.4146282620472
2205.1775791258588
2205.7175323413835
2206.0636941577077
2205.807360966835
2205.575878781191
2205.3103074162927
2205.7017461817345
2206.2182036879435
2206.4512242088663
2206.9731055164125
2206.5535725429563
2206.783904118801
2207.164923685368
2207.4910051730717
2207.7736777160662
2207.4896529568996
2207.2490770291324
2206.9989597682893
2206.7179037998026
2206.3761123856793
2205.872763245038
2206.1010927146754
2205.7326367607357
2206.0717041375924
2206.3138412854555
2206.6984513957696
2207.012854068797
2206.570343967159
2206.814240622551
2207.3106981253786
2207.569302945579
2207.177745948138
2207.6339429231152
2207.8547141057215
2207.6081838757436
2207.159406867064
2206.6829996021415
2207.1949306172005
2207.4584318438533
2207.2302049401374
2207.4608339182073
2207.7626737256146
2207.985953431467
2207.6631357467236
2208.181300940341
2207.91114263217
2208.187300481409
2208.5847890043046
2208.9603259821006
2209.4514690229807
2209.827341745286
2210.136686763714
2209.7506310074264
2209.3606598644465
2209.079985814811
2208.774452581808
2209.215527758334
2208.8344138699354
2208.395727356518
2208.8509697494924
2209.071958297014
2209.4211451686174
2209.677613192166
2209.4528883183543
2209.6785073537526
2209.9162148891155
2210.193410784948
2209.8885863601417
2210.1145173975715
2210.474948344114
2210.211436923126
2209.967922584761
2210.228257252508
2210.7082130430745
2210.4211344432215
2210.898197475031
2211.3297258461307
2211.5698939235645
2212.0592067089956
2211.567369886299
2211.872476658879
2211.6260016388687
2211.2470019584503
2210.7430398238903
2211.0438544367307
2211.2672021821068
2211.6261501456506
2211.8536695253742
2212.235177287431
2211.8057806655306
2211.5486546232505
2211.810205219804
2212.0485627380212
2212.3419888332705
2211.9015391053895
2212.3174774885606
2211.886827394659
2212.411707787629
2212.8503391767676
2213.1503272446216
2212.6043025155527
2213.1160108212334
2213.5749552131247
2213.1544843847932
2213.529130188288
2213.0774074569977
2213.589099822046
2213.9242286859007
2213.538081336909
2213.7594477354264
2214.079227300335
2213.8064945928586
2213.331944716675
2213.056986048312
2212.615842621548
2212.9111275886235
2213.22339939298
2213.5634480737363
2213.8416981356127
2214.1417185469854
2214.4125055251893
2214.851857789429
2214.6174179952
2214.350037840408
2214.574589923781
2215.01975290817
2214.720841947087
2214.957192199783
2215.213246476644
2214.7791565933553
2215.0859044652016
2215.3881876600994
2215.7772942331803
2215.3316069869607
2214.9085026555636
2215.201162292674
2215.428562891065
2215.661508956835
2215.2677543817613
2214.933610255545
2215.363357225841
2215.666246979486
2215.2476307125744
2215.617604121311
2216.0249410641495
2216.2603647388587
2215.978736938968
2215.722439754804
2216.004613947677
2216.438174684111
2216.15498681805
2216.460117233262
2216.728800064402
2217.2074770941126
2217.6366863257067
2217.3789829525513
2217.616386309464
2217.8695711257583
2218.1613735773903
2218.5605718579777
2218.1415416805157
2217.7168588167624
2217.9914786642953
2217.605288538666
2218.117156077164
2218.6260745508953
2218.332415300133
2217.9405727357607
2217.6348722902017
2217.9690454699007
2218.2845751095465
2218.638502433192
2218.881789949095
2218.6470911397073
2218.8995505738117
2218.636823065635
2218.871993953449
2219.0950272028003
2218.7930734384554
2219.1981206312894
2219.7323579136987
2219.3276558966936
2219.6450175586665
2219.8676956056947
2219.44323098335
2219.7216580314
2220.1096760752466
2220.3415088582046
2220.633139899385
2220.297511829086
2220.072642113068
2220.4636838575834
2220.0712373440906
2220.396504016591
2220.7104045373094
2220.254328501938
2220.5652775764365
2220.3158450312294
2220.712159828771
2221.172849649599
2220.7614538173907
2221.1918546693546
2221.4531787553383
2220.922698130687
2221.3154872767864
2221.5425320690697
2221.967139639844
2221.594887742999
2221.8179207710687
2222.194080899078
2221.707847392837
2222.2197916090804
2221.837224788731
2222.1052525701725
2222.420862100496
2222.662547581736
2222.2553372762245
2222.6625731591676
2222.8855132313583
2222.333961236477
2222.5586209442954
2223.017835931524
2222.4808197426883
2222.7314712813077
2222.971680546809
2223.1945567145244
2223.4278868028214
2223.12420654713
2223.3807978092173
2223.603383575615
2224.082863839373
2224.412318869806
2224.0301701542667
2223.7026715225284
2223.2063693770574
2222.709172953083
2222.260910429605
2221.8871267212703
2222.144300282425
2221.8186525078204
2221.5279789603287
2221.3014365466893
2221.528762187488
2221.9658203823665
2222.2205670283815
2222.562766049067
2223.094578484846
2222.8655577995182
2223.2835752056517
2223.03228664972
2223.494552844956
2223.808918242597
2224.205510502782
2224.4570273887994
2224.682973699106
2224.9226102536772
2225.3017161775456
2225.6490040310296
2225.877698745252
2226.4307567355368
2226.723341258134
2227.234233733584
2226.852261095057
2226.487409164546
2226.192641037159
2226.6910649060483
2226.3029414509674
2226.7679469311456
2226.4234011508656
2226.7490665848936
2227.0686099320965
2226.758796839281
2226.4825532160758
2226.78688495121
2227.1878818324185
2226.8636210802792
2227.207862124919
2227.446332585129
2227.907107191412
2228.4167839131014
2228.191813393328
2227.750673952504
2227.989651001627
2227.450443365759
2227.1989542692104
2227.4422216703297
2227.11098482934
2227.4203809899727
2227.6671687101243
2227.9835863687726
2228.2126680960896
2228.5680605697917
2228.333964831075
2228.7148931897104
2229.2467434933988
2228.7838083821875
2229.068517761065
2228.6633514765454
2229.0403526435002
2229.3031394587065
2228.9938561259246
2229.4657495321376
2229.231245069321
2229.618290056084
2229.368745880761
2229.682391066856
2229.1273909613415
2229.3606778307267
2229.6521662946748
2230.078144132481
2229.760929106224
2230.0364218242084
2230.5934455950423
2230.851244609699
2231.1764253998103
2230.925110870874
2230.6389543487835
2230.3692949337556
2229.985147392418
2230.4011599454
2230.7545481054735
2231.000930734884
2231.2685071913716
2231.0453697879348
2231.3046789340883
2231.5968946036883
2231.366847299076
2231.0276567605974
2231.304153890105
2231.5443061928395
2232.0203972359727
2232.3817963880615
2232.898121817989
2232.3519878766633
2232.771134181545
2233.029928767278
2232.780306510934
2233.1421313895985
2232.77183228838
2232.995134607551
2233.237435981994
2232.886074342776
2232.42373297707
2232.042995447228
2231.808840238028
2232.057807960291
2231.514774186993
2231.8373202003263
2232.065060813088
2232.296835573234
2232.6722969666266
2233.028952299261
2233.374691681192
2233.6554809566187
2233.428488425751
2233.8755259742156
2234.3737871966987
2234.10007400691
2233.7814701547727
2234.029070490191
2234.409011730829
2234.7452692935244
2234.9710414112164
2234.7244328529523
2235.036105000515
2234.771928702167
2234.5429431572484
2234.210478008382
2234.4341894496483
2234.7133507242156
2235.033252865842
2234.570708888977
2234.319319306471
2234.7238365003755
2234.478499814676
2234.9752446009434
2235.280541483766
2235.5165636799384
2235.9366801068063
2235.473827793809
2235.7414069659853
2235.993428275899
2236.2216420679174
2235.7969642432668
2236.0206823997687
2236.353181717488
2235.9476209026448
2236.2770471462563
2236.57626322309
2236.251345662402
2236.6655862132993
2236.406143338341
2236.820259564495
2237.062835326366
2236.768563685508
2237.2500850342085
2237.6342131670945
2238.023645883864
2237.735537860631
2237.4728046934542
2237.707343986788
2237.267821033983
2237.534856785547
2237.1136491328534
2236.8379556969408
2237.3691904399566
2237.7565900660447
2238.055096639749
2238.3491378311405
2238.842533725397
2238.6101566668576
2238.947270365923
2239.4407818248346
2239.143957538079
2238.810259002398
2238.265325456355
2238.656041400986
2238.319499449056
2238.614460811416
2238.171037160543
2238.66453416461
2239.1313642841133
2238.7813950235077
2239.0988550799007
2239.4825010055238
2239.8114715795587
2239.42533496598
2239.700478781955
2239.414881421018
2239.700446716401
2240.1946016171473
2240.4914482691747
2240.7272166357047
2240.389204075885
2240.0848754324306
2239.837412588199
2239.5824600627348
2239.3498948624037
2239.0408989540465
2239.301284785324
2239.5390214801982
2239.9723289781737
2240.5315117812384
2240.2930592388147
2240.6897646606185
2240.135895597
2240.5578325782967
2240.787202057201
2241.3244319753335
2241.6163810299186
2241.352091435095
2241.579107518231
2241.982516253109
2241.566713148345
2242.0446204392993
2241.653969900571
2241.8813173488347
2242.1677833384933
2242.5006731023036
2241.944591817338
2242.3717740226816
2242.641531779449
2242.3560657225116
2242.655217040985
2243.0478265635966
2243.5159541718035
2242.9948807599358
2243.4687196366117
2243.7786991537814
2244.2465982639046
2243.7612809587363
2243.4801597137
2243.197296029386
2243.6432916396857
2243.3941755297096
2242.8650919134216
2243.334023013716
2243.6381239272605
2243.0828307432407
2243.376087934544
2243.617094705628
2243.9568378255194
2244.354860484103
2244.754083365931
2245.099879370263
2244.767708588304
2245.0871082994668
2245.32863392291
2245.093475954568
2244.841596063781
2244.5792429227995
2244.8176469054356
2245.046417519561
2244.6848218409327
2245.243085541754
2245.4688682074257
2245.7399005865814
2245.975529343326
2246.252439289962
2245.76681520106
2245.3622507806203
2244.8194274881976
2245.0741628928813
2245.333983369668
2245.5805497939577
2245.9572555826294
2246.3150756980863
2246.804420534149
2246.544592739226
2247.0162641945412
2247.2755606879077
2246.964114459434
2246.681222859163
2246.206782481523
2246.478413539479
2246.0293765863844
2246.4448111113115
2246.829623952862
2247.113213982732
2247.4243833987944
2247.8712467835476
2248.096083301056
2248.46324190736
2248.9768383354376
2248.519156907296
2248.107249453188
2247.88026024091
2247.634334778545
2247.8743262601433
2248.2652234154953
2247.993387290581
2248.382054483321
2248.9059784445217
2248.5040847894224
2248.7580555536574
2249.2158920428315
2248.9655550054135
2249.34886804175
2249.6782981476013
2249.190476016965
2249.475113790344
2250.002839004842
2250.532432519974
2250.805710679812
2250.4738903439206
2249.9175489947947
2249.4302412055913
2249.8434586410735
2250.27871973112
2249.8173144543143
2250.114069831661
2249.8133464406706
2250.0447553202794
2250.3858452183563
2249.9459085728145
2250.4999929297173
2250.7545487610305
2250.241094120554
2250.729517335427
2250.4267063410493
2250.792878007126
2250.540599046725
2250.228574137614
2250.468429874028
2250.773540035878
2251.0704564320267
2251.620223362533
2251.2288764063596
2251.586468729096
2251.360515841724
2251.6695475515176
2252.1036367224415
2251.669496044855
2251.9201126521093
2252.2930189485783
2251.926561575363
2251.5801781506398
2252.005311438064
2252.240051807783
2252.7502468048897
2252.313062274922
2251.87785179108
2252.1322696072443
2251.7383975830153
2252.0473807684116
2252.4287920164156
2252.864031167604
2252.5812917793833
2253.0204896397076
2252.724692551643
2252.950050618775
2252.567373432719
2252.8242143680736
2253.1912155505097
2253.4623280907017
2253.7040843783457
2254.00486911914
2254.5404795341883
2254.290038385798
2253.974420457031
2254.335611465847
2254.0401287428467
2254.5368392721157
2254.809564464997
2254.541477888494
2254.1383854681108
2254.3971234290566
2254.66188082996
2254.9036041864915
2254.5706036783145
2254.9525760294814
2255.193102901184
2254.6566138177895
2254.8843011299914
2255.2201561682673
2255.670232823287
2255.906043120056
2256.3507450970856
2256.124869329118
2255.8715042591216
2255.472600419871
2255.742335372614
2256.2873607415418
2255.9059460941294
2255.643819863757
2255.8824153634528
2256.109210424654
2256.660552754581
2256.8878016705225
2257.1170942020444
2256.689000863127
2256.4600851402474
2256.1278123820293
2256.465680124314
2256.234621464397
2255.9848254565536
2256.272770000605
2256.816968285905
2257.2857500582563
2257.7437203212653
2257.265620592073
2257.689115337283
2257.959478772318
2258.4649304157338
2258.156173087143
2257.7654885375705
2258.088637301594
2258.3144473309435
2258.074208273234
2258.618880076302
2258.8449283501573
2258.527368639714
2258.2950237458667
2258.5528827915296
2258.319498401233
2258.8234702443187
2259.330723449431
2259.039488608684
2258.742079968782
2258.270476620897
2258.7300306364978
2258.967684917181
2259.3734176720054
2259.8986554398894
2259.3357965918044
2259.639839127191
2260.013772677451
2259.550210237328
2259.800965510488
2260.0518659917425
2260.571508784082
2260.069860859454
2259.8312177931293
2260.069316878659
2259.705887065845
2260.0695344834558
2260.308190418096
2260.82395836446
2261.3127687449287
2261.557170131813
2261.1842822028084
2260.8649348047916
2260.3561923684165
2260.639512025498
2260.9335576364165
2261.2613470243236
2261.784478273094
2262.2486699444016
2262.8133866948065
2262.291284241507
2261.8610064937857
2261.3406945785237
2261.7073467208147
2261.465653915013
2261.725087006603
2261.4039232487476
2261.637167372375
2262.0107897781604
2262.301253435768
2262.59203640675
2263.0301506753563
2263.296780111951
2263.5515394579847
2263.3123260782572
2263.5442440450197
2263.771454453603
2263.4941117515555
2263.227549864902
2263.454498588683
2263.6939674574814
2263.19109760776
2263.498568597028
2263.888499185763
2263.5181819391696
2264.0676383175087
2263.6489679511537
2263.3333373163637
2263.086475489938
2263.363359825499
2263.747470703233
2264.029133144901
2264.333850034696
2264.6103686610386
2265.0238332970275
2264.7319901260817
2265.2556032792336
2264.9053737127106
2265.192357552067
2264.752281129997
2265.2776294864575
2265.5042008960845
2265.2757355524786
2264.854933850689
2265.1462706713396
2265.394683542763
2265.6223760947837
2265.3898917885986
2265.617700887
2266.1643997253
2265.8590711486545
2266.0873038102895
2265.859326135751
2266.1794595649453
2265.9519527697444
2265.5319995049526
2264.986001774895
2265.225909527812
2264.865194033377
2265.20774374669
2265.4349746144926
2265.883811672688
2266.190324259975
2266.6938679095542
2267.2143471955105
2267.457136327232
2266.8988719586014
2267.236450576345
2267.5096194584294
2267.1095885021223
2267.3769266762947
2267.608820727119
2267.8737001489458
2268.1074735927746
2267.7955382463592
2267.558839223529
2267.8822052036917
2267.573440737891
2268.0967382150598
2268.390908823327
2268.7348425540786
2269.0975202851587
2269.6534611481043
2269.99239783165
2269.7525583355387
2269.4591144936667
2269.1844748851095
2268.657546410463
2268.896211578423
2269.132188677993
2268.727848128678
2268.2213764137073
2268.4486613413974
2268.6952938875315
2269.005702834872
2269.522349017748
2269.0802484905807
2269.362584625749
2269.749594613387
2270.0953562997715
2270.644532069726
2270.34123410392
2270.054280730647
2269.7674667111855
2269.3719493978547
2268.9286537631297
2268.566051580386
2268.977619920648
2268.510895405735
2268.7377643272357
2268.98212903092
2268.5339478119104
2268.0458405075337
2268.3907335184867
2268.8749929978017
2269.277521853808
2269.5867025465313
2270.135179661976
2270.676128350299
2270.9293651467074
2271.272895545576
2271.500031113015
2271.136156641772
2270.874491829652
2271.4206452485373
2271.670516154385
2271.9841478900707
2272.4677778390965
2272.084485381395
2271.6361842127226
2272.092016710949
2272.564360334354
2272.245220939869
2272.487144443929
2273.0010365240096
2272.6625762839262
2272.9818817949936
2272.629241217364
2272.9166782052544
2273.2639845111767
2272.8045617650228
2273.146705546353
2273.6987411769855
2273.414966537884
2273.9750277023927
2274.4962631210124
2274.839712153301
2274.2996488480844
2273.8196294871655
2274.2490477541855
2274.6670287940356
2274.3263066047944
2274.088046250984
2274.5152786653175
2274.877032086094
2275.108093129534
2275.3494667334576
2275.113140313808
2274.7812714556994
2275.0311317027567
2274.737726750389
2275.0036069016796
2275.23339192584
2275.6407095397967
2275.2859843433585
2275.6102048903067
2275.3565670021712
2275.034759869248
2275.2896034591104
2275.045829612002
2275.433714189891
2275.9959026552606
