0 0 0.0 1.3587577266594368 562572.9086479566 2.55
2146.3026099358112 2146.6539553774933
2147.0818202424434
2147.4466145686824
2147.1864381493274
2147.494821760042
2147.225158854847
2147.471467773052
2147.688321398162
2147.3490696108574
2147.8068153595527
2147.396893949313
2146.8727267428676
2146.4574849350734
2146.6781302156674
2147.1608266433054
2147.3905819275533
2147.682963480727
2148.179160229791
2148.7080928934743
2148.2193885276342
2148.434872962286
2148.6521148845645
2148.9935233139954
2148.748945337561
2148.3442355478983
2148.736778831531
2149.0413399213967
2149.537440047592
2149.2844850343504
2149.6125399406774
2150.12119033669
2149.5868675958404
2150.045492861454
2150.501919936203
2150.7477678614086
2150.517474232375
2150.1151111347253
2150.563429392183
2150.207644569874
2150.6099032087795
2150.2810798720006
2150.790447060692
2150.2554623420415
2150.7426714467138
2150.4002943376977
2150.6323311112387
2150.879779301761
2150.3859279887156
2150.8076601251187
2151.1133564734996
2150.761462729114
2151.026558404015
2151.259555182373
2151.4884616642044
2151.2208275601433
2151.7123364589756
2151.9289698701714
2151.4852540752904
2151.869625848834
2151.4312544138106
2151.932487315934
2152.4640989206714
2152.1081575327353
2151.880404623846
2152.2756722685012
2151.9445090334893
2151.69786599378
2152.031571324756
2152.2658173663194
2152.7931592922455
2153.122774889584
2153.3989286077876
2153.7534453437615
2153.322284919726
2152.8755367764147
2153.2478621237096
2152.9637774127027
2153.1795953330434
2153.5638008722008
2153.146037715055
2153.4371116383345
2153.790382635488
2154.192858157185
2153.766133622825
2153.982398749696
2153.612830737444
2154.0231679778562
2154.4708476722826
2154.2553216893757
2153.7440441855756
2153.9818877426537
2154.3112918800184
2153.9198103659905
2154.191123740164
2154.6260620381167
2154.859631956603
2155.0752941763403
2155.403666172775
2155.0901361598976
2154.8626424773533
2155.2386820828856
2155.6034559080263
2155.316191055173
2155.572085437161
2155.328267754166
2155.805426504215
2155.3930919746663
2155.703163623323
2155.952499513118
2156.29305269255
2155.916836005137
2155.6390507695305
2155.854688592175
2156.2903053604587
2155.926295745092
2156.3943370685374
2156.626918886765
2156.923018812454
2156.7067972274617
2156.2983808889826
2156.7346688005637
2156.9804747057997
2157.4159203636987
2157.073326860162
2156.7123596802744
2157.0513329763444
2157.434111201764
2157.6501031130974
2157.270214362735
2157.61423661521
2158.1250579998086
2157.859356831603
2157.399705609328
2157.9358962256542
2158.1947781920153
2157.9788954479636
2158.459939892125
2158.1389532877015
2158.36991005464
2157.843700117024
2157.4700489595093
2157.8268595356276
2158.0506247579037
2158.5353992111004
2158.8765479118256
2158.630191159731
2159.1310509266054
2159.5206227011
2159.1674038008928
2158.884017199234
2158.6277749173387
2158.4067445171268
2158.013507460199
2157.6915165933506
2157.347164709619
2157.721213417976
2158.0973877263887
2158.3593101050656
2158.62870682218
2159.150771855217
2159.4440054788683
2159.6634670068415
2159.895773519181
2160.17773941685
2160.4476635892815
2159.990423354497
2160.2754345026938
2160.5826179786204
2160.8643995067746
2160.549464179497
2160.2393592034837
2160.611979969348
2161.138807898041
2160.6422608350413
2161.0777037647445
2160.8487399046285
2161.116737052851
2161.334217704113
2161.6279585473685
2161.3707432595515
2161.1540540065057
2161.4329309736463
2161.783207804957
2161.3681493589515
2161.1496150084217
2160.6365479858373
2160.4139603932117
2160.7947128132473
2161.2817818619174
2161.4982342067256
2161.8331412945167
2162.1897013067355
2162.4105991011565
2162.631285356434
2162.929181399091
2163.1948466483627
2162.9620175611617
2163.281100435482
2163.817037469504
2164.1140263805833
2164.3998906543115
2164.0028748591485
2164.270961517382
2164.4936531382536
2164.9235835233007
2165.2520456091634
2164.944638720527
2164.7030975977336
2164.447161635867
2164.211460761433
2163.714593991813
2163.1926251229775
2162.6835680560966
2163.0769816230827
2163.2980504678653
2163.593255235235
2164.0073076170265
2164.332410546099
2164.783398334981
2164.4589025615714
2164.9163679875355
2165.2583610468146
2164.952732241215
2165.232356437113
2164.9687581132753
2164.718370186074
2165.065159848871
2165.506225077709
2165.8382149859967
2166.2961587606237
2166.7216494675877
2166.938501491681
2166.7209283525945
2166.3753445014645
2166.100902674836
2165.703691820516
2165.924343480471
2166.3535330711165
2166.6142710634363
2166.361128358416
2166.0546423570186
2166.4033880308275
2166.9116580213654
2167.1293469037955
2166.912415616062
2166.5760775704316
2166.277146377329
2166.5138836232964
2166.924095580391
2167.276621794372
2167.540165549587
2167.8530248807047
2168.0705048989034
2168.5640606055263
2169.049693415191
2168.714102365999
2169.103566032608
2168.856854433274
2168.530023486232
2168.9465180721522
2168.72563622956
2168.4599780387466
2168.128015558298
2167.8305165655947
2167.463034738103
2167.236739623849
2167.740923787523
2167.2635490482
2166.9195986027044
2166.4526625054004
2166.2215511274976
2165.8224660408932
2165.357678642983
2164.8635166199506
2165.14949453176
2165.4116145064822
2165.6906570390365
2165.2473436189393
2165.4894445212453
2165.11960722175
2165.378024301525
2165.7387101685863
2165.354484952691
2165.712031823597
2165.262798597429
2165.581846778572
2165.9692432168845
2166.4244709659692
2166.7401110016776
2167.263191134219
2167.5259623473603
2168.063338932873
2168.309186679767
2167.914138854135
2167.6404461110237
2167.998724541053
2168.280961457401
2168.509889058176
2168.162676915957
2168.5373694734176
2169.0571696720094
2169.5981805964884
2169.8178906380413
2169.528228838014
2169.774228347431
2170.1331326112772
2170.661592726919
2170.8860756523027
2171.1228549796624
2171.598137406562
2171.9891685302096
2172.228212677762
2171.980779568811
2171.49540461728
2171.986305692541
2172.3358678553577
2172.654063747798
2172.3318927222404
2172.6317431116454
2172.8952506057567
2172.493766226903
2172.818150723668
2172.600296807083
2172.997923588325
2173.2471540369447
2173.4655913205447
2173.2322019575968
2173.492097424209
2173.2074435494424
2172.7309191687996
2172.971352191373
2173.4801033853396
2173.702368870065
2173.9261175599854
2174.2582655154088
2173.9732430485897
2174.2694764770845
2173.9566410547873
2174.407884188883
2174.1825234345006
2173.942322231872
2174.412763494698
2174.089960299052
2174.3077172195253
2174.7715265883617
2174.5043313294923
2174.2068784533544
2173.843682998395
2174.1270489639287
2173.675608591041
2173.353716436762
2173.571088764613
2174.006595494443
2174.391187527324
2174.625134187756
2175.0312471451543
2175.2755069476793
2175.5409066692214
2175.9264122832274
2176.4362297891944
2176.7616236594863
2176.3062110991636
2176.0826198035143
2175.8399902678893
2176.06685779318
2175.849075272184
2176.0790103074482
2176.4302765770776
2176.796585604639
2177.167840552054
2176.8007453587443
2176.4664307181433
2176.7867671285094
2177.2265359833204
2177.6791934633493
2177.4576201224495
2177.008400714286
2177.2751826940257
2177.566209767598
2177.1107491655266
2177.4290926457797
2177.64749571613
2177.374501800884
2177.877547989822
2177.5408245402523
2177.7875485937284
2177.3382812950313
2177.765132132173
2177.321623049478
2177.074246685736
2177.517057814175
2177.298061102537
2177.6539440320335
2177.8755267934894
2178.3114381867254
2178.7166086664374
2178.3178341176726
2178.6099870738453
2179.096366960806
2179.315596053257
2179.5445430760615
2179.325200199917
2179.1005229010852
2179.352637360353
2179.119269231621
2179.3619926223005
2179.6312473742028
2180.0522569638706
2180.5008998036406
2180.105177564791
2179.8099245137832
2179.432164654476
2179.653437386525
2180.157931197278
2179.6302682587457
2179.9872733901634
2180.4562751357157
2181.0004087214893
2180.7178078855586
2180.358563762592
2180.875934928361
2181.314024940732
2181.0253721793656
2180.7733407631313
2180.450876850093
2180.834008099868
2181.176506398248
2181.4059300554172
2181.6354428227896
2181.4048897947837
2181.892790539438
2182.1249224437133
2181.9026380513233
2182.1545746797747
2182.6984687116847
2182.949385344242
2182.6884287183975
2183.0918601101503
2182.721051981076
2182.2996144663157
2182.0627898873554
2182.4844941827787
2182.9525934269027
2182.556451661685
2182.9309169111507
2183.169025347751
2182.63001045219
2182.849861555915
2182.496927335244
2182.7866118194306
2183.0086881474485
2182.5253275256987
2182.7927076363094
2183.308496146429
2182.985445651671
2182.4425479904535
2182.774652034158
2183.143401884872
2183.630199598149
2184.1049753441994
2183.827077489476
2184.066615105698
2184.4972558796144
2184.216167843298
2183.8543935238276
2184.3219055155137
2184.0403538174523
2184.563741414801
2184.0920291616603
2184.6183239321695
2185.000617768097
2185.3112495564255
2185.545842187354
2185.2957308997084
2185.6662420234875
2185.2758333848687
2185.05585386874
2184.7391497068625
2185.08336103648
2185.396137992081
2185.628536441843
2186.088549442022
2185.5577792471327
2185.7929066172183
2186.1784222954616
2185.9559336438597
2186.4416026017575
2186.939361227614
2187.3240693260823
2186.7904605448493
2186.4501943963223
2186.0645315834854
2185.8323768050186
2186.091517068917
2186.3844573638885
2185.86322315662
2186.085647037032
2186.3129506183004
2186.0438510252493
2185.822023300642
2186.321091606528
2186.7089562754295
2186.989933144667
2187.32936623539
2187.060892388365
2187.422760012933
2187.043412974853
2187.4962407284893
2187.000145751918
2187.446648990754
2187.963835509667
2187.7321862352173
2187.4401377111776
2187.0223379535664
2186.5421327160234
2186.2302040378777
2186.7726154677925
2187.091449631166
2187.3288347012594
2187.6903498665724
2187.451066769484
2187.73503727543
2187.3778853127346
2187.8863669802677
2188.1064189861986
2188.573581058142
2188.878603347102
2188.6253535988503
2189.004022631992
2189.2680843352828
2189.0327619914005
2189.575772007368
2189.2067959025835
2189.682343514214
2189.9746018639867
2190.2042661621117
2190.509175779079
2190.7322803105653
2190.3687920263314
2190.1181636408373
2190.349273376125
2190.601104438277
2190.840872226157
2191.0671660229923
2191.306080432703
2191.026899706529
2191.370845097507
2191.150318882291
2190.7535502394708
2191.1978798266036
2191.4276278663565
2191.135277291402
2191.3628027533646
2191.7663708783457
2191.986112571381
2192.265097521096
2191.953768091256
2191.4877584656792
2191.713374525949
2192.1816873636835
2192.70341622754
2192.94510182929
2192.724785924915
2192.9447973308133
2193.3307109334373
2193.0602142995203
2192.818778850549
2192.5900401129747
2192.9685652193584
2192.7475129672507
2193.0812399483398
2193.5634714959997
2193.1096641542067
2192.6284347450373
2192.8575475499933
2193.0815841015383
2193.3083921194666
2193.087165063197
2193.306746810406
2193.72297624948
2193.9710969944076
2194.253265727771
2193.8839153877375
2194.1777925002093
2194.7129813608167
2195.0106699971166
2194.713023696196
2194.4668938519876
2194.822349897496
2194.3646585030124
2194.7713191315775
2195.063135698194
2194.8268860908884
2195.0961616920804
2194.6626799849632
2194.8859393520183
2194.564362739845
2194.8204343213188
2195.3216762819666
2195.0851788191844
2195.631332377047
2195.8995048344605
2196.2630757740235
2196.5570697772905
2196.320444257004
2196.0750380762584
2195.7061085589057
2195.9470419037716
2196.169683896984
2196.519088846028
2196.747873630641
2197.0617211266513
2196.835430718173
2196.5268028956325
2196.96307398586
2196.656016727712
2196.319232077426
2195.889502679459
2195.6673716581076
2195.888214084533
2196.1894925206875
2196.674988597304
2197.0577168992454
2197.3296595779266
2197.5494691973913
2197.283921187629
2197.5801635895673
2198.0958554825215
2198.5959461122034
2198.370836518978
2197.8858093718954
2197.4697918044894
2197.7408981761473
2198.0884273436345
2197.6190759631645
2197.9940821499094
2198.47809213788
2198.0658576611518
2198.319931326033
2198.7963522569844
2198.2645150681424
2198.672164104828
2198.8934348404596
2199.1756303941374
2198.9281674142007
2199.2923541198284
2198.8736602282697
2198.5765066061
2198.959146747604
2199.364851735082
2199.6066086896535
2200.109526518057
2200.4906282737043
2200.006015664636
2199.4935644353423
2199.721851520858
2200.0099191108748
2200.5588359499793
2200.0855978274644
2200.41475211358
2200.7543434387417
2200.4307174544883
2199.9634304347314
2200.412015571943
2200.7292738104907
2201.152158765949
2200.6171730959154
2201.1418361002234
2201.472979487215
2200.9694321587303
2201.189925256068
2200.8463645968636
2201.0958417150914
2201.6228304126603
2201.35636688365
2201.903550770941
2201.570218531164
2201.162974825914
2201.525419380572
2201.840093511602
2201.587086234292
2202.053654673656
2201.6282753141068
2201.8606500332708
2202.2154616656258
2202.541616623305
2202.302712001011
2202.636835991183
2203.0701011591323
2202.622921276942
2202.8710863575925
2203.1075352832445
2202.758129342275
2203.1195026894407
2203.5261347002875
2203.110366197005
2203.589767469278
2204.003909296931
2204.2362165149566
2204.495780037797
2204.762722608888
2205.0870694263285
2204.7078462435766
2205.0929085096423
2204.8092961610096
2204.464100257553
2204.805685203159
2204.537221789778
2204.314119306322
2204.0663342257308
2204.287672667993
2204.660918453529
2204.3640397225054
2204.860812720635
2205.09266970547
2204.7530007927116
2205.2902886495017
2204.9179335992694
2205.1837423849015
2204.8885594111707
2205.1505593431166
2205.4830043890597
2205.2137820809467
2205.4591883418425
2205.7560152433816
2206.057786007709
2205.822477527139
2206.218969212195
2206.5393190714512
2206.9629258320088
2206.493079940902
2206.982636289796
2207.5051287723777
2207.2822590389997
2206.827804905785
2206.5720340511384
2206.255681803797
2206.569109594847
2207.024580459234
2206.6840644231993
2206.9464568223934
2207.1743278660138
2207.396264431839
2207.14376089998
2207.461121008985
2207.183772955793
2207.5108207821054
2207.7444154123823
2207.5234515021893
2207.853916542069
2207.5060538257408
2207.805239215438
2207.448991500899
2207.829090557734
2208.2627127491064
2207.8828887421496
2208.2856154321867
2207.990061285793
2208.3754995898225
2208.11741194113
2208.3383331461296
2208.086756574744
2208.5440543515983
2209.083902651585
2209.5962781457197
2209.1110858007255
2208.8841052973676
2209.1062454655903
2209.5598084384837
2210.0450465593176
2209.621614589518
2210.1388881915886
2209.6501301727562
2209.125249929723
2209.4100893423224
2209.8726513613137
2210.1594932826806
2210.4711317197007
2210.233635841339
2209.9020064333963
2209.3827693449175
2209.6506317392827
2209.3768857704154
2209.649793663575
2209.9173168375837
2209.6803494457527
2209.972589156774
2210.4087702137717
2210.6362264969434
2210.894396792675
2211.202973500202
2210.790382509716
2211.1679314642
2211.4656054793422
2212.000372151645
2211.7772648116807
2211.370706021725
2211.1051754972927
2210.6858644522254
2210.9076516920727
2210.667891256462
2211.0264742532613
2211.2545029545595
2211.5865155792962
2212.0030072464406
2212.4759054278497
2212.7052824954167
2212.2462623326796
2211.753100595497
2211.3901218173473
2211.0880105526985
2210.7928056857936
2211.0154114489023
2210.73512193535
2210.9724339769555
2211.2304576943548
2211.5420771036556
2211.9066245181116
2212.1355235680985
2212.390910761662
2212.7119932167802
2213.204897925523
2213.672134297216
2213.93770115888
2213.484158800895
2213.240189362747
2212.9742773152307
2212.525646745957
2212.214082523843
2212.4392670058623
2212.670844665393
2212.328623870611
2212.634739022281
2213.0827904561966
2213.346972557371
2213.0526894466216
2213.3468207790334
2213.616822444302
2214.1303813602153
2214.5121785655288
2214.7630605052386
2215.28594208623
2215.6220988136183
2215.8520962075086
2216.108397555328
2216.5736968865494
2216.1778125541837
2215.8424575452937
2216.1051550008774
2215.658974163629
2215.8854563755654
2216.413968965403
2215.8728832225006
2216.2472399730486
2215.913346810008
2216.1613485285034
2216.5896675845456
2216.052548335941
2216.5708246803506
2216.3350449105405
2215.898576345582
2216.198684596246
2216.443691615925
2216.9389727188386
2216.465172601877
2216.9745971132315
2217.2318838413603
2217.5298534206754
2217.0645609294056
2217.2869832634533
2217.6150773754575
2217.201188725518
2217.5047574650275
2217.787523941991
2217.5605593033415
2217.794711794042
2218.0178420896113
2218.269206522359
2218.6713539128637
2218.3990743165223
2218.629007983072
2218.1893961199303
2218.5326545630614
2218.263868118894
2218.5448517781833
2218.8669558715164
2219.1095890507754
2219.5626321287223
2220.0914504077305
2219.7068309267306
2219.9467952446566
2219.5631080470666
2219.099876886561
2219.652508324026
2219.343518089087
2219.6379236001458
2219.28401680466
2219.729831744686
2219.9964664066333
2219.7538232295524
2220.106833075073
2220.5424452973816
2220.208465615326
2220.6688436898066
2220.904068209739
2221.318992707207
2220.9550117995745
2221.3071582775506
2220.7614058288746
2220.5351884416827
2220.772294039739
2220.999973270365
2220.614294929587
2220.924438660016
2221.3322881963372
2221.0517564122983
2221.289655447999
2221.7606297829225
2221.5218070994256
2221.271942774053
2221.5508673776762
2221.875844524447
2221.5384229175525
2222.0547832651846
2222.384612651212
2222.0112493395222
2222.5002494869123
2222.275929856986
2222.7633658906343
2222.3139740385845
2222.5706078649323
2222.2492705254654
2222.474376234206
2222.98346093504
2223.5131824181835
2223.2398526347633
2223.501950002619
2223.826294917138
2223.513976924565
2223.921232329361
2224.2927480346784
2224.637903321856
2224.3516024576243
2223.911140983429
2224.1805731538
2223.899796140843
2223.606670629458
2223.892076574125
2224.190389730043
2223.964760116164
2224.2520136100657
2223.979506526711
2224.2913919389266
2224.5749429734146
2225.030387118096
2224.621317089734
2224.0708954594634
2224.525238719348
2224.9081033718535
2224.558154642804
2224.941059976684
2225.2739415652645
2224.8797005171023
2224.654895351016
2225.030930213344
2225.3018328714033
2225.839526635667
2225.389643473738
2225.9011226406747
2225.507242892789
2226.053452736755
2226.3750566706876
2226.863996082945
2227.151356614257
2226.609574723833
2226.2315568452123
2226.7279208063833
2226.4829808386503
2226.933894762092
2227.189161289733
2227.6964380894606
2228.039297808959
2227.787095928912
2227.550779594447
2227.8240759783266
2227.421766915175
2227.706693646475
2227.3169378928333
2227.6205458119325
2227.3851896301485
2227.7285075741543
2227.505202266113
2227.1710597141823
2227.419097640187
2227.6937860737257
2228.1194407869066
2228.4359813597953
2228.0539439581485
2228.554906183632
2228.9038181053475
2229.1527553779665
2228.6243789380246
2228.392809073647
2228.6226270939246
2228.08758203833
2227.7467415494707
2228.0158588343957
2227.469233366136
2227.168309403437
2227.5211641934034
2226.999817644928
2226.733914406531
2226.963364533567
2226.5608491855173
2226.0180810218926
2226.3799266447336
2226.6699025678377
2226.203136170191
2226.431796397082
2226.968118012746
2227.436306934642
2227.773286867404
2228.0152322674994
2228.5548328585046
2228.826575121423
2229.3060406452387
2228.9155322064
2229.145527398121
2229.40950762283
2229.6487909236635
2230.196861714444
2230.520921007535
2230.8328865084986
2230.5424994928812
2231.03678627462
2231.349736037115
2231.7862699956877
2231.5111338302963
2231.232646131935
2231.600649803856
2231.8526861835217
2231.5866302423424
2231.333218989068
2231.8243494330895
2232.1805814765585
2232.48527726596
2231.97554859811
2232.34670524421
2231.798491185314
2232.0413898775355
2231.573244183846
2232.0117493240123
2232.2785119613895
2232.5061024467686
2232.739020582484
2232.511971545732
2232.75154971996
2232.9756489864585
2232.579770180897
2232.829283584615
2233.0529662461063
2233.2765233506284
2233.013717000594
2233.4802584027166
2233.714516168349
2233.489671679238
2233.913302196444
2234.3445587620554
2234.690817525894
2234.9328214875927
2235.1740532893186
2235.6824572436976
2235.4271187095405
2235.203412787407
2234.7804731684964
2234.437780950385
2234.6712764216068
2234.339459660804
2234.883094183222
2234.501259421119
2234.2740145920884
2234.6519766891074
2234.964524701822
2235.1941764161807
2234.9185693757113
2235.1474081270526
2235.501486936
2235.2695936760483
2235.7445161149417
2235.4780914502057
2235.867167162639
2235.6330074764337
2235.8799703504114
2235.4274416297853
2235.2006508786303
2235.4761701170314
2235.748440171202
2236.060336906337
2236.4353499119866
2235.8928464141136
2236.1913700355335
2236.6621373497783
2236.4304562436632
2236.9250947000655
2236.5747869544557
2236.9130228800377
2237.2704211374808
2236.8051728908313
2237.136756682527
2236.8453558497054
2237.1281063083366
2237.4849261902687
2237.216344971305
2237.689256478111
2237.4346873120376
2237.925591748786
2237.6179323772344
2237.950337071118
2237.7217452538184
2238.1689187553725
2238.656808333823
2238.970033415194
2239.265628174855
2239.5603122622924
2239.294662305315
2239.7218291640143
2239.3223024723447
2239.0757583257177
2238.6179691240163
2238.155515557396
2238.5997970163767
2238.2616695444926
2237.758400244855
2238.0446416347586
2238.2749339284946
2237.8175264279535
2238.0468803836316
2238.2808449861936
2238.5048230172197
2238.91240968839
2239.279809796874
2239.803755323829
2240.0876108060056
2239.5633199917766
2239.2554643539697
2239.7357460796716
2239.970517228822
2240.281389188744
2240.5055042897643
2240.158942911707
2240.6382889796523
2241.0403293927698
2241.4794356228117
2241.1894370647474
2241.4464614514986
2241.7052793040602
2241.2772308631256
2241.031622708589
2241.460876005214
2241.100818284679
2241.53318320432
2241.3036626964613
2241.6384165707645
2242.007568977281
2241.6949814912955
2241.399194695904
2240.87633487079
2240.5029702799307
2240.8973720515723
2240.4099649592076
2240.82072371117
2241.2095334521878
2241.5157590936915
2241.947966264803
2242.2341796161622
2242.6304428026147
2242.8888432237613
2242.5669820371136
2242.806940204281
2243.3375234135087
2243.6091069704053
2243.150863248699
2243.698644860819
2243.9236554814556
2243.6919611783396
2243.312935521377
2243.701599744673
2244.244987770878
2244.4853078280885
2244.079326645736
2243.651445612032
2244.0922350935125
2244.6399090180557
2245.119427645261
2245.4365287637
2245.9720342895857
2246.454207663876
2246.7231483587348
2246.2658194066184
2246.017989376375
2245.787785274675
2245.296931441583
2244.9563946934677
2244.682657722034
2245.007576076044
2245.248819025038
2245.022953923039
2244.489968209521
2244.1446576481135
2244.6907170867735
2245.112502733771
2245.425961468662
2245.8507451296223
2245.5130798190494
2245.7918928692447
2246.2094320452757
2246.6303516559333
2246.2531610231667
2246.5960082485176
2246.149849721332
2246.668313617167
2246.3961887517207
2246.159289139142
2246.6577269750924
2246.193119488076
2246.7341121137865
2247.2706658029656
2247.0045454320766
2246.5897240393597
2246.948456692482
2247.2783180206043
2247.0190176902047
2246.6198826645227
2246.9051875476525
2247.3119436405723
2246.8239558636064
2247.3498727058186
2247.870501950349
2248.2250816939522
2247.7500682986656
2248.163772598939
2247.748986575746
2247.9873292312086
2248.4355679364685
2248.158478035934
2248.423600469227
2248.705911791582
2248.932897817766
2249.35569488534
2248.9552726506763
2248.721136882789
2249.2245796022094
2248.994963694264
2248.6241142885224
2249.048542113416
2248.746155241092
2249.125532187853
2249.3720237638613
2249.8995835296473
2250.3823756508828
2249.898920191107
2249.661035952101
2249.8863388819063
2249.6568805145657
2250.09705879404
2250.5782139891207
2250.265648543273
2249.7600215788225
2250.012658723094
2250.4407188628356
2250.6812970619912
2251.1497706062637
2251.484062746128
2251.001035826924
2251.538225966656
2251.7826161013627
2252.116153783906
2251.597864805053
2251.269502658561
2250.8188765155796
2251.2018577346494
2251.5478181901817
2251.9475920448735
2252.218777740263
2252.6190857118636
2253.1046090683253
2252.7195444987938
2252.491202122027
2251.942816282113
2251.497420980617
2251.7300631510616
2252.1094873972766
2252.4798392345156
2252.827255752862
2252.5704863843466
2252.7974204695697
2252.567297845151
2252.822474857209
2253.0651761996733
2252.6643227113254
2252.117114213644
2252.523427259451
2252.846530825938
2253.3675653671467
2253.1273281337762
2253.484361254367
2253.880469613108
2253.5868817331275
2254.0922093100426
2253.5688876714066
2253.9285859351194
2253.6222182728943
2253.9264810592613
2254.2125849414874
2253.942823455661
2254.366391821799
2254.916793078642
2255.3535476534253
2255.1092522766635
2254.876942589229
2255.190436950369
2254.6676487948603
2254.8975727281086
2254.5732825182627
2254.8309747857834
2254.389340247091
2254.88415988812
2254.574921927514
2254.8900251983487
2255.1559639795537
2254.892078292575
2255.3261485050543
2255.552414473327
2255.1456383945874
2255.6126926589145
2255.9586200483895
2256.190804606784
2256.5387274177683
2255.993297982302
2256.25165820922
2256.0127908041827
2256.3710293792215
2256.8023002379905
2256.576527120113
2256.1946662182195
2256.510815911232
2256.7391421471243
2257.23354750527
2256.9003741402407
2257.2292039640747
2256.894568698853
2257.417077576274
2257.1688660972645
2257.5814648048104
2257.834683504636
2258.287628705639
2257.824997698052
2257.3405914178447
2257.5914545119317
2257.870352743701
2257.643738919538
2257.8985463918225
2258.3356313910413
2258.8116457969845
2258.5434907053423
2259.0011412706767
2259.363426241522
2259.8778221414236
2259.577134742763
2259.342632912039
2259.0983746874026
2258.7342365087925
2259.1050122414467
2259.597970498665
2259.1974996168196
2259.4583580712306
2258.9811779158667
2259.240701743079
2259.5084829869443
2259.739583680316
2259.3603634309816
2259.690891161351
2260.0898325942885
2259.802055621089
2260.0803053962954
2260.316261303405
2260.576547621188
2260.06460291712
2260.3422718457787
2260.8370505588996
2260.5853032095247
2260.8222794939884
2261.3071633550626
2261.533294192221
2261.083480606771
2260.652009285771
2261.1717337404352
2260.9409661290774
2260.6775292465218
2261.23051725611
2261.7459196632485
2262.1271509830535
