6 0 0.0 1.819848258833661 543340.9048208257 2.55
2072.7943271276336 2072.561737754486
2073.02147461286
2073.3766729875697
2073.6094663012836
2073.998468860994
2073.790582683887
2074.0749984899976
2074.287841995712
2074.0597722065127
2073.550087911191
2073.233832062886
2072.8770054480933
2072.4628834383507
2072.8961712766686
2072.6657532145928
2072.303458965917
2072.5767460692086
2072.0892122223295
2072.570793312867
2072.1900289760683
2072.692536448864
2072.405979586655
2072.120849741335
2072.4190222132825
2072.9205347012826
2073.200732612368
2073.53369071976
2073.86087554219
2074.33473895697
2074.549260968413
2074.9639362960015
2074.719497011067
2074.987396535763
2075.384392161014
2075.1479904210096
2075.622535792998
2075.951435694995
2076.175352742231
2075.6834087176244
2075.9036977710716
2076.3603661333973
2076.5772338466454
2076.0736897133693
2076.2865440753267
2075.9881377777288
2076.3041865422842
2076.531316889411
2076.939910192304
2077.3312608148094
2077.7511362364608
2077.4042653591578
2077.1616097783453
2076.7657836155345
2076.9791258025944
2077.4508992272417
2076.944417864116
2077.1537910441643
2077.5447084376815
2077.231983029174
2077.6649404751647
2077.328994678974
2077.536898537592
2078.009224596547
2077.506923349131
2077.9885165774444
2078.20689976232
2077.884202140528
2078.1617880078807
2077.8711173635315
2078.1665057359855
2078.417017239852
2078.196620010329
2078.599891206725
2078.8299606534774
2078.4765072715372
2078.7923648053616
2079.0436891123195
2078.54238285617
2078.2059674808334
2077.9436626647926
2078.4290401965027
2078.1155881372397
2077.7239797567945
2077.327463100006
2077.049130150091
2076.685878551307
2076.3791699560034
2075.860698818805
2076.0741167242304
2075.788075155796
2076.0322537406505
2076.2498107560496
2076.460339174478
2076.831900085929
2077.2211155143596
2077.4938839195474
2078.005737657244
2078.2200778182155
2078.70207137167
2078.956255066339
2079.1708209870176
2079.548546811293
2079.927554332098
2079.719290030647
2079.9433904310413
2080.3022957384414
2080.606972022459
2080.8504626957615
2080.500710933304
2080.772345586133
2080.382651989262
2080.650822269955
2081.105601227529
2081.3740368660874
2081.8221854681638
2081.5851284936575
2081.3244645670616
2081.0765674900285
2081.294074980799
2081.037478167385
2081.284808231366
2081.6997038977065
2082.1525199160733
2082.4791525013757
2082.709156712285
2083.145884406356
2082.6984371678654
2082.9858855407238
2082.7661920269306
2082.3461252702455
2082.5806647049894
2082.353136143698
2082.5990438189765
2082.8924363143246
2083.1062342020487
2082.832681749663
2083.221467449258
2083.459052071673
2083.678300854438
2083.451608804118
2083.9370306517458
2083.621130128522
2083.9036649377385
2083.6288561689817
2083.8524752984727
2084.18581063078
2084.510482711817
2084.1697920459196
2083.9560885537408
2083.4739851812947
2083.6867948908643
2083.902934185352
2084.1117271125727
2084.4388869892455
2084.762876760268
2084.395323483514
2084.854664270996
2085.3197898134767
2085.0580240902364
2085.4587813030626
2084.9418875495426
2085.1848628191233
2084.912844888726
2085.21969940942
2084.851224112588
2085.305708976771
2085.5580379519547
2085.3489714258812
2085.8661242604603
2086.3868419987184
2086.8737504226756
2086.424112452499
2086.212044014507
2085.9771093048075
2085.506766038665
2085.9541270636983
2085.6920799803065
2085.9442654917766
2086.4052239221933
2086.6387124684215
2086.428371961105
2086.77852288351
2086.472493997738
2086.819470198732
2086.406040364101
2086.6262485598545
2086.9200311270547
2086.629611781736
2086.9377092201867
2087.146990494878
2086.8809549913194
2087.1037941716186
2087.319062069367
2087.6978044334414
2087.912680423475
2088.1778919501958
2087.892780156838
2088.214283346382
2088.679297057156
2088.24638596228
2087.8927099097377
2087.523284514546
2087.253136075808
2087.57729414198
2087.0573199201663
2087.278422026072
2087.6075790999316
2087.135948475996
2087.429042275361
2087.682982447697
2087.9178879211354
2088.3148732260565
2088.8108758815965
2089.034059789603
2089.399983844667
2089.6759603380797
2089.973765540183
2089.6874603540596
2089.337746412178
2089.087760710387
2089.3520882064413
2089.775367820085
2089.9847674069474
2090.470783134567
2090.214458608438
2090.562849813972
2090.9837635355516
2090.729104065216
2091.138524379663
2090.919494532485
2090.6963560250874
2090.3900438581304
2090.6113963880675
2090.8280446981685
2090.4169451830016
2090.669387363559
2091.1917017265196
2090.9104586097296
2091.376505220728
2091.143067428021
2091.4840891224417
2091.065756884569
2091.4024843242073
2091.1859526575527
2091.590207884062
2091.17924285605
2091.6214113418964
2092.021224859535
2091.506155607569
2091.718171439703
2092.1035131185354
2091.7853671563507
2092.106832455006
2092.5618311621342
2092.1606785968497
2092.423833347378
2092.7909627325
2092.478507503695
2092.798934674563
2092.3719318217636
2092.6033357531505
2092.8324093622714
2092.4150208837186
2092.8255748749234
2093.071272844303
2093.368534181905
2093.1369404793354
2093.6217285491903
2093.336414000397
2093.659671232382
2093.3994063335354
2093.6488336664866
2094.1537536648566
2093.6820180899113
2093.9127054268292
2094.2275006313585
2093.9820100798947
2094.214931912804
2093.7287949574456
2094.1152139349424
2094.3842090751054
2094.680455557355
2094.4659992436277
2094.9199576873475
2094.4806564799987
2094.73115854777
2095.0567922787213
2094.6076085815635
2095.000084042571
2095.2800541115057
2095.5414805695727
2095.1417501034434
2095.579028348745
2095.210470303946
2094.8235101578507
2095.107674327666
2095.317227400049
2095.558689094259
2095.9966813027213
2096.2247658890083
2095.838888125502
2096.070501677623
2096.3208146635748
2095.8863938830073
2096.3656104814345
2096.045579989224
2096.4427028496248
2096.8406975626112
2097.088350671172
2097.498502743027
2097.1640327169216
2096.92282005773
2096.466374035908
2096.242748525981
2095.8881391056284
2096.1738985639067
2096.383554337295
2096.8285107491456
2097.3465824269288
2096.962964240858
2097.232325189427
2097.684479237372
2097.965707816083
2098.338326229798
2098.5802030394384
2098.24869194627
2097.9131469321946
2097.549025881775
2097.764963148335
2097.978357179907
2098.2387831422325
2097.8742520035944
2098.1076611768667
2098.350898234461
2098.561124924462
2098.2448714825196
2098.5122045519884
2098.8788327398447
2099.2471827151167
2098.990200086446
2099.266593096954
2099.672582584668
2099.453400041249
2099.243435186121
2099.72110962756
2099.2062888747873
2099.6519515344808
2100.0401260077915
2100.266340865366
2100.763205748385
2100.5415560774168
2100.3208374477367
2100.1016899446095
2100.5940040053147
2101.0136626878148
2101.23727128516
2101.573565706702
2101.839175127924
2102.1132227381368
2102.397128186022
2102.640174081624
2102.3670643256633
2101.9270616258696
2101.7168670878905
2101.4955702570737
2101.1233485504445
2100.7060604854623
2101.188460401062
2100.9420030573174
2101.152104222775
2100.9034923765407
2101.128299386015
2100.876837592059
2101.359351891874
2101.576230091044
2101.328893214969
2101.8042756448567
2102.1498255023353
2101.728729359371
2101.952048489298
2102.254599042462
2102.621864618697
2103.1126877086326
2102.621541201446
2103.063690037651
2103.41371771342
2102.946217463284
2103.3175795415036
2103.52812555565
2103.2142926471397
2103.639127426428
2103.4268572456103
2102.9659465611126
2102.543873715129
2102.071239562935
2101.5901514195857
2101.83433279878
2101.454253853812
2101.837632533357
2102.2510690278104
2101.892659322067
2102.160123435646
2102.6391881878726
2103.1537734507856
2103.597267150972
2103.853772526152
2104.1671157003593
2104.464536140038
2104.879783360127
2104.494113059374
2104.7318828040966
2105.0634507892914
2104.5584409351927
2104.783714041408
2105.2235313286583
2104.816748278422
2105.0274781209328
2105.2395407676977
2105.544245260404
2105.1358769192375
2105.487838564458
2105.9247516624228
2106.282902485774
2105.8296615533895
2106.140022137257
2105.8198627968977
2106.0333545312524
2105.792120155559
2106.244184986493
2106.7012675840065
2106.913256647541
2106.653449715148
2106.9116810001315
2107.423346725445
2107.84297074757
2107.611540152111
2107.3041013332013
2107.092190032102
2107.4181517591255
2106.98012603715
2107.305212210473
2106.907594826008
2106.5517725714194
2106.784566259278
2107.1916128066314
2107.4814173418404
2107.8708797687805
2108.2002376662026
2107.912298072058
2107.6199631521213
2107.939384085331
2108.3250407924775
2108.014328433767
2108.447187744415
2108.945417038676
2109.46864492041
2109.823998295748
2110.088589419139
2110.353730698814
2109.8359044105073
2109.570031382731
2109.2929263303968
2109.062484229975
2108.8252895483906
2109.120870578426
2108.6483336715096
2108.134676202939
2108.455659759228
2108.7958208077166
2109.1285226617765
2108.882171988387
2109.2957490457247
2109.6226026760123
2109.868991936606
2110.1495240094473
2110.559974922266
2110.324607768076
2110.606022901317
2110.3932621858985
2110.8993267860324
2111.1613315084774
2110.7735598480226
2110.466670910377
2110.7419617488436
2110.4861915376237
2110.9553005328203
2110.6815897949828
2110.943425694972
2110.6559547489337
2110.9907867860225
2111.259582268461
2111.5830490845483
2111.8102536811884
2111.573969965914
2112.0432513693486
2111.7785356648014
2111.3589331501444
2111.594450896052
2111.82651026129
2112.0659008078633
2111.549430392656
2111.9894923871366
2112.3509653714905
2112.1082367479107
2112.5030986517945
2112.925548418665
2112.426374202862
2112.8958945785485
2112.521858787853
2112.2910561034582
2111.9865704048184
2111.5495265071672
2111.765364599472
2111.4017667665785
2111.086716309813
2111.490019266708
2111.7190477942554
2112.1047446003217
2111.579725688132
2111.906093782333
2112.312662180458
2111.9192113936247
2112.2110435992577
2112.541427426469
2112.815435140933
2113.1505335337442
2113.4257301438975
2113.648485093396
2113.9587321998833
2114.1893861065187
2114.497193419447
2115.0131769532486
2115.3491388413363
2114.8665548321637
2115.1789886743713
2114.7300350410965
2115.042722146976
2114.7993148222513
2115.0108314606937
2114.612720811915
2114.3995350870528
2114.8758399192902
2115.1700918896145
2115.4559631069515
2115.7190321397734
2115.506223200782
2115.2941201861304
2115.5802822898972
2116.0263052998916
2116.2497902079244
2115.916654753392
2116.1649214507734
2116.377301876805
2116.6026379595114
2116.8545244758457
2116.607962821424
2116.307223615251
2116.5369795129445
2116.1608256874174
2116.372505814012
2116.8959397517815
2117.2093531242053
2117.6528761507225
2117.401577240278
2117.6133403406448
2117.265651675036
2116.7746636870993
2117.279343364714
2116.8551811892144
2117.3579070275146
2117.760871431101
2118.2454021784397
2118.7576429062487
2118.425635839271
2118.7049380574267
2118.922297999131
2118.6096159795825
2118.372859227194
2118.123483441205
2117.634935503983
2117.889175072595
2117.546015789309
2117.7669004918484
2117.4525249327753
2117.1425509877704
2116.888992747194
2117.263662612289
2116.990870949654
2117.46521650173
2116.985882956529
2116.5798364954803
2116.8125975857383
2117.04763126672
2117.285967497993
2117.695234989791
2118.0621405242446
2118.3805098552007
2118.6442071406436
2118.9770065338184
2118.618156153336
2118.9533244075733
2119.2046501076275
2119.42498693599
2119.055190956949
2119.5217016747847
2119.821005832726
2119.3100225800554
2119.6306810868327
2120.1372610673725
2120.4475520383094
2120.21526156846
2120.4316654827057
2120.784934005644
2120.3494232392077
2120.5644092065145
2121.04902788225
2120.8129895106945
2121.309884627223
2121.675484847762
2121.9301453192443
2121.457963831378
2121.230910271712
2121.7198759055527
2121.3834808857473
2121.792739598783
2122.2791135563975
2121.9165508612527
2121.667879407545
2122.095431358375
2121.858053075724
2122.095304360214
2122.3941355657403
2122.0607155424364
2122.433821943472
2122.2103523985284
2121.9744756725668
2122.306473721563
2121.8948575828053
2122.327831753635
2122.5798584853346
2122.8884907433485
2123.1129450878448
2122.8631607214925
2123.3499631466175
2123.6078696809486
2123.8248323255875
2123.453440157513
2123.7919405636053
2124.127469602137
2123.9024543911205
2124.3411028445803
2124.113293350475
2123.647605846144
2123.9911587170523
2124.212390729571
2123.996042407808
2124.3929502355227
2124.7143054486987
2124.9496864568005
2124.6472335011977
2125.1532638921176
2124.8791676896653
2125.2219237203635
2124.986318072141
2124.6602638444665
2124.960910127632
2125.2112361312165
2124.9094000144078
2125.2899377472945
2125.607408479641
2125.3619869384142
2125.5880735465416
2125.8499532489454
2126.09261370423
2125.655351334812
2126.1262907912005
2125.6852269984574
2126.18383902851
2125.752959535174
2126.059841484951
2126.3691405820036
2126.1505594117066
2126.3767066164423
2126.9049884820934
2126.664878156254
2127.0384375745602
2127.2887924516785
2127.50682139374
2127.2435651646974
2127.5052793511104
2127.1357331180016
2126.7952949738906
2127.201077441128
2126.9523553938257
2126.7201315663788
2127.0356625251375
2127.416165615334
2127.6339760859455
2127.228417550434
2127.7402899684434
2127.2832537151003
2127.7208084969307
2128.126407623577
2128.502311623103
2128.854587896118
2129.3701912985116
2129.1556987518416
2128.831530714697
2128.4769571343236
2128.2349947088865
2127.943858763492
2127.6047080498897
2127.822164949377
2128.195755850195
2127.773516786886
2128.190919901564
2128.5711630734972
2128.8982316251954
2129.284307699398
2129.032523198497
2129.248356272928
2129.6403802118652
2130.1410702686303
2130.531852687449
2130.8606918316686
2131.1771702048213
2130.914932836174
2130.6850126477198
2130.3465930374073
2129.82257777253
2130.353006871262
2129.827975882426
2129.4920979900535
2129.8149482947233
2129.591721100038
2129.8985439731796
2130.186296342652
2130.6708477234024
2131.0638927324117
2131.346337632888
2131.0852735883213
2130.683116046361
2130.901143046143
2131.2283989388966
2131.448063316312
2130.948220529429
2131.2323120569367
2131.5595448311124
2132.0857155607546
2132.477157881311
2132.138582884474
2131.820707377757
2132.2725394782287
2132.4894285529863
2132.0669208346117
2131.6138765024657
2132.0713120371333
2132.390603407587
2132.1074603469488
2132.486521951129
2132.242013904712
2132.7442768278565
2132.969747296156
2133.185485484088
2132.829998187579
2132.616462751753
2132.9602728209898
2133.425285702724
2133.208434487492
2133.5824791427203
2133.9053419211377
2133.573878488802
2133.247382183688
2133.0328738495814
2132.8044583623514
2133.0180660645797
2133.4195813011165
2133.702028548092
2134.0764742030156
2134.3997238984234
2134.130625744629
2133.917201798423
2133.6515509095007
2133.889664495577
2134.237809481613
2134.522534104978
2134.8997125000155
2134.422480972283
2134.7506492192592
2135.1422746391495
2134.910573781498
2135.1539925231177
2135.631514096476
2135.4067925328823
2135.1203973744387
2135.434163835997
2135.0839403738764
2135.420374348895
2135.0984521879436
2135.3246940737804
2135.5560535166705
2135.8791728621877
2136.0958987660924
2136.328025092754
2135.9395326754384
2136.1671459684003
2136.415356752979
2136.0063748526504
2136.258416243964
2136.4721232457755
2136.251621741159
2136.5147958052075
2136.9867161104635
2136.683148859251
2136.425474557319
2136.8556412065286
2137.301447603561
2137.083518467768
2137.4981895146343
2137.2835341424643
2137.5672012582636
2137.2259543015994
2137.5207122563056
2137.3053585550538
2137.667084561333
2137.330856537489
2137.7081106245255
2137.3856331314723
2137.8038736528283
2138.181860509406
2137.965839095114
2138.1932414354715
2138.6506211677524
2138.9892486147255
2138.646812712702
2139.1215979477365
2138.791734124353
2138.5574934006763
2138.8083677571876
2138.308913494002
2138.5383453443305
2138.763334333941
2138.987007604
2139.466491096529
2139.2457939977944
2139.5157094168803
2139.733288379332
2139.4119628331136
2139.804100304286
2139.533364354261
2139.9378922809706
2140.4650714428726
2140.8419631492275
2141.0836059233443
2140.7605446500984
2140.5392282446455
2140.0972024864673
2140.3570210040716
2140.1408849418435
2140.3951168035237
2140.8762724159465
2140.651773340109
2140.9711373192995
2140.6001669562347
2140.1998361455826
2140.5654967369405
2140.792156771271
2141.010045265367
2141.3898645002964
2141.848621546218
2141.5120457925195
2141.9187528335933
2141.495237417436
2141.7343044545055
2142.0539600101906
2142.511042928476
2142.2414702727715
2142.4755489367258
2142.2299920719893
2141.9445102571494
2142.159250360918
2142.373576530697
2142.6661003083427
2143.058811295977
2142.626732109594
2142.16382847626
2142.4320318985056
2142.6698620287807
2142.317986646788
2142.536131260197
2142.831448494125
2142.5328294448323
2142.913305454121
2143.4472804178113
2143.1522650956604
2142.6718719559904
2142.4520111258444
2142.8956549547256
2143.343813826734
2142.8451342410026
2143.250731717594
2143.468052430922
2143.921620589019
2144.3888738981836
2144.0035875252265
2144.254005072746
2144.7623115543956
2144.475718710926
2144.2540763333395
2143.726296222968
2144.204891100646
2144.5716137982195
2144.151734728424
2144.5826810049552
2144.921330064614
2145.3574765603125
2145.1345447874087
2145.5223639525157
2145.2780457683466
2144.943331771747
2145.43043237837
2145.0996932377443
2145.329474355215
2145.735316999936
2146.236160239049
2146.489467562201
2146.871856575142
2146.3474793528912
2145.881996557058
2145.430275960521
2145.194110250957
2145.568331968248
2145.946567528696
2145.693809690404
2145.935432384276
2146.195102040475
2146.5769982008674
2146.3176332886337
2146.547497325259
2146.9318902932946
2147.246961323278
2147.520378102853
2147.246619486787
2147.768743887732
2148.0831701643765
2147.6238758289505
2147.3880649255366
2147.726629589823
2148.1704526171625
2147.742216325153
2148.0001169372713
2148.3091292386757
2148.6904884570963
2148.4739092824016
2148.8277217420773
2148.611972929412
2148.9476476086065
2148.6390510308615
2149.16805418598
2148.8723276531005
2149.2674874640697
2149.739555977624
2150.1407046695413
2150.3693442698896
2150.027302669662
2149.49664889325
2149.028108927886
2149.265862543718
2149.0357783480877
2149.3123136867025
2149.8059326285725
2149.4071548377287
2149.71362972382
2150.1556186838293
2150.5778704258178
2150.1962955462777
2149.929151012584
2149.707911687585
2149.955745768756
2150.325356496873
2149.874569980945
2150.157619265031
2150.489422215388
2150.9310649833064
2150.604175396897
2150.827024135824
2151.343536113252
2151.6491366606897
2151.426547657403
2150.9228081175197
2151.3088744295187
2151.638886096638
2151.17137411113
2151.4571393849965
2151.8334150091323
2151.3084926202287
2151.685740280209
2151.470538217845
2151.942210292423
2152.383920075625
2152.093927497884
2151.7295204157112
2152.17336464754
2151.7753931328425
2151.527633586695
2151.7481648389285
2152.2442012244514
2152.5140784955997
2152.98564371104
2152.641674832154
2153.078417502976
2152.8248797997594
2153.352242830008
2153.5832178373757
2153.2440968585943
2152.9577014437505
2152.5608684192575
2152.3216832531416
2152.810184089486
2153.312437708671
2153.5461829455903
2153.3167477018787
2152.903493089865
2153.4272775267577
2153.6873274377626
2153.9526763590875
2153.5212666985562
2154.0166303966203
2153.5647602536046
2153.98718940617
2154.406068423029
2154.8005676491034
2154.567840564021
2154.350946648167
2154.8102388415723
2154.5904040292126
2154.910181209176
2155.2622714991226
2154.77531209475
2155.071864276057
2154.7303915574794
2154.366382333921
2154.0701817287104
2154.3255638494074
2154.5456835588006
2155.006134064316
2155.222078623245
2155.457025285751
2155.7747428399553
2155.4738975338705
2155.7641856257096
2156.197175385297
2156.528882468173
2156.1939932255477
2156.4182150941006
2156.179212760263
2156.4812231855126
2156.23800028541
2156.583234038817
2156.2354296875947
2156.4969731257434
2156.804486213455
2157.0321253254583
2157.508846929618
2157.289212194801
2157.068236701862
2156.675679296585
2157.0675367816407
2156.6708993354027
2157.1048792176407
2157.6271079188728
2157.9932066178317
2157.7764525738708
2157.53763803372
2157.799917728751
2158.1211257222594
2158.3689960370048
2157.869226759441
2158.239644350251
2158.553727944461
2158.131102289233
2158.4440823443483
2158.7479182837983
2158.297476033689
2158.7461491457384
2159.066571540139
2158.7863960129725
2159.3115781443853
2159.56764162546
2160.065672953274
2160.31402523215
2160.7161560824734
2160.24349857366
2160.5179272798564
2160.736477651688
2160.469430194048
2160.7711729974085
2160.554220624932
2160.0443936397983
2160.5515019995446
2160.3025567905943
2159.8448587829357
2160.105316352342
2160.5336989780335
2160.020279229585
2160.492609133323
2160.2060218939973
2160.4295188595097
2160.669689558442
2161.0478778702413
2160.5261464543387
2160.999200298399
2161.226628159943
2160.965645259814
2161.496464142795
2161.1943407813574
2161.4329323386
2161.884545245785
2161.5438270966597
2161.094918706238
2161.3126921442094
2161.530512014862
2161.7860908353446
2162.1674705628716
2162.4203442024327
2162.0282514598257
2161.712973532894
2161.978302996204
2162.482690295147
2162.7538624217314
2162.2603347868394
2162.7977861823542
2162.3711150400263
2162.592190783133
2163.081628460041
2163.5270275873554
2163.9800758593888
2163.76226148731
2163.4929169558186
2163.249829315956
2163.71538811436
2163.493893710566
2163.901978951936
2163.665828566783
2163.4251678791593
2163.684178108796
2163.2923816986586
2163.5359591865813
2163.8456292953647
2163.576553478458
2163.8827691753654
2163.5374835443995
2163.28883846989
2163.816235006501
2164.247312105698
2164.531947836879
2164.752879534812
2164.2527677198386
2164.559459135868
2164.309268912873
2163.984453564435
2163.6482591723575
2163.9455981079063
2164.416211649689
2164.6573637942315
2165.103451335919
2165.4185997823233
2165.6584989892676
2165.406348546165
2165.8613118421213
2166.1698400897
2166.5035153903204
2166.897412529945
2167.219358804372
2166.729311387957
2166.5006823902445
2166.200474315771
2166.430538410265
2165.917987863428
2166.2439285338996
2166.481433217094
2166.995520774969
2166.480230281749
2166.9135424746746
2166.644226928513
2167.108079816185
2167.374819627043
2167.0012096181554
2167.4542224760144
2167.116613070514
2167.4025310933907
2167.653252640541
2167.3990008006194
2167.1397951345866
2167.3833420393794
2167.7606870530176
2167.9799799339216
2167.48067902996
2167.7707666581296
2168.051197456063
2167.8108574432795
2168.047844656003
2168.3850297027534
2168.6290431595307
2168.984064609816
2169.4457114011493
2169.1615122655357
2168.9342214664753
2168.715416359409
2168.9364363858676
2168.5232935062454
2168.175222846174
2167.9292181854503
2168.464282555324
2168.969565361111
2168.6897469153373
2168.3251474073963
2168.789057955789
2168.4283726863287
2168.876163433837
2169.2314979801727
2169.458651575462
2169.6770405453776
2169.4379341530303
2169.803846969153
2170.2690008416753
2170.005347867274
2170.376655214364
2170.658627305455
2171.098137020894
2171.4470342171116
2171.068993547731
2170.6778529812764
2170.3101864616733
2169.9530579113325
2169.5479556629507
2169.852764913383
2170.176794387478
2170.4650502652607
2170.823288781495
2171.1770091172134
2171.6331149832154
2172.0154547150587
2171.63756118883
2171.3692490986614
2171.8364515431795
2171.6004348005185
2172.107360006093
2171.5941975293076
2171.943283146106
2172.322470900392
2172.7821243290346
2172.361053152009
2172.581027500789
2172.19858833801
2172.5585963531944
2172.2854646889577
2171.8459537584977
2171.3447412523997
2171.6866792665674
2172.222879236525
2172.4428328251292
2172.7916938931007
2173.039775315064
2173.3602838075535
2173.109108513482
2172.812065564578
2172.293946436043
2172.5234834056546
2172.7510124991104
2173.0560336848125
2173.416052896977
2173.7609227739044
2173.98237475213
2174.4634369047303
2174.1036599184295
2173.8822505352036
2174.368337709027
2173.917805432858
2174.2335288841628
2174.56834200887
2174.999809659115
2174.5673166726647
2174.996333999291
2175.264429779812
2175.5925001008686
2175.165596946063
2175.6739916990423
2176.166311721749
2175.9353348187315
2175.6107118001264
2175.223725177253
2174.909704674186
2174.5364041656026
2174.872403305762
2174.5086727669727
2174.7849262821355
2175.0684370242802
2175.3262878230844
2175.623196238071
2175.89808950141
2176.332687973356
2176.5594013949863
2176.0642357308984
2176.451225646425
2176.7741623381294
2177.030637026655
2177.3619717823717
2176.849113962616
2176.396900405813
2176.8641341710227
2177.2728399591983
2177.615898423398
2177.8353249625134
2178.0568625468445
2177.738462962762
2177.4541524139545
2177.673585925132
2177.4496731413783
2177.86282898208
2178.2816157750703
2177.9039497271933
2177.671020300907
2177.891421455647
2178.141545682314
2178.516232104617
2178.7980681760455
2179.016582816494
2178.7980097723926
2178.5072583575907
2178.753259604831
2178.4025107661246
2178.820575393058
2178.5816858717108
2178.8343097290726
2179.1032115220073
2179.3335393913003
2179.0534021340436
2179.334140098336
2179.804785862252
2180.2223712706254
2179.9860287826864
2179.7546545083023
2179.3185338941335
2178.791800869272
2179.3103789521297
2179.7233643561667
2179.941339489446
2179.7138242244623
2180.0017476165294
2180.245044070787
2180.4766516686495
2180.0344952513888
2180.3981458744483
2180.1562752077803
2180.5442221896387
2180.2221849748485
2180.556995708664
2180.9595411115133
2180.656647830751
2181.1875888088907
2180.913626280807
2180.5500234850156
2180.797240886993
2181.34115977471
2181.0900096623204
2181.32217400585
2180.9752463421896
2181.3519689284026
2180.9381247990877
2181.3011441662543
2181.6348419954697
2181.853075311447
2182.1287581569
2182.4461783656648
2182.0974737022525
2182.3180060607024
2182.084691744975
2181.6130151612524
2182.1318192799704
2181.609887785352
2182.150703664019
2182.414095887043
2182.6940257876017
2183.197987328828
2182.763293066032
2183.0210387257202
2182.630646065492
2182.895155432015
2183.1293763114645
2183.3718140337955
2183.687882485906
2183.1897227830254
2183.540142584913
2183.289096625705
2183.531695621782
2183.7675046629474
2183.4015152917545
2183.6206049181355
2183.8992501188654
2184.27550816105
2184.496833368167
