0 0.0
2074.534194904969 2074.2770533606013
2074.755070500545
2075.077061093649
2075.4337378302903
2075.150356835828
2074.6935106314377
2074.9249735106537
2075.37003233355
2075.5783170734016
2076.082811719041
2076.561711360838
2076.2927240457902
2076.052189056679
2075.8420460149637
2076.2725086309415
2075.914933716578
2076.1563929561316
2075.881337661391
2076.1013703079184
2076.4944064496544
2076.2372494286665
2075.979441828889
2076.201800057306
2076.4687663303152
2076.0846163244087
2076.5694100614965
2077.086208166096
2076.8715624000747
2077.387491752169
2076.8741459469957
2077.2934387082787
2077.526143140919
2077.0576531972924
2076.80161386953
2077.0398250024223
2077.361863764412
2077.712760313062
2077.9631010034846
2077.720908263797
2078.091546979439
2078.5357118987163
2078.8622057309944
2078.3598111263245
2078.679302278359
2078.380137383904
2078.664398580535
2078.1749591074595
2078.5605102148184
2079.0485628795655
2079.333269116805
2079.8066670633602
2079.2893045671713
2078.780979797996
2079.246035844324
2079.0278440630022
2079.3533310638777
2079.113439495583
2079.3214711715386
2079.836326799434
2080.0868793539667
2079.715928829937
2079.4859521676767
2079.852208529825
2080.115184836074
2080.450646651484
2080.0168765741146
2080.4697116007164
2080.7304276279833
2080.305551160507
2079.8957082679017
2080.1801090922795
2080.653809317537
2080.4442411423706
2080.219375976823
2080.6939295601433
2080.9139945916013
2080.6190285696644
2080.8430038738466
2081.1219959857012
2081.5491113525013
2082.0505712248982
2081.6974721177808
2081.389514131109
2081.5983811880897
2081.3583870654043
2081.8301109206777
2081.615965571199
2081.3393171285466
2081.643555892347
2081.8577313905603
2082.092971240868
2082.386436608426
2082.7311331740275
2082.249957095765
2082.6045967873356
2082.8346186628305
2082.5746626965506
2082.2439502435336
2082.461078072582
2082.931346497705
2082.6958694649643
2083.039273035687
2083.5288686598547
2083.970923178474
2083.5106852987064
2083.281042060807
2083.7535888130956
2083.370290398182
2083.5797460656568
2083.2761113752254
2083.063389390452
2083.2737319366215
2082.867891906947
2083.106189402628
2082.7356697885234
2083.0462143058735
2083.4385836389397
2083.7388301777287
2084.1009825176934
2084.4762434415893
2084.026320285582
2084.344512787156
2084.6301203224707
2084.852550860417
2084.4666490835957
2084.8473269868564
2085.1603710830996
2084.8031886901326
2085.014863631321
2085.4084347311355
2085.701395685087
2085.449867105467
2085.216182271832
2085.617459119066
2085.8860119896062
2085.595150290181
2085.886122188805
2086.120304350321
2085.7997928264767
2085.5110426941033
2086.021565930928
2085.5356533895665
2085.8044445819887
2086.224931905516
2085.9852459841236
2086.3365733629125
2086.6410160063165
2086.9093279894764
2086.7004798361186
2086.4805157264645
2086.16834982429
2086.6039992715882
2086.9454216716617
2086.7218501707744
2087.1549068994386
2086.6880290304807
2087.028677388083
2086.7506187730037
2087.1944675594677
2087.688186998114
2087.426145528197
2087.82316461839
2088.217684456878
2087.8710024180405
2087.400163856776
2087.6096296076685
2087.9033870645953
2088.125114619597
2088.3516939652914
2088.6307538365027
2088.4200987757895
2088.0360700271435
2088.3239481809374
2088.796552589163
2088.508955632391
2088.7373373559813
2089.159252393459
2089.3741039183137
2089.1453333018353
2089.513575590845
2089.7665940080847
2090.2498846525204
2090.4641622523686
2090.9815811304957
2091.2999278486395
2090.833476213189
2090.443958456563
2090.670558626319
2090.2148111545657
2089.981198477024
2090.4334230677887
2090.701107127102
2091.0515088630177
2090.5908916296894
2090.2649301674414
2090.780320221084
2091.217959315457
2090.9897967208663
2091.328103397101
2091.6363277544824
2091.42122811179
2091.1272404889146
2090.8291071880662
2090.394268698643
2090.6366236370186
2090.851072419499
2091.060282876371
2091.4697261867254
2091.003205221005
2091.3131666954205
2091.526772623544
2091.9939901459666
2091.7790491291084
2091.4486767957765
2091.0271088690265
2090.7369144055565
2091.159866450831
2090.9331854402117
2091.160198735932
2090.9478282237014
2091.365728717074
2090.9616406209097
2090.7133130649404
2091.138352355153
2091.448428114862
2091.936632709933
2092.3355515796393
2092.608340021392
2093.0925232014315
2093.3323667262293
2093.119532415987
2093.355505253226
2093.5712292543244
2093.200475836656
2093.692686222717
2094.038734015776
2093.515757185644
2093.797168581193
2094.0580321119382
2093.720893075751
2093.933608720218
2093.410757023936
2093.845699324437
2094.072181168023
2094.409931536789
2094.1868424181266
2094.5021099462206
2094.785467354568
2095.266246221382
2094.856583398593
2094.613069052968
2094.151660002522
2094.476782618957
2094.957780984448
2095.2397006980004
2094.921171927893
2095.226682576453
2095.4712837302754
2095.129578766941
2095.3781966622137
2095.658773258763
2096.086258117281
2095.6120877054736
2095.3764856256707
2095.8591841094926
2095.5075367969034
2095.7172920731027
2095.948490271828
2096.3852238527907
2096.878938315243
2096.5676769532133
2096.3025582599316
2096.6399681956455
2096.2953285692397
2096.6697080751514
2097.122037576214
2096.898200483214
2096.682580484692
2097.101730082236
2096.8372245972782
2097.2409749975895
2097.51804144084
2097.258221612253
2097.5173907259614
2098.003471620834
2097.4811607726497
2097.69349443046
2098.188770884456
2097.8045064316684
2097.3632127959672
2097.604488484623
2097.869650223413
2098.3701834243784
2098.7202700326416
2098.412358685037
2098.8991190802744
2099.1381417327184
2098.6797008263325
2098.895587619374
2098.5024640106008
2098.057946769833
2098.317024979637
2098.5319537151354
2098.7565568038935
2099.025359271688
2099.457605501219
2099.2283716648344
2099.0114926009987
2099.3199903327686
2099.6362405015107
2099.414657341731
2099.0748419129095
2099.494995354176
2099.093331523992
2099.5727082522612
2099.961401889571
2099.5943542881114
2099.8941979386655
2100.3175219858254
2100.0587982851075
2100.2859922040584
2099.8600676955625
2099.436136016722
2099.95817828526
2099.4648678465164
2098.9467812171765
2098.540125587649
2098.1710698905745
2098.4259926937307
2098.6976454223454
2099.127673514117
2098.8987842962943
2099.2500842924087
2099.4609947403383
2099.684835671042
2099.916023266182
2100.30400350773
2100.5377668886968
2100.115044370597
2100.5194072750887
2100.966102226874
2101.406610225954
2101.632466385286
2101.362292601703
2101.646751850663
2101.9015595072674
2102.2783102034527
2102.6667402939966
2102.158673877139
2102.6710262645233
2103.1792134309185
2102.8192304253457
2102.604993006576
2103.10941553411
2103.438925992648
2103.013260583123
2103.4566510911573
2103.087091321428
2103.3307343842503
2103.5791691234385
2103.1146846567285
2103.5729359639563
2103.9559752152395
2104.1809985211107
2104.3937797468725
2104.137421351112
2103.845560360768
2104.0559846892315
2103.8155856136927
2104.0263141747623
2104.510254535111
2104.274424432233
2103.8060727949355
2104.2692471579835
2103.859432969378
2104.138628355847
2104.442044446304
2104.7679957025957
2104.3020215894007
2104.5209293667795
2104.308782704592
2104.5416917847238
2104.7636220526633
2105.039390301613
2105.35041848666
2104.9258637313724
2105.1379217831686
2105.6000487114775
2105.239558862023
2105.5008289930606
2105.8862921565556
2106.325203906275
2105.963785879001
2105.4477829829484
2105.811361240816
2106.233048627052
2106.500358500109
2106.964595520697
2107.178229756682
2106.7366347125558
2107.074617829836
2106.729973354103
2107.24458893318
2106.8451899462266
2106.436161796376
2106.6660985862645
2106.87960691782
2107.239349759829
2107.6411796328507
2108.1367271402046
2107.6195599874436
2107.845742387091
2107.511343020774
2107.898203437028
2107.6713582932166
2107.3498965008694
2107.5859356638534
2107.3245948000163
2107.5509471110677
2107.326118267055
2107.6829851387984
2108.073125614836
2108.3612664371085
2108.7017789580473
2108.285569692681
2108.5547932886884
2108.9436347460787
2108.6148506144086
2108.8970180945066
2109.1482471400836
2109.404246576343
2109.130318371125
2109.3896953055614
2109.8964289765354
2110.3299773089366
2110.0113764862476
2109.6427842037747
2109.2199507962564
2109.554810738523
2109.166538696413
2109.5756078726426
2109.857561499376
2110.276423174971
2109.812341569217
2110.0328098702907
2109.6418747327825
2110.0753987117882
2109.814760904352
2110.3106045833433
2109.951450022653
2110.1627605255712
2110.5086909674355
2110.719742017375
2110.9882111729057
2111.2400672339513
2111.749680030728
2111.510074392145
2111.240270260203
2110.8554815625785
2111.110473501349
2111.3580464761235
2111.1409489159028
2111.642226992576
2111.239420073452
2111.644775479523
2111.4003566119372
2111.614260587409
2111.882141198305
2111.514204247031
2111.7490115806754
2112.2494663191997
2111.9419906712933
2112.2805617580857
2112.5705534548724
2112.9063577184747
2113.4152972365923
2112.9711880817313
2112.444031509199
2112.970870654507
2112.696583830936
2113.057277306928
2112.827237242943
2113.0388497821805
2113.2767098472245
2113.7642786822034
2114.1947601991515
2114.519301760552
2114.0264642606535
2113.8122003313197
2113.304703070209
2113.5247601805645
2113.7456820175325
2113.9632102922224
2113.603158070367
2114.0040769993875
2113.5697911289194
2113.9903458613835
2114.221578860083
2114.4344040024316
2114.2202064482835
2114.4345392044393
2113.9300298229864
2114.1484078837125
2114.4141065529243
2113.959517334153
2114.3670855410405
2114.8779026287875
2115.2780848076354
2115.6798619964093
2116.01729758438
2116.3284231014677
2116.642624544017
2116.4030653182936
2116.0062359368735
2115.667084619102
2115.9025207248146
2115.6309284120803
2115.9956500322282
2115.7786348039126
2116.009758762902
2116.291441448133
2116.0578618859827
2116.5318409224074
2116.237635080627
2116.4529004590195
2116.8331987494894
2117.0807731247205
2116.694862556993
2116.3052295156276
2116.0167393147817
2115.704639367179
2115.9954895704736
2116.503827142067
2116.741453317043
2117.160065454125
2116.8307286635995
2116.3782833180044
2116.776450714398
2117.187098788059
2117.5019310319694
2117.785142291181
2118.081916015836
2117.8300552863743
2118.306127186879
2118.605672632926
2118.38281349316
2118.1697730430033
2118.5545657295984
2118.2688422143
2118.727647097569
2118.3073335888707
2118.767226808068
2118.430333308601
2118.788980067345
2119.0915474216495
2119.5868651196206
2119.1225421030604
2118.759763127805
2118.982434005228
2119.371681151406
2119.1477925047875
2119.3615840440725
2119.792928708143
2120.316148079428
2120.0377286956536
2119.8252923212103
2120.14930060038
2120.4144949608494
2120.0000658458785
2119.7783700012565
2120.0150947976895
2119.786722589763
2120.054516572758
2120.3211967536486
2120.031628716557
2119.8173115637564
2120.038817712522
2120.4277146607756
2120.6961161533804
2121.095165920428
2120.8001570325005
2121.017141647227
2121.229557965434
2121.457200652549
2121.901655367757
2121.5744898685934
2121.2231978929167
2120.812094533213
2121.035063916842
2121.3985760223127
2121.7060770786766
2121.4348677202374
2121.843739118647
2122.287970012778
2122.5124220769526
2122.26163756089
2122.5874239597333
2122.953525807933
2122.6985452251524
2122.475173644547
2121.9512546548885
2122.3502551998586
2122.719395783616
2122.4925991975942
2122.862966545217
2123.151781253923
2123.494498052088
2124.0046118749947
2123.727324089854
2124.0263493463794
2124.4656218654627
2123.999083640753
2123.640254757796
2123.4186907595326
2123.714350162512
2123.46684569285
2123.7125949640426
2123.939149931809
2124.3093583180894
2124.0119332806285
2124.283640449167
2124.5167172272527
2124.1203594723097
2123.6210597491468
2123.8665607376865
2124.236519650969
2124.4537622722682
2124.926210303072
2124.511888856901
2124.2031398231447
2124.4275628304727
2124.135590855903
2124.553157998424
2124.2906532199645
2124.5844341072307
2124.9082910798843
2125.1896941074524
2124.7374011897637
2125.2384541549027
2125.4667218928207
2125.1373249187504
2125.6006247260943
2125.972963610412
2126.502994803919
2126.2320845623176
2125.9473313789176
2126.43387561237
2126.1814518250517
2126.4166634802014
2126.7154990228255
2126.397799489012
2126.6480704165374
2126.148455475522
2126.55373765302
2126.961799577353
2127.1813620839216
2126.9585876846318
2127.3559676770133
2127.5810032013114
2127.361067934134
2127.0216518580455
2127.244118087223
2126.835193756487
2126.384783893645
2126.740965900467
2127.0585423510365
2127.274962255234
2127.6097013450562
2127.3641685828316
2127.6940325272444
2128.199549649049
2128.707759569515
2128.241600350154
2128.6109281141967
2128.987319807567
2129.376551577832
2129.590443263379
2129.1774329983177
2129.527310056737
2129.1895843350226
2128.680192257643
2128.4592608622715
2127.9570017157876
2128.19817436317
2128.549618188289
2128.951693079659
2128.7009464789076
2128.2159351933783
2128.566941683785
2128.066046546577
2128.4714375664457
2128.2212218358886
2127.9639954073036
2128.4634170779914
2128.6807730344585
2129.114730488678
2129.364789008551
2129.8183947654857
2130.2908596704474
2130.5634743510136
2130.062496002419
2130.4385896101203
2130.698292279021
2131.040257004755
2130.5683212645936
2131.043584164821
2131.40212772893
2131.8598528786783
2132.272418941815
2131.7532833624778
2131.488721336422
2131.972152676336
2131.758713260272
2131.5453091843215
2131.9697384497954
2132.252953311082
2131.801605710055
2131.4379450817064
2131.0465633300337
2131.266756057355
2130.9772662739038
2131.1967392955903
2131.4224482925742
2131.8146200875362
2132.301936782296
2132.759866750791
2132.3656811809637
2132.6620546221534
2132.374186025309
2132.849312247
2133.2687859864063
2133.053045361857
2133.5279729028043
2133.7865559538436
2133.3367514321035
2133.0380224494093
2133.406631339783
2133.152183643923
2133.608366579387
2134.1077793449695
2133.8423087062715
2133.388454014158
2133.6031826285584
2133.839137073798
2134.126808619487
2134.6119579833826
2134.8660773860374
2134.6508558411683
2134.1523844821586
2134.4503049692526
2134.6682093811874
2135.0494309103856
2134.6174667856144
2134.394661468687
2134.833389302765
2135.129395956852
2135.4280505459033
2135.0741974865027
2135.3529982117375
2135.134339323653
2135.5741090585793
2135.902652936771
2135.6006387780076
2136.119764001199
2135.769541404633
2135.2875250343513
2135.662558731934
2135.9471310450463
2136.29465904051
2135.883388678356
2136.2069893215944
2135.920844974161
2136.167099607034
2135.7007781733823
2136.047071821606
2136.550058274258
2136.9651629447285
2136.6223934454315
2136.9362414365264
2136.7197560553254
2136.227905676234
2135.9993262369067
2135.65214728995
2135.267566418587
2135.5044168305135
2135.7479087358297
2136.1470813785177
2136.4320676568054
2136.7560501743797
2136.995032249014
2137.2356024530736
2136.720981493191
2136.9926369707323
2137.2336438981715
2137.7206279605166
2138.008051520279
2138.2768205227567
2137.7842549899437
2138.016937953899
2138.233964645014
2138.4994517755626
2138.283405984562
2138.502743531591
2138.9105047731778
2138.398917904983
2138.715947297148
2138.406150764289
2138.6526093486286
2138.939461627722
2139.171604504735
2139.5967898657714
2139.818529848587
2139.602412892741
2139.997327322362
2139.768738315085
2140.071052085054
2139.8008150399933
2140.043190674743
2139.8237860659697
2140.146142475121
2140.4922072053887
2139.9743146388355
2140.208790369757
2140.5520594977465
2140.266465751195
2140.583281777552
2140.8343667899344
2140.568671509752
2140.2181926947674
2140.454190730583
2140.72952093711
2140.950757341535
2141.4673773542336
2140.975835777393
2140.67506942493
2141.0779262465194
2141.2974417009336
2141.518282636289
2141.7429958757907
2141.3743299768134
2141.138897005498
2141.3702109206906
2141.6203697448227
2141.844816491412
2142.10132599661
2141.619700784211
2141.9615909269723
2142.442789056782
2141.9469663862196
2142.249346144903
2142.4674344770683
2142.7044130011836
2142.4719737261566
2142.8197220582742
2143.05040950919
2143.2749292073886
2143.496430909299
2143.7872210898327
2143.3505123376412
2143.763671148303
2143.375725475511
2143.698108748001
2143.2262588601516
2143.612674115401
2143.912731538696
2143.6924611198383
2143.4328084459594
2143.6971291741097
2144.205094649298
2143.9471437475913
2144.4606507825088
2144.742601344104
2145.014333636467
2144.7504457822147
2145.078772887672
2145.426134263779
2145.6877126941436
2145.2572399333
2144.8553166215765
2145.12421560889
2144.7426980840414
2144.5220503409573
2145.0058886585643
2145.425814927631
2144.943437856993
2144.4852441924363
2144.231647930343
2144.6488897419536
2144.8637450010165
2145.117716924051
2145.4466498060315
2145.66258217893
2145.909815634349
2146.4225639687434
2146.100125346296
2145.664031841957
2145.927248265923
2146.3862755632344
2146.1545458462842
2146.549822784993
2146.331425744819
2146.568452292572
2146.3518076386067
2146.7203797755014
2146.935652605319
2147.195389872826
2146.9625530234625
2147.1777931290903
2146.8685673357
2147.084622219573
2147.3585722841603
2147.6345644767375
2147.4166758575225
2147.639043687336
2147.1316650663734
2146.8848783614862
2147.1996949415757
2147.5131455196083
2147.9903757460643
2148.4536373677397
2148.0657139876143
2148.3118516135296
2147.8607907001738
2148.30101926199
2148.7687037067662
2148.4702071958127
2148.765098876077
2149.2033172341166
2148.8433451981564
2149.1824612104656
2148.8177384992955
2148.283031839029
2148.7818267274015
2149.2768472685198
2148.925522490493
2149.143019387364
2149.657009103496
2149.949014330766
2149.57836913609
2149.2909850155384
2149.560669052271
2149.130969841799
2149.628253870188
2149.874333260787
2149.591989980082
2149.8845439288384
2150.1281723178745
2149.9025170545037
2150.221617117716
2150.5551985497577
2150.988592709882
2150.7725679510927
2150.462163300023
2150.212074971678
2150.5813266333766
2151.0191241589337
2150.6806387632505
2151.1758558812326
2150.773190630917
2151.2023354608577
2151.4375125415245
2151.0735010972253
2151.319945710693
2151.0901822327996
2151.4984014064826
2150.9611149964608
2151.4585940700144
2151.717091670769
2152.133470902213
2152.6160759860236
2153.10965338667
2152.7241063249353
2152.494218275348
2152.2059070128307
2152.421495932464
2152.6925947013547
2152.3803714537457
2152.836693405814
2152.3724927819194
2152.6868677932853
2152.916225367256
2153.4000555894877
2153.179104593308
2153.431143820482
2153.136353946496
2153.6049026256687
2153.2026451927804
2153.4801041660126
2153.7737122496787
2153.2595386963962
2153.703746274628
2153.940496864842
2154.4735909335163
2154.1664179680733
2154.542859254038
2154.244472421041
2154.545129869666
2154.7713310760632
2154.473609097696
2153.9828609412016
2153.7275599213426
2153.4657273137213
2153.14480793546
2152.8960556634997
2153.360691472529
2153.8109143073443
2154.2546714992336
2154.4795033615533
2154.910686423353
2155.146748307996
2155.660277786049
2155.443261984587
2155.8651857878913
2156.143473346315
2155.8931341103366
2155.4925941396423
2155.7773368919143
2156.0475836537644
2156.3667079731645
2156.859357506968
2156.6353524898254
2156.1700435393604
2156.3995901789317
2156.1440483174856
2156.3597194910026
2156.858816095567
2157.150125983122
2156.9158970102503
2156.492745325239
2156.890245825155
2156.4163103959822
2156.658849773891
2157.0743690817353
2157.4077555102613
2157.164758488445
2157.527372858935
2157.303660645254
2157.7354673692075
2157.5094805555427
2157.2871048388565
2157.510554233891
2157.737473870099
2158.0514123788885
2158.4124648919405
2158.694507285308
2159.1756611326805
2158.6786700800576
2159.068576063913
2158.846539225704
2158.4712172955265
2157.9522859153185
2158.4685366143526
2158.793561969673
2159.019761228978
2159.4124323693977
2159.848829546695
2159.3101997328467
2159.7132756804453
2159.2105714022955
2159.4321575435306
2159.7472821270526
2159.288395864304
2158.883552651491
2159.1985529002704
2159.6694260019462
2160.169955404525
2159.9008730273417
2159.4317046852375
2159.852696255907
2160.1821310641894
2159.853095636643
2160.1497100929164
2160.523450792716
2160.7809633653496
2160.463060178592
2160.7822612016666
2160.2727012127352
2160.547400448832
2160.9938032844725
2160.7409315308846
2161.0759039801633
2161.5334877457417
2161.3043544225634
2161.0730390713293
2161.3166663556212
2161.676025532471
2162.1096923999326
2162.4260935790608
2161.925761013324
2161.6780040652948
2161.4337775363715
2161.8707054356546
2162.258166894335
2162.4817362618164
2162.0137997655233
2162.2370784174423
2161.8607467498396
2162.366259977646
2162.0534233783433
2162.345082900753
2162.638684290737
2162.969309089905
2163.186115422613
2162.8793905307143
2163.322001060393
2162.784576982261
2163.0687814855683
2163.316198583563
2163.7083652317806
2163.402505302348
2163.6930012603943
2163.4709830064908
2163.7454361044047
2163.5107558615487
2163.8653194353924
2163.392049347876
2163.6342003357304
2164.113004618211
2164.5437648282423
2164.0644059744777
2164.315496612137
2164.003399137256
2164.4111751235646
2163.8750144793435
2164.1410096675336
2164.5112523700404
2164.77258873666
2164.5463138849254
2164.8176898361426
2164.305339069055
2164.8086524278488
2165.1470321618485
2165.4443213265895
2165.0625399894107
2165.5022712941213
2165.960604600383
2165.717247342212
2165.430571412081
2165.0955468760326
2164.8250873712336
2165.0446015349316
2165.2903300398843
2165.707322077467
2166.1483590667067
2165.8597516659875
2166.249013329366
2166.591045363629
2166.131335051133
2166.401154874345
2166.673130483621
2166.1382197535754
2166.6031801199233
2167.060898341057
2166.804434913771
2167.2946830664646
2166.8471448284117
2167.2596837827423
2167.024614514352
2167.278540236113
2166.864909030754
2167.3835745391034
2167.7677037537387
2167.3804513897585
2167.640041330666
2168.137070992364
2167.863724523139
2168.187629006005
2168.5748577153045
2168.240300650381
2168.019946632367
2167.51396427571
2167.7816904887936
2168.25114756502
2168.6152312025115
2168.3982994339285
2168.782979306405
2168.489012765018
2168.8236460740436
2168.600543806966
2168.3378813712584
2167.8069633300024
2168.1263911101046
2167.7997806204557
2167.4927314785423
2167.065512813165
2167.4573806903372
2167.9965460058497
2168.4230178850903
2168.7442421905535
2169.018860273959
2169.2793409453025
2169.5119961969667
2169.730880126413
2170.087114622448
2170.5125045582645
2169.999554756702
2170.26868652087
2170.0390885917745
2170.423891865264
2170.664364838082
2170.9866919002093
2170.7608569924764
2170.523100526066
2170.96577620056
2170.4449324174425
2170.826466922883
2171.0676754757433
2171.5237687144754
2171.031973850648
2171.4659379878335
2171.023643375647
2171.261420860447
2171.632176056231
2171.4130246405985
2171.6693460562205
2172.0217813033705
2171.603418035022
2171.996292747381
2172.313812184614
2172.823165085463
2172.5955807122714
2172.124890370065
2172.524210654376
2172.2420305298147
2172.7359487257877
2172.965194174502
2173.305062466942
2173.084025578203
2172.587717740836
2172.306189421099
2172.6656456618553
2172.9866574237526
2173.395553007477
2172.9669975118395
2173.29496067516
2173.7630441968795
2173.5261501891905
2173.088767149605
2173.4367894044212
2173.020673168402
2173.551652369674
2173.0618165952756
2173.4402789215774
2173.9094926715293
2174.225768869538
2174.455959281299
2173.931252266644
2174.4102801565728
2174.108229376098
2174.6179774149537
2175.015279860771
2175.4567189309764
2175.216618127494
2174.9985785394206
2175.2195911166555
2175.5004168465503
2175.727522602485
2175.3031236749666
2175.5422676475596
2175.3199419024713
2175.775268936536
2176.0105456532947
2176.3138937871486
2176.7314055227093
2176.305723141547
2176.0268266294756
2175.7849364773233
2176.06789770763
2176.482628312471
2176.080224008868
2176.3248674200277
2176.5755844505948
2176.917989424303
2176.502524683853
2176.771007914473
2176.294689900472
2176.8245982297317
2177.0956037673077
2177.359919849269
2177.661465970413
2177.3848311673405
2177.1670926713837
2177.404217067647
2177.6361689915566
2177.354753719068
2177.5810376101385
2177.358339819018
2177.603185750215
2177.946164466401
2177.49901205347
2178.0319154686076
2177.773208465216
2177.5457812295476
2177.873314442627
2178.271522317872
2177.946554833758
2178.4435361637106
2178.934684714157
2179.443165476304
2179.0003802531337
2179.49812495128
2179.2151433802032
2179.502180035555
2179.041016009555
2179.3345718480396
2179.0777430799026
2179.4502059857914
2179.7055593516448
2180.0427904259586
2180.4946119422325
2180.7126652352817
2180.271942424975
2179.8671746202904
2180.1970255751703
2179.9543005622045
2180.392434597944
2179.9844402983545
2180.207284795275
2179.915831210134
2180.2818865082413
2179.90467359672
2180.1844393654305
2180.403190122894
2180.0472494098394
2180.3090445680723
2180.723852447783
2180.225949467946
2180.5674271196212
2180.8305028167274
2181.366080793042
2181.7344940300313
2181.2979571231626
2181.557125409824
2181.208591606977
2180.691637593095
2181.037802198408
2181.4222170907647
2181.83338724585
2182.1793099634965
2181.689659223178
2181.9080935884513
2182.191562134844
2181.9446498659654
2182.3535494821613
2181.8869689413677
2182.3519878075517
2181.8095077378625
2182.0722862909374
2181.8538870342654
2182.0863131534115
2182.582720739276
2182.8432975357127
2183.07775610649
2182.6743650501
2183.0647851391473
2183.4179277124003
2183.890368704207
2184.4343654752774
2183.957561774551
2183.552459400722
2183.9354177801056
2183.656416825583
2183.425040717917
2183.173093470627
2183.3951023652385
2183.034086118452
2183.3953994629805
2183.619558998917
2183.846595291487
2184.1850230701025
2183.924137538991
2184.192212737035
2184.502736280712
2184.185638703576
2184.577833324984
2184.8336155878346
2185.1815369621745
2184.7723714514746
2184.540593100636
2184.8572309406195
2184.5844550474962
2184.9844878257077
2185.492679750821
2185.94592068828
2185.7035277471987
2185.191958711831
2184.919970063491
2184.6540784855583
2184.942861530645
2185.2013646303003
2184.7343654352694
2184.47779353887
2184.7854303467843
2185.1797819330313
2185.5152434252836
2185.2372465211192
2184.9981416824726
2185.3409381966694
2185.5833294688737
2185.882814073279
2186.387877902075
