6 0 0.0 3.55 543190.7875904866 2.55
2072.386285270883 2071.9870092689885
2072.194979974188
2072.6389992405575
2073.0914954489626
2073.339721770525
2073.654822987178
2073.3860028220547
2073.0728825359097
2073.313345355063
2073.0049791346933
2073.223519373504
2073.5692776148394
2073.3115267513604
2072.940596059325
2073.175600708106
2072.7897488362114
2073.0060211327473
2073.4485516480886
2073.1577260966737
2073.6227418890358
2073.1327172599144
2073.4009786840866
2073.608905309858
2073.8739278486696
2073.660417047281
2073.9904031335004
2074.4543370577803
2074.2435058253873
2074.508251195204
2074.0478652179486
2074.2771006762496
2074.5593838564673
2075.0009980957975
2074.7833421069145
2074.571629442352
2074.914615714897
2074.6833397490395
2074.915479906924
2074.5337733874912
2074.868133944799
2075.2324333541433
2075.009356273462
2075.446379107068
2075.046955736886
2075.277352668285
2075.502929715474
2075.750558362024
2076.056340430578
2076.5412001324858
2076.2842433856995
2075.896738679491
2076.1054415924186
2075.888974779007
2076.1003358240055
2076.397108025795
2076.712637295288
2077.121625893671
2076.6923270479647
2076.991266063172
2076.558069849375
2076.8940418388756
2076.639263922668
2076.8545657651607
2077.2571794627943
2077.554620705779
2077.1453724510948
2077.4595099928133
2077.79012441333
2078.006937996208
2077.5062783718827
2077.8455987669345
2078.058663671472
2078.386180616333
2078.665218525027
2078.367483650333
2078.7395067483135
2078.520101453267
2079.019638511706
2079.342543245474
2079.082456916386
2078.827098508091
2078.4942618659425
2078.779080679759
2078.56983666914
2078.7831129535743
2079.1575385969254
2079.420415917813
2079.8393201007716
2080.1876200707115
2079.8305133414096
2080.0403358714407
2080.4747225762926
2080.2545814448877
2080.038645711745
2079.68894851545
2079.403397149728
2079.0826511057967
2079.545246606835
2079.336929421901
2079.118521465521
2079.3511039490777
2079.581928600277
2079.822546535544
2079.3136653950364
2079.7918730401957
2080.1250346719844
2080.6043860345153
2080.81572200185
2081.163932169201
2080.931302203822
2080.6195557654114
2080.9329346315194
2081.3398840822656
2081.6296558621393
2081.3959454258297
2081.1140662478274
2081.5847933348314
2081.242774897609
2081.4820515929664
2081.7884199796545
2082.0118881047074
2082.238836254282
2082.532260065094
2082.223528581091
2082.4463288697725
2082.2380601495406
2082.4780489552786
2082.8214574309795
2082.555940448899
2082.2645930014273
2081.910299337767
2081.6923285112716
2081.9216334737557
2082.147752574659
2082.4077069135146
2082.668020725232
2082.896648021567
2083.1367255705786
2082.9271472908526
2083.2241861038315
2083.4343550078183
2082.986687071145
2083.416289476709
2083.6353347834274
2083.395392607654
2083.668119567081
2084.1075631420235
2083.785360315979
2083.5398345987696
2083.322564120758
2082.9607459006315
2082.6945214702578
2082.2718520944486
2082.048161250673
2082.2596149051424
2082.581498140391
2082.8898427718113
2083.3855887750833
2083.7571684980694
2084.100299966665
2083.7335191185703
2083.9695513014794
2084.4054308118807
2084.7142594526845
2084.9395469335414
2085.4382368876504
2085.64693018882
2085.189600284687
2085.7077175593813
2085.4452959306855
2085.8670122731987
2086.0916118742775
2085.882375084988
2085.67082603955
2086.175275375732
2086.3873423154346
2086.1657210565554
2086.3827213199434
2086.642680047501
2086.961284023914
2087.345297711333
2087.710474522662
2087.991480034533
2088.3594924742047
2088.05653549726
2087.78329949732
2087.995217011797
2088.3111300768596
2088.0438023853253
2088.2997859249595
2087.8204654329224
2087.6108738168923
2087.957240079106
2088.2674143363056
2087.820475746865
2088.1266259924746
2088.3565490778724
2088.147696889857
2088.6348615723123
2088.1623264152104
2087.662131560695
2087.885420681654
2088.2771902669497
2087.8907636311133
2087.625056195768
2087.8977935739035
2088.113075807529
2088.394104355972
2088.651798449827
2088.3802275969833
2088.0427663769096
2088.4841098951692
2088.147917158309
2088.5659919912796
2088.8062680802054
2089.297774273232
2089.6581511705913
2089.953115630052
2090.1692115810383
2090.454729953682
2090.8914974477284
2090.677722285953
2090.291724820764
2090.627078264636
2090.4148488017927
2089.8963851518706
2090.2237235653542
2089.7923954202665
2090.278477413899
2090.6966841296676
2090.41051736676
2090.8960832577495
2090.4291883344995
2090.9040746507035
2090.387283377327
2090.7182921272442
2090.9712362327314
2090.754176842118
2090.963635928805
2091.352589037488
2090.9118236316763
2091.1597520274568
2091.520237882225
2091.7508262141887
2091.426432112951
2091.7760919808097
2092.2226366782234
2091.831437506424
2092.308566824724
2092.5536315022946
2093.040293297629
2092.704129942043
2093.220986261255
2092.886915187826
2093.2003146535803
2092.7231982383255
2092.2731218787285
2092.6801491082633
2092.9444041479655
2093.2326375113817
2093.734698465489
2093.5246784178607
2093.1974063858725
2093.542909988216
2093.3291055879226
2093.571877971937
2093.9610058386793
2093.6717327041897
2094.041133576999
2093.755781837161
2094.039658495387
2093.6349494606775
2094.0525357450265
2093.642659136734
2093.922925202287
2094.1721635884533
2094.606456935789
2094.8166445416978
2094.6071128572457
2094.2038426913564
2094.415566718217
2094.7788302152526
2095.085076184929
2095.395947281817
2095.1847212829202
2094.971896771412
2094.5461606797867
2094.280591779301
2094.5415272543546
2094.795496662912
2095.180969904949
2095.4349124110854
2095.2045938961824
2095.4217827747025
2095.734030177141
2096.02037767269
2095.809364794885
2096.048343083252
2095.5899891010145
2096.003578268047
2096.2139855813098
2096.5862810597273
2096.3370367667612
2096.5535848561753
2096.959276499701
2097.3182370231852
2097.1057058396254
2096.7073621138475
2097.1675315284438
2096.916098146208
2096.6476682347434
2096.91216713004
2096.544708343416
2096.9630087656687
2097.417435457423
2097.6442449758097
2097.196545115047
2097.689061274427
2098.2010499235125
2098.531284721369
2098.08635317195
2097.705999316495
2097.3045670627016
2097.698606115992
2097.228625483305
2096.73306912257
2096.315480057556
2095.8997346278757
2095.6439998831283
2095.4016518747662
2095.723515759854
2096.2029317619345
2095.766337568191
2096.06355792554
2096.3580266772797
2096.588717204626
2096.879167836255
2097.2720329195445
2097.7506158060633
2098.219654571578
2097.710212877161
2098.0045550672826
2098.2234536457427
2098.457247495114
2098.675605637421
2099.110776828342
2099.5335379367984
2099.760809198206
2100.093829602743
2100.5079336723174
2100.1879227490126
2099.977787222076
2099.6370650222707
2099.173225420036
2099.4371517124214
2099.0680279157687
2099.554756450171
2099.772688755127
2100.146531426962
2100.533521559034
2100.158843383405
2100.461913590641
2100.8402350096862
2100.5570138389753
2100.898385392168
2101.3664314554917
2101.0649258534913
2100.8217080501295
2101.265745957974
2101.6148923139144
2101.105451781607
2101.565841246457
2101.7865755156927
2102.008106809223
2101.7048796665345
2101.45086918799
2101.706405834443
2101.945134680755
2102.155505001563
2102.4075678108647
2102.000865235725
2102.4614403098612
2102.876376205056
2103.2176445496334
2102.9549095945786
2103.4666578545953
2103.1971469965433
2102.8371442137905
2103.1546885793473
2102.8787143047607
2103.226980999686
2102.7093467514505
2103.013412531861
2103.255297806679
2103.005825342752
2103.505999042844
2103.717432061252
2103.3773476746414
2103.0744947522335
2103.4384492401537
2103.8000848990578
2104.1064876964533
2104.5746282784207
2104.8532991743687
2104.393526420906
2104.1634068805038
2104.6795064650746
2104.4380164030877
2104.780950153584
2104.5077958127695
2104.7299760599026
2104.208339649952
2104.513320004775
2104.046068518928
2104.5442383077707
2104.9540325483226
2105.2782256169
2105.7065819288077
2105.989392434669
2105.6247190713602
2105.393184610578
2105.7297906826907
2105.320179932323
2105.1094275469186
2105.3838774449127
2105.8755260049143
2106.3920423985387
2106.055853938792
2106.325730062928
2106.784225140023
2106.484626452963
2106.7081629353243
2106.479757322692
2106.1402959326683
2106.515790323067
2106.987003320772
2106.6776376771863
2107.0332552676014
2106.6965129806513
2107.11145539349
2106.800318824087
2107.218514459677
2107.489839844354
2107.2226579767994
2107.7110453911787
2107.298352642267
2107.7675283311237
2107.980831893943
2107.7247297553495
2107.980029221428
2107.605701458442
2107.9612381444817
2108.233696037621
2107.803754075958
2108.1250661970303
2108.6064650789176
2108.3832601570707
2107.9528578739455
2108.173713581607
2108.4412672991916
2108.687898541932
2109.093226996975
2109.4196924027747
2109.075707366319
2108.7507720557805
2109.1376160076834
2109.5597667107368
2109.257205628406
2109.472588019627
2109.1682604823895
2109.492457262307
2109.1067870331813
2109.49848299855
2109.8735066864747
2109.4630488139264
2109.8838695274153
2110.0957052208846
2109.6812892875896
2110.150368061346
2109.93245329166
2110.35090118756
2110.082239687186
2109.8191547679826
2109.340704639268
2109.552929126775
2109.042102828485
2109.294230761255
2109.6052420499955
2110.0894544118128
2110.3405212867547
2110.5872541988456
2110.881171090559
2111.134008972793
2111.3464237408048
2111.6951029194383
2111.385456839095
2111.1218556600916
2111.3951916320416
2111.910827552953
2112.122877070003
2111.6117889465454
2112.1077839498553
2112.3428524797196
2111.8471707602007
2112.2776120298977
2112.5131645939964
2112.7852059887355
2112.5165010621467
2112.1792789990272
2112.66832024438
2112.928294647391
2112.48691193635
2112.756130793789
2112.4854836226173
2112.6972039403267
2112.9517689464587
2113.17039301123
2113.592581483988
2113.076788901731
2113.3793301224528
2113.7111308063513
2113.9633993294688
2114.178307874055
2113.8145275596025
2113.3547784409097
2113.103521733841
2112.613647537075
2113.135515848026
2113.4619207311175
2113.674964561655
2113.9987681501043
2114.2585165396904
2114.0388524333084
2113.7471480973627
2113.3944840474737
2113.6090770434516
2113.8405398698615
2114.330362490227
2114.7707388343306
2115.22247287048
2114.963219403174
2115.2733278246765
2115.5528526169105
2115.2745799421054
2115.5375370695483
2115.2980636270504
2115.7637320508466
2115.547749632233
2115.9820134056413
2115.528050069107
2115.740004330769
2116.035277189468
2116.3032642032144
2115.7990296444427
2116.2215896402076
2115.9923179038415
2116.3528103006247
2115.91334796434
2116.1626731705346
2116.5985023494245
2116.0726867168955
2116.579614378867
2116.812398607973
2117.0347359388124
2117.422684772105
2116.946367719851
2117.341053172039
2117.794715705986
2117.330880420516
2117.82918928219
2118.308672091327
2118.0422571482136
2118.4106670232263
2118.8396123390094
2118.481570103365
2118.710877342293
2118.434152840755
2118.2032771841377
2117.8474207147015
2118.211372742129
2117.756150585022
2118.0595641939385
2118.586197406356
2118.8249723932786
2119.2909634583243
2119.5762455547697
2119.0802227015847
2119.300986783561
2119.613322201602
2119.9835603574775
2119.540313276837
2119.2229153599797
2119.007597758047
2119.222231502735
2119.556649483114
2119.2740202932614
2119.7214966047723
2119.9392243162333
2119.53162423924
2119.8260265478198
2119.527312013116
2119.793885835859
2119.4816708692965
2119.838544932499
2120.0761045386866
2120.308583017491
2120.6246851735423
2120.2983921166197
2120.0014791984822
2120.48944820173
2120.2483041170194
2120.467239009924
2120.811451621214
2120.530156809306
2120.9338283579154
2121.394599210107
2121.139523672971
2120.659425276556
2120.252780649534
2120.7759124364384
2121.284928390211
2121.5931147088886
2121.9809934683835
2121.575034075028
2121.1301664911953
2121.44062005527
2121.6745414931993
2121.9968180928395
2122.295890016979
2122.5125147533076
2122.2973707048072
2121.9966188151857
2122.439320495339
2122.6957472978256
2123.0102131144145
2122.7945303124225
2123.0073482697944
2122.7391398630857
2122.29044964389
2122.6593457100475
2122.9731220093518
2123.343723947358
2122.9502354397487
2123.2527162148804
2123.704337127266
2123.4469811697377
2123.226292375791
2123.441141779183
2123.083107783743
2123.2991268003693
2122.9300839950024
2123.1436502246356
2123.3845509564057
2123.690761342654
2123.442083078336
2123.9112588779503
2124.2360239579407
2123.9892315327556
2124.206911096376
2124.513682753001
2124.741495522111
2124.3570010338976
2124.5769307126275
2124.978625869245
2124.741296582556
2125.0425291061824
2125.284464416897
2124.997358350095
2125.3597306800307
2125.7155697089283
2125.968364335043
2126.181823168107
2126.554314418252
2126.2646030038295
2125.995654171872
2125.55125994239
2126.0480613390055
2125.7926781061237
2126.0374407305226
2126.280739507999
2125.9406192877964
2126.2566461438264
2126.6227076406826
2126.968478710094
2126.661948290645
2126.9149383427625
2126.702065831698
2127.0410505427826
2127.3729305159927
2127.078249933058
2127.5619141171305
2127.3234149090686
2127.6300321640883
2127.8770317251006
2128.362553166636
2127.8407358618215
2128.311823351385
2128.8280449985264
2129.2208307171013
2128.731319664849
2129.142702916386
2128.706559440403
2129.0522175694528
2128.810467558886
2128.5698083473667
2128.3064396648565
2128.0865468720476
2128.3087340117595
2128.552539706068
2128.3396690785826
2128.651039150909
2128.4360198437025
2128.70769880961
2128.9989680788312
2129.383236681951
2129.611868186681
2129.095735608665
2128.6844646543336
2128.945106877642
2129.315317156853
2129.6536902345365
2129.344379079069
2128.977605195693
2128.5091065650668
2128.9985481334447
2128.7590082110178
2129.1521254395275
2129.376401223046
2129.6096587034085
2130.058338372742
2130.336330840559
2130.6484921087576
2130.1582441596597
2130.670205653913
2130.8833496339776
2131.1134372304277
2130.8968058987
2131.114918903894
2130.7855556479994
2131.2436872992625
2131.7291799083696
2132.188974980664
2131.799197320452
2132.1274868123605
2132.6553284252723
2132.241012500432
2131.763783835333
2131.3751257108283
2131.673038859593
2132.1347650464463
2132.4827294866864
2132.698560359674
2132.434953356671
2132.661891933388
2132.1656451410136
2132.412347776536
2132.7334855759927
2132.5150726774004
2132.7285068484243
2132.403537525941
2132.655882609077
2133.1109705842423
2132.6602007998313
2132.883870130431
2133.259018366676
2132.902075470846
2133.2038047251767
2133.5746244227817
2133.098323659142
2133.3900126511135
2132.9397201485976
2133.2434718277473
2133.494232851829
2133.9366386105203
2133.658073252343
2134.024852007878
2134.400758216353
2134.6364895647066
2135.101330793664
2135.398394941198
2135.1772715936013
2135.4644932488554
2135.786138434302
2136.0032148854693
2136.3282196886144
2136.010597518232
2135.548634338578
2135.3340894323487
2135.112740657916
2134.873883469447
2134.389052577266
2133.943519902121
2133.716925303062
2133.233707181793
2132.732318277993
2133.0105876871835
2133.3657112272936
2133.8737663805427
2134.281766112649
2134.6088954595434
2135.089988652809
2135.540079033453
2135.80821223218
2136.1618163027633
2136.4103399399896
2136.136253763056
2136.356569868065
2136.672506523787
2136.9803474630285
2136.565922569261
2136.968526764317
2136.4386385739217
2136.6542509451074
2137.1196776885986
2136.779167039064
2137.094210442974
2137.3708113037383
2137.7007192708056
2137.402320176245
2137.6828540182973
2137.457595423154
2137.9792314605193
2138.397715221173
2138.8522964447875
2139.129827656819
2138.6265107940194
2139.1012074586
2138.873935862443
2138.636653132029
2138.2883403838746
2137.924570966206
2137.7095158095767
2137.973406053206
2137.742323452868
2137.506050122257
2137.7231959734017
2137.3794414749195
2136.877477290643
2137.28733376579
2137.819289467057
2137.5496719815183
2137.799197964459
2138.070291362888
2138.2865863741213
2138.5551948120246
2138.770080786042
2139.1149627478785
2139.369385615032
2139.606994056427
2140.0765276384845
2140.3960121288424
2140.6414526820836
2140.8848221643275
2141.3095220216765
2141.0869471773053
2140.582531500855
2140.353511217038
2140.5776232245203
2140.1853947690547
2140.474650317359
2140.741341945755
2140.5154881913677
2141.049707662328
2140.632335102581
2140.893434801946
2141.236922418143
2141.5804618115217
2141.9570933293926
2141.4671053452385
2141.8334093925573
2141.613217136798
2141.843488457908
2141.582033898397
2141.85672136707
2142.111721252766
2141.8677385252377
2142.140996555345
2142.5939669879317
2142.2015640513164
2141.6692171496884
2142.1103201746814
2142.3287521911934
2142.602244251852
2143.1131883739695
2143.35754952292
2143.0928499605297
2142.8764380690122
2142.5614718566508
2142.7797767630623
2143.185330360311
2142.7850235327473
2143.066848144164
2143.3877080872667
2143.672735676495
2143.255019938602
2143.6842853703647
2144.096279873368
2144.3557310451306
2143.8718445316126
2144.256006690764
2143.8033695177255
2144.063993927108
2144.2969827133898
2143.892385579258
2144.359310425075
2144.0553615869244
2144.5206767842683
2144.1518229101116
2143.667091099523
2144.151960586756
2144.4149361169425
2144.8389968492925
2145.2899343269487
2145.0743718872645
2145.4907708299716
2145.101415485046
2145.317521868306
2144.8405766453952
2144.436100894007
2144.869614261539
2145.0930335906837
2145.3600878200123
2145.6678958244506
2146.002184524456
2146.218795479996
2146.521180763603
2146.9811148624185
2146.655031965036
2146.367564863601
2145.9177066527395
2146.321554025148
2146.5982242688556
2147.0176271070786
2146.5173311280414
2147.050543990543
2146.6835226760863
2146.2413876621367
2146.471404948456
2146.2566572529645
2146.5929847616494
2146.943154464356
2147.2132280131145
2147.5000591531766
2147.280034870614
2147.7155139691877
2147.1822943797356
2147.592431866089
2147.812253996341
2147.337648445159
2147.7845683743158
2148.0635162805606
2148.2901858077994
2148.5949390935607
2148.9483943464825
2148.626912846696
2148.85077410343
2148.442224993114
2148.687581681571
2148.4669107522277
2148.091225880142
2147.5653570496265
2147.0968527125015
2147.446613238205
2147.948572753293
2148.3080553634436
2148.6316760573236
2148.414882190832
2148.807466183239
2149.0274857751583
2149.405665982444
2149.6507508773298
2150.076399428696
2150.567483890732
2150.324087786217
2149.877909873675
2150.09346148125
2150.3561746437967
2149.9802687898746
2149.5739656383935
2149.1620333599813
2149.458057733601
2149.9589757435187
2150.2508840407827
2150.5097812905674
2150.831030702874
2150.5408991751656
2150.9350778492812
2150.644529985559
2150.9647554918283
2151.186245396336
2150.9673534074914
2151.392998384991
2151.0512646120364
2151.4389212672363
2151.7623339042466
2152.134067675919
2152.4798016811433
2152.263339963555
2152.486644236705
2152.2622733851763
2152.485703390924
2152.8586799319255
2152.598831659954
2152.8282579434954
2153.207743221117
2153.4812705176096
2153.6997787147748
2153.999541949914
2154.4591862302746
2154.0122119817606
2153.7031363673177
2154.2385628011775
2153.9696127524194
2153.7241324635147
2153.492264334158
2153.720000871061
2154.104244201314
2154.472612890407
2154.174996627597
2153.8016206423804
2153.4348815661797
2153.870866492563
2154.324619534627
2154.0932094913137
2154.564578223968
2154.820426868687
2155.1477911553666
2155.4176528763037
2155.7279486968023
2155.5052188303434
2155.007494597805
2154.7594576423494
2154.5274879222256
2154.3034317143165
2154.528126099454
2154.936587050488
2154.7209775023152
2155.0960467429945
2154.599861178493
2154.908282196989
2155.298358631557
2155.5469312664172
2155.2910888868164
2154.987460765898
2155.340394986178
2155.0191984236767
2155.3520335291555
2155.7525182808868
2156.048394507368
2155.8170410690054
2156.072950253327
2155.7129746894634
2155.2213046608317
2155.5562748483703
2155.953448145139
2156.1997822577264
2155.6693272253456
2155.166906975101
2155.5814354900385
2155.804437820389
2156.0633961801977
2156.41497614255
2156.6491914589096
2156.8830037931475
2157.1262153199154
2156.733043416792
2156.9982444953334
2157.224641186573
2157.723380386568
2157.243192615608
2157.6074602270305
2157.3915408104767
2157.703464643909
2157.9194233765174
2158.1463351683797
2157.7209432122945
2157.9926825926345
2158.2400455291872
2157.953641446553
2158.2435851877663
2158.4639358611926
2158.8313683520114
2158.4742294117523
2158.901310762382
2158.6211563867773
2158.920667989387
2158.4773543557985
2158.711641643475
2159.204540285541
2158.8562458654546
2159.204304701756
2159.499313519227
2159.2292191863253
2158.7039156056703
2158.4599853769073
2158.7996743058898
2159.2466975006764
2159.7690703390253
2160.304567264799
2159.9932064041986
2160.2471651076726
2160.029829089351
2160.5012845228725
2160.1301389458345
2160.6194832642186
2160.4032239192456
2160.6194467428054
2160.348270278862
2160.661447915104
2160.956310352313
2161.4350223210636
2161.796833301861
2162.253426696269
2161.957262089337
2161.603001837981
2161.3433864389817
2160.841022108679
2161.331351442565
2160.8886845678044
2160.6574551258836
2160.340857561018
2160.66631079772
2160.3727396404115
2160.096701203463
2160.4100774496287
2160.008059787052
2160.256127023895
2160.5096935767997
2160.218529660723
2160.463050220185
2160.699584472003
2161.059804597486
2161.2990748654797
2161.788354958055
2162.0680168121494
2162.3327587013514
2162.5508920278817
2162.7684861001244
2163.003568323592
2163.231747960215
2162.8318631602006
2163.2003832797955
2163.493612386017
2163.8036615262827
2163.4391247985764
2163.7099570450678
2163.961958719742
2163.6604814164975
2163.2878925315463
2163.663431513045
2163.9247083516257
2163.4828159474628
2163.2372705858907
2162.702436007134
2163.007499904278
2163.263205247616
2163.4862163730077
2163.7249714173918
2163.9500976776408
2163.685677874387
2164.100324663621
2164.334433128572
2164.6433516495767
2165.1225619827683
2165.387433865197
2165.0784893640584
2165.330777456962
2165.702268697029
2165.2700759350587
2165.787313489028
2165.432604024537
2165.7267485336497
2166.028240908116
2165.8103794909816
2166.183141126566
2165.962075558815
2165.7387918249556
2165.4218706270176
2165.8822627954796
2166.387255843465
2166.852691667556
2167.1686173044905
2167.466618030641
2167.209875952354
2166.8801614834288
2166.6494097513532
2166.4312328555047
2166.7970617840483
2167.017868593007
2166.5471528585435
2166.9247346798943
2167.2553381980306
2166.8447560795294
2167.0798027316696
2167.3477924597914
2167.574810006578
2167.792037949903
2167.4986605419463
2167.7154224650444
2168.222618518496
2167.7412477508283
2167.4112028135264
2167.6846768230657
2168.0783642623555
2168.299503712642
2168.701296284722
2168.9203825236864
2168.472537232212
2168.7949476692766
2168.2720484184615
2168.5127662366467
2168.9031162673323
2168.3877876718384
2168.8031158673675
2169.0401464517777
2169.363977526981
2168.9628280872776
2169.3744107356324
2169.145654584638
2169.3879271225933
2169.7031840178256
2169.221568889344
2169.607659098345
2169.9608471220217
2169.6918396165825
2169.3892543994666
2169.0013481349424
2168.745214460126
2169.1548786706358
2168.843670245964
2168.5959848030266
2169.031898189663
2168.784048960203
2168.5390322721055
2168.291005764364
2167.98073517032
2168.2149484569927
2167.78230409986
2168.1429603222086
2167.9117766501595
2168.3148644788653
2168.711012488595
2169.0711905270477
2169.368122101812
2169.5882504113492
2169.9390351954585
2169.4625054838566
2169.6878162123985
2170.0171606894555
2170.27297612416
2170.526792193019
2170.8677885236248
2171.1473101851343
2171.6475763951535
2171.917765922908
2172.3458514896806
2171.861268808984
2172.2472042022214
2172.469474015467
2172.7094423016792
2172.47046037615
2172.9422696152483
2172.41120870359
2172.7080835074717
2172.3345142680664
2172.765484601929
2173.0280331564823
2172.7684724123237
2173.2935099360984
2172.770278666245
2173.2847137430376
2172.966460817541
2173.18624500843
2173.7169523476136
2174.036455840765
2174.4797640152246
2174.2295021303635
2173.7888078955484
2174.0576508523127
2174.3652245225758
2174.6695685149384
2174.12766757531
2174.4951598455036
2174.0792556198003
2174.312146505405
2174.6407357522426
2174.3755855895624
2174.593168763525
2174.95136710328
2174.562115188983
2174.7930462137165
2175.0200770345878
2175.4211886625685
2175.0693990038408
2175.572614702546
2175.221202995085
2175.6603383198053
2176.0592816267617
2175.7242394538957
2175.3808258613444
2175.8513023265887
2175.3450893250706
2175.7343632005673
2175.385342745605
2175.669209916764
2175.946392572262
2175.5672447056745
2175.840175164366
2176.2568580641514
2176.6147283641353
2176.3707700301507
2176.661104706769
2176.9555074343275
2176.7140136304033
2176.3205171696686
2176.5912932727697
2176.8392842557923
2177.1827232895207
2177.4506303048693
2177.0166268943926
2177.281301233758
2177.6047424903973
2177.2374150589085
2177.4879048875628
2177.1636732702664
2177.6058358543237
2177.824373671006
2178.077202241064
2177.5955253934503
2177.9153031629903
2178.256438992236
2177.8735357478763
2178.101596499068
2177.5645181198483
2177.8011783307575
2178.297611122444
2178.779664139956
2178.5587966149
2178.2757591317736
2178.7194240446856
2178.3265633626515
2178.7956417697833
2179.032319985829
2178.7980076635104
2179.090658582532
2179.361407932746
2179.855344374826
2179.416206876196
2179.640157377695
2179.9192460264176
2180.210614296469
2180.4458443208823
2180.751523322114
2180.4346867636705
2180.0298991377917
2180.2497013289903
2180.7485085404614
2180.9703635540704
2181.200177429164
2181.6633764466387
2181.3996691522143
2180.9157354068125
2180.6060674908663
2181.0635195980362
2180.6855053236127
2181.075972852
2181.4139280717886
2180.9991777354885
2181.2428477489457
2181.7054875807703
2182.2483820067596
2182.5781218127236
2183.0335041138956
2182.7604763566087
2182.9788977200915
2182.4948032180105
2182.7946348670503
2183.133400017545
2183.664949352285
2183.13170141621
2182.756104025125
2182.3029050860846
2181.957266194405
2181.4979043051867
2181.1957793090087
2180.7542404432584
2180.9735793065765
2180.5823757983703
2180.142189930429
2179.7366776208437
2180.2728746904727
2180.51656052277
2181.050316629232
2181.4665099362983
2181.830366769339
2182.1076984780357
2182.6385348310755
2182.2649796220535
2182.484880488134
2182.9544339257773
2183.1903567399
