0 0.0
2136.4710454037395 2136.0316227311037
2136.438305562254
2136.6534208861262
2137.133914915242
2137.4842006166814
2137.739233638225
2137.255222699256
2136.9558761064673
2136.6545724426164
2136.4393737007836
2135.994698241851
2135.6385776759016
2135.9219719826815
2136.1932617142397
2135.952637033316
2136.1725169995175
2136.386676414772
2136.644773614107
2136.907801916424
2137.342787947967
2137.7216043756416
2138.1229603735305
2138.5379016161814
2139.0217623259314
2139.4127948787936
2138.8833212764607
2139.3592476164595
2138.9002289785017
2138.6770634081813
2138.8925922565363
2138.4601781032893
2138.1688200746557
2137.8469651418
2138.342778999484
2138.732056305547
2138.470508117551
2137.9710335541777
2137.4718090879296
2137.7624920778385
2137.4842219911657
2137.7646573157076
2137.421813378482
2137.729755471917
2137.944765737046
2138.208985400508
2138.6703110758367
2138.32629100597
2138.540215565716
2138.7564829355774
2139.280687294631
2139.6866719510863
2140.0483238238926
2140.4985092934517
2140.890262871537
2141.1282094576627
2140.9023543891335
2141.1795288591065
2141.6261181923783
2142.152540439767
2142.5611866614863
2142.1648056115755
2142.424123550662
2142.8889542049487
2142.5588013197753
2142.3279549940366
2141.8783408121003
2142.115138339512
2142.5662292567567
2142.7894689241602
2142.2967302030092
2142.6631424166167
2142.9452388394475
2143.4688306133035
2143.7241086076347
2143.191628644319
2142.9737613046586
2143.4738556565553
2143.0086332027727
2143.230097664264
2142.837054172159
2143.3389404068826
2143.573621711001
2144.092890645791
2144.452843101649
2144.0216566471327
2143.5338014654617
2143.8632357659294
2143.4972927719937
2143.9568541207027
2144.3311447795213
2144.6753058864706
2144.3136575508406
2144.628432832958
2144.112677948741
2144.474077474439
2144.7779161798744
2144.99725425497
2145.455602837807
2145.6798392651945
2146.105950826127
2146.4088807075623
2146.662980186146
2146.9344526474197
2146.6958012583777
2146.9608078409324
2146.7461032436663
2146.325178799018
2146.068154655654
2145.8510068049804
2145.364799006767
2145.8880517720504
2146.2750000721294
2146.7860963839607
2146.4275888538655
2146.210139878393
2146.4545867757074
2146.7149201125453
2146.298392225924
2146.6061139541016
2146.8479580701974
2146.5363619761465
2146.8404049874043
2147.1226913641844
2146.7698181930136
2147.2049867095857
2147.436064117864
2146.988648429664
2147.427945116
2147.9091691749186
2147.595407216283
2147.3365555238997
2147.575094126456
2147.3084881740874
2147.5959412746874
2147.983314227931
2147.6584619842793
2147.8735808563606
2148.1956677989783
2147.8705532715885
2148.1868954399415
2148.416633821175
2148.7939880181993
2148.492517857806
2149.0146420424076
2148.4808500478957
2148.827065466978
2148.596484762653
2148.9628258921794
2148.6656310705803
2149.142436344194
2149.679129989407
2149.9485526506974
2149.6433005515205
2149.2785148555904
2148.9688040937417
2149.3802612532727
2149.1636204904003
2149.6145788442104
2149.9547218903995
2149.5283919219064
2149.765311098603
2150.008128969875
2149.713468808051
2149.9414474405003
2150.2639619668294
2149.8068244652272
2150.122239308864
2150.5528643798107
2150.853172876444
2151.2215923035246
2151.4422407320085
2151.7077528799864
2152.063245870485
2151.7167104989467
2151.243643914445
2150.917826305187
2151.18260073078
2151.42267021286
2150.946305651668
2150.7285398425447
2151.114229635484
2151.443570901894
2151.902239609054
2151.616732105437
2151.8533572428632
2152.069780131977
2152.4322943366788
2152.1122946304995
2151.6680798456073
2151.9798036896195
2152.2993359912384
2152.6836739359783
2152.98691330368
2152.7487658766454
2152.5187346931802
2152.770206023665
2152.524063226367
2152.7697157732387
2153.2612592386095
2153.0100161671394
2153.2650589808336
2153.55030431235
2153.1774898223284
2153.5010264697216
2153.903549741428
2154.3588202068468
2154.622916513249
2154.109415746366
2153.6714747450665
2154.064828597437
2153.801710554267
2153.293157057634
2153.5114268865805
2153.7473591231224
2154.0096590564485
2154.3679335986717
2154.6256689498205
2154.876344576443
2154.509315379115
2155.010258131752
2154.476100568484
2154.7750004592167
2155.2012835310143
2154.9805549091243
2155.421312948386
2155.652775219514
2155.8861187247176
2156.2167257942474
2155.9162637131226
2156.403293579676
2155.966942119024
2155.549303418335
2155.7718817061377
2155.4747465685973
2155.7067165475696
2155.958500718065
2155.7296941055984
2155.9480859205446
2156.406260583635
2156.6652374921296
2156.937332960289
2156.7157329660404
2156.464239952365
2156.7163365180722
2157.0906025995437
2156.8409386812173
2156.5891384811016
2156.149381473456
2155.7222414991006
2156.01768142563
2156.2332853237394
2156.4898154785496
2156.81647111601
2157.0493801766374
2157.572830261613
2157.7949094044648
2158.022981219101
2157.7807470079874
2158.224638679536
2158.495564583309
2158.1046221064184
2158.471903064089
2158.218471837374
2158.5727223086865
2158.846860551488
2158.5455539443947
2158.844713744139
2158.6129124531153
2158.828999082423
2159.091993002009
2158.8161425864614
2159.2785614793424
2158.849848369874
2159.0752974356856
2159.348086138256
2159.020036472753
2159.236900034321
2159.4550730182414
2159.109817532895
2159.4961980924872
2160.0253376937885
2160.28371198969
2160.607218784098
2160.311778793541
2160.0870993748663
2160.3097758569206
2160.7583215380064
2160.990158490056
2160.472907501211
2160.0030310871934
2160.379601418571
2160.7315437812304
2160.4666097595373
2160.686739541563
2160.9162219810564
2161.1897166962685
2160.9345097621913
2161.451369507902
2161.708126276058
2161.9551192640406
2161.6358945319485
2161.1545301478895
2161.391315063536
2161.6185764006045
2162.0831082175664
2161.7428403465588
2161.993026567724
2161.77064939822
2162.0176962866444
2162.449166298038
2162.1210017736016
2161.9021676669663
2162.2819931868285
2162.7687585633153
2162.547726201772
2162.9179747417693
2163.3002040152296
2162.9848770079566
2163.465251014427
2163.247703411149
2162.869505819915
2162.424575803599
2162.7894192902872
2163.0461784631198
2163.291927384395
2163.5677978877097
2163.901809570858
2164.3012803229676
2164.043229116389
2163.82169733497
2164.0936626654566
2163.7327925521913
2163.513757810293
2163.2154702809853
2163.4435786545614
2163.9606005719684
2163.514132290513
2163.876329275723
2164.3131848160956
2164.5464970444227
2164.8890660135385
2164.4228210919055
2164.8487308546387
2165.2092276883573
2164.810033450813
2165.1243019073454
2165.5042779780247
2165.2571598363766
2165.6338517579156
2166.091462810447
2165.8739710501595
2165.604067380866
2165.9145360476673
2165.695160697924
2165.9197594361726
2166.137809084144
2166.6467668480045
2166.909839761372
2167.1596674765037
2166.925982967616
2166.6691994234275
2167.018023371298
2166.801006294915
2167.0446343926687
2167.274870336573
2167.685998595239
2167.963210243974
2167.623012825504
2167.082259343117
2166.608631640884
2166.849171714743
2166.316644695204
2166.795263073254
2167.030389544936
2167.2870645225703
2167.622183842752
2167.859561934807
2168.358329501082
2168.0740035513772
2168.412861259173
2168.6358491333285
2168.3605840256746
2168.852047312522
2169.0788540913964
2169.5598664352688
2170.002836661377
2170.348859751424
2170.117081665921
2170.368297957792
2169.89888914871
2170.1855262439763
2169.715295934033
2169.4290141119623
2168.9207190843154
2168.7004664766155
2168.933321219967
2169.2977865457547
2169.7987075111705
2169.419049354932
2169.884740766725
2169.6627350149874
2169.910989947092
2170.1498162078633
2170.592931788099
2170.1124073122073
2170.547111945274
2170.114884033351
2170.534486644629
2170.010145403617
2170.3264336910534
2170.699578016881
2171.113247059209
2171.477190514447
2171.001254377252
2170.7749415137505
2171.0164518809006
2170.581623146997
2170.941773542628
2171.17517384217
2171.506566224433
2171.736253855644
2171.506383130434
2171.942316975417
2171.705610253349
2171.315538203497
2171.7702458050494
2172.0198791617913
2171.7916267069204
2172.120745124379
2172.4107201660763
2172.7780992424064
2173.2084364415723
2172.956299197581
2172.64609529458
2172.3940687633726
2172.9312501248232
2173.345176077312
2173.6602737016397
2173.4150010453245
2172.8833993401972
2172.5243200680216
2172.7505701923537
2173.0837936538564
2173.604708808579
2173.826049269984
2174.335956542525
2174.6550191916126
2174.956657490313
2175.454235086172
2175.1811695321753
2174.7150786583106
2174.477618120829
2174.2003183068477
2173.821548251202
2174.187394132817
2173.847870446434
2174.1088735015674
2173.8140205845007
2174.206605602786
2173.9021334996078
2173.517832196939
2173.735376514495
2173.972839085936
2174.399386549301
2174.170930637028
2174.5543097633295
2174.1441008824454
2173.6073252998035
2173.2038205423983
2173.6316112080817
2173.2216118733736
2172.922613565588
2173.373864932564
2172.8574127793986
2172.6177247267933
2172.3211618982646
2172.0797860095845
2172.344758015753
2172.5620654743916
2172.9373244097465
2173.1777189986415
2173.4779210595434
2173.140084607549
2173.5231901809807
2173.7634113270533
2174.0034503877855
2174.449343309182
2173.916287718234
2174.2399712266597
2174.472860162508
2174.202383929408
2174.441574339439
2174.776918527053
2175.0047277474328
2174.4664636494786
2174.2202817507127
2173.8690132899123
2174.157926196376
2174.383764269309
2174.666106042323
2174.9154980202247
2175.3576780470853
2175.698387910629
2175.4358321195814
2175.704049866862
2176.0283182127932
2176.3535867427654
2176.7472216155807
2177.240448447028
2177.5749780935166
2178.0397753275497
2178.425968265543
2178.697132465687
2179.1895758796386
2179.5947839378055
2179.076353722284
2178.5478789162257
2179.036934363508
2179.4275215843077
2178.959397772317
2179.2149094974957
2179.5279231241043
2178.9846078357714
2179.490137386493
2180.0344466148795
2179.5780576248794
2179.8340746873923
2179.5763228807978
2179.8240258755573
2180.2514010017726
2180.0227976160204
2180.41267363808
2179.9140136513615
2179.5310821132443
2179.873079493533
2180.3590812774364
2180.1241485096307
2180.627301364513
2181.0170351723796
2180.501932936711
2180.1670207909383
2180.3924862891836
2180.6106754902803
2181.145409902921
2181.390614541688
2181.005044499091
2181.2241794296338
2181.5057994580875
2181.1186682718903
2181.6168239733106
2181.337510137287
2181.607973227201
2181.9900277148195
2182.441538466052
2182.0607370943917
2182.398343633465
2182.115516159934
2182.3391789767616
2182.631281257755
2182.351435396864
2182.8706272092863
2183.0925074966294
2183.312929293448
2182.9938999786996
2182.4871864604384
2182.8468683728834
2183.2310249203497
2182.8630557690726
2183.15832812752
2183.377441369036
2183.6191463260648
2183.2745917602433
2182.8422495454097
2183.192400759268
2182.952663410724
2183.256233971949
2182.8442754948624
2183.210879536576
2183.5419442694933
2184.017241718046
2184.2750469458006
2184.0093833234423
2184.3123072000644
2184.538205876415
2184.1017574156695
2184.5021669357634
2184.7369633603093
2185.1083873231487
2184.867281839307
2185.0871871230383
2184.8655355134624
2185.110642784638
2185.646846943734
2185.3354995790605
2184.8957423224138
2185.134335699405
2185.4466363684764
2185.0593883260176
2185.526071690209
2185.8531911404584
2186.1525421613205
2186.4498930536374
2186.8558261073135
2186.5502053206314
2186.1862166113915
2185.9269357349526
2186.155865967911
2186.494202420721
2186.7441796106705
2186.524424736755
2186.1373536318756
2185.8370259717085
2186.113857953806
2186.4554522035946
2186.7415221825413
2187.1980637204265
2186.8271473241234
2186.6047481577634
2186.8778056789115
2187.099664814154
2187.421004128703
2187.6608079494863
2187.8866982573973
2187.4944861217687
2187.716809828219
2187.956594977585
2188.200123720054
2187.6832669227965
2188.0091825950894
2187.755550550639
2187.982481519548
2188.3680611471327
2188.6505644596755
2188.9080251792607
2189.1518689584636
2188.6759403316632
2188.224316000781
2188.4439907181495
2188.687508443806
2188.1892903135017
2188.521441424762
2188.937676019588
2189.1627893008213
2188.7144441980163
2188.965271546183
2188.715368994176
2188.9568593511767
2189.3729570387013
2189.645164498221
2189.2714065077553
2189.5931025580253
2189.8169528011495
2190.2143487454637
2189.775782756796
2190.246973622
2189.7842389189814
2190.0201285245907
2190.4668877355957
2190.710221901132
2190.386715530041
2190.752451831756
2190.5321411761884
2191.0404659559695
2190.7938601110877
2191.0875137295857
2190.818776719283
2190.587415256192
2190.806973328113
2191.147985096242
2190.856449830818
2190.475225066776
2190.212503269371
2189.906726212115
2190.240035333569
2190.4800097869106
2190.752409689024
2191.084739033382
2191.3804190613873
2191.8508979709995
2191.6311419985827
2191.3336987892017
2191.693021506177
2191.936630118515
2192.264447562807
2191.7465457972194
2191.9705596228982
2192.2513428168613
2192.471700062459
2192.7312778278597
2192.19857961208
2192.421589672237
2192.96450013946
2193.195391391771
2192.722348842853
2193.1696909390785
2192.9128322400998
2193.137438516537
2193.4428433281746
2192.95530722919
2193.1746256847337
2193.4936375100624
2192.9612653522604
2193.4094964403916
2193.789520546952
2194.3136979368687
2194.008352440989
2194.267036364384
2194.496108487369
2194.2706643137412
2194.046910439429
2194.5708702723123
2194.8798353188836
2195.1945590554824
2194.9335250081153
2194.555083645647
2194.9091655393668
2195.1660678317958
2194.721655553943
2195.205686481107
2195.4543331114874
2195.0165258643583
2195.28274483783
2195.629949928616
2195.199567689408
2195.4744810828943
2196.008980532946
2196.2481923491105
2196.00009812988
2196.2976237150683
2195.9792601011454
2196.2138998646446
2196.5767112657277
2196.355901124962
2196.1021366282034
2196.3284590413164
2196.8193854575006
2196.292194559612
2196.5500381061743
2196.9751237775536
2197.2457149400075
2196.9261818901373
2197.2075411339115
2197.448648231943
2197.075441954469
2197.4911563807464
2197.249248887128
2197.4721784042235
2197.9375070399838
2198.433782073053
2198.7363977617993
2198.447066390457
2198.2095077830586
2197.7367802350927
2197.3576934586313
2197.613623429766
2197.8444652225107
2198.06455421983
2198.326521880071
2198.6465841354097
2198.398199400371
2198.6294598244845
2198.2508438998534
2198.634665088678
2198.934153027938
2199.166710809276
2198.8658609658546
2199.0927526717555
2199.495686798272
2199.7938340222604
2200.267028654207
2199.831863216627
2199.392010988444
2199.873844594517
2200.341673864906
2200.8644983281365
2200.5082928715133
2200.2719286747647
2199.7488319953713
2200.2572938397375
2199.871268467929
2200.2570081618665
2200.7080424687856
2200.9888614735623
2201.5191894339723
2201.203268843488
2201.5391643710827
2201.1514755257735
2200.9290071766545
2201.149811964414
2200.677121316988
2201.0414067022566
2201.552527452022
2201.168976667201
2200.938904784117
2200.505711914606
2200.003952855779
2200.2280756033615
2199.762404926215
2199.5104958741586
2200.0030157419355
2200.267988275312
2200.6712585911428
2201.1621822900183
2201.5791193837354
2201.8371436688567
2202.181489599854
2202.6591543936597
2203.2083388896817
2203.5090907935105
2203.106418226636
2202.87238117818
2203.3369814263056
2203.0412398666235
2203.351616859365
2203.0290772071935
2203.351543541567
2203.0446898418295
2202.8203270612194
2202.4784206988124
2203.012096642325
2203.2625634131305
2203.583796024783
2203.8769853920226
2203.5934965619504
2203.8455088139394
2203.5667229946466
2203.9007116208463
2204.310815525211
2203.817285885953
2204.1142807253236
2203.738789892767
2204.273736736214
2204.7712894055717
2204.4972163082175
2204.7499389384757
2205.236757987815
2204.952031580064
2205.17752804851
2204.8866181450626
2205.305648664216
2205.5769012126243
2205.306376564533
2204.78985342145
2205.2412145774324
2204.9176564698437
2205.163375072567
2205.6044842018605
2205.8285458925584
2206.0517908905613
2206.564781010056
2206.788110753724
2207.0699146651064
2207.3755528627967
2207.014182350859
2206.6165285562993
2206.3794939808768
2205.9193495117966
2205.621120109455
2205.9340815494215
2206.3908818227687
2205.889148917108
2206.2445532398942
2206.578011716411
2206.8249455512573
2207.337733059773
2207.863507218094
2207.4568655900976
2207.8051398930966
2207.416012037148
2207.112582273162
2207.3847381422584
2207.913468397507
2207.6749964664127
2207.913223379595
2207.4337833697637
2206.915788793896
2207.219095261857
2207.6147696710686
2207.9433892704988
2207.7120554742687
2208.1439797956264
2208.596806184965
2208.8251034326445
2208.511911113536
2208.9338869097082
2208.711089022958
2208.970576825054
2208.4970096584007
2208.7207837614674
2208.9558945149497
2208.456833314327
2208.688555438424
2209.099098817789
2209.3762119430553
2209.8615580761216
2210.3287983078135
2209.8386149141625
2209.317641464811
2209.678780740143
2209.939416171911
2210.181369186735
2210.7005935582815
2211.017090189676
2210.625944705232
2210.2527461717827
2210.645374763427
2210.345408808765
2210.033713648256
2210.332839901023
2210.8456490339568
2210.5155193918713
2210.743213875655
2211.0438023219804
2211.5690459987327
2211.2634554023994
2210.78851902335
2210.3214763452515
2210.6146771410513
2210.923076867232
2211.2786202377156
2211.500319090076
2211.7848226122946
2212.012256934172
2211.5478274307893
2211.8151949987237
2212.245469777826
2211.8717912769193
2212.3496236947076
2212.6170257879626
2212.9548549580813
2213.227200136379
2212.966908255265
2212.6513480417243
2212.1215559934813
2211.8927799117637
2212.3196531080835
2212.6214361080547
2212.891434559337
2212.4405565717593
2212.729419674336
2212.966071646536
2213.50908733726
2213.8275482489257
2213.580501426513
2213.9504912802618
2213.6920985732772
2213.9148350265014
2214.1507150568646
2213.7241606198418
2214.2759628841345
2213.9467523195135
2214.3884681825098
2214.150385166816
2214.57704739678
2214.1838892037113
2214.4207553350516
2214.845178377988
2215.197005685878
2214.6665721481468
2215.1879671415836
2215.4523104931036
2215.725779981025
2215.3648519110293
2215.0171749872666
2215.2565662930683
2215.6186363789475
2215.2253804702505
2214.9216928947903
2215.282977770535
2215.628848231408
2215.9056753193017
2216.1490526264806
2215.813351721259
2216.1842893057155
2215.8584900714472
2216.2355497426283
2216.5873107308876
2216.865926291504
2216.6073856898033
2216.3033505276862
2216.6316570527592
2217.0115369916857
2217.450694919837
2217.1551959767608
2217.635198425205
2218.1502607644957
2217.920776768807
2217.411666363844
2217.930859843656
2217.673409326884
2217.9597240467133
2217.448364714386
2216.9533873591045
2217.188941753512
2217.5499050353023
2218.0412258159695
2218.5696380843947
2218.3326204882183
2218.0768059202637
2218.3470720478917
2218.70800020966
2218.4684975905684
2218.98434801943
2219.3067974214046
2218.9761910758375
2218.4893105566503
2218.8374968059525
2219.1419274792893
2219.3670274563387
2219.1280855584764
2219.367158656159
2218.8586077974146
2219.114863544565
2218.622141226599
2219.001036665306
2218.46015737352
2218.7240694746038
2218.9708829103556
2218.6656012752255
2218.991416039757
2219.50038969695
2219.7533543878253
2219.3610118230417
2219.649035168505
2220.089437862077
2220.4552866947733
2220.060717554886
2220.316828398887
2220.867594795649
2221.316410157691
2221.5749184042115
2221.9953499401686
2222.485898397257
2222.1595839131496
2221.8937547240666
2222.1518491956676
2222.7055793513464
2222.158395686644
2221.864981661812
2221.36222266825
2221.9102795559174
2221.4883167264925
2221.887694490773
2222.185587430318
2221.9036344046694
2221.6769038462244
2221.899898718558
2221.621806677386
2222.0858558771356
2222.38226746858
2222.8904210477403
2222.546581594366
2222.7957333443364
2222.4655719271605
2222.913779209259
2222.461982812386
2222.8670776645545
2223.3890677070926
2223.164008142369
2223.431703453309
2223.026712069034
2223.459220481017
2223.9767756888327
2223.5289302902934
2223.849583872232
2224.073710757218
2223.841182429272
2224.1151539100356
2223.6048397783234
2224.1437140221037
2223.895435629663
2224.342708365667
2224.8591337359585
2224.59354988474
2225.140364300704
2224.6808904642785
2224.2077788127363
2224.430797078224
2224.6540708413586
2224.8831988996376
2225.349304757913
2225.654162498843
2225.882526424476
2225.640221390089
2225.182814585753
2225.4694881387054
2225.8504609686556
2225.32649334642
2225.5992413514705
2226.0294205536725
2225.8058649359386
2226.064679841127
2226.293048817664
2225.8390593885883
2226.063396272128
2226.4338360676884
2225.949331362927
2226.180672401718
2226.4097576127606
2226.669237678377
2226.8952973174823
2227.2425644660657
2227.70610652763
2227.2842368138217
2227.0189748934
2226.6803023258317
2227.0688741630474
2227.429855182953
2226.9176015983485
2227.178114937469
2227.6506479028653
2227.2016798544128
2227.717341606785
2228.2587246762846
2228.634218872181
2228.120479413629
2227.8829823799333
2228.2864047641306
2227.944210606382
2228.3337946832944
2228.801297309376
2228.3211938545305
2228.5596541221557
2228.0905708598716
2228.410870087475
2228.6802577474177
2228.3927086300264
2228.118328412099
2228.6546141680865
2229.059519572449
2228.586445246765
2228.9298835488107
2229.2261152180035
2229.700552633945
2230.0757061443633
2229.6705289778515
2229.3351584491074
2229.0375216107213
2229.260519648074
2229.5069782299465
2229.0539438487517
2229.286515353756
2229.766867028356
2230.2651175610845
2229.8845873625514
2230.386447486916
2230.001676383181
2229.7780498983766
2230.1899611561475
2230.4341181105874
2230.930735543737
2231.4141511685198
2230.903702120762
2230.6749838655014
2231.204892302718
2231.5546177404863
2231.1525744937903
2231.4730952987093
2231.774580372246
2231.5108921357496
2231.821693839647
2232.1193329442203
2232.5035415356597
2232.2642236583392
2232.490479055689
2232.792465696798
2232.2672473541948
2231.877427237439
2232.3949450745613
2231.883387092868
2232.163614242738
2232.4895504040664
2232.83775552015
2233.0923643805277
2232.8452154310094
2232.57348573221
2232.929785153631
2233.3367539574265
2232.8412388396346
2232.461796965358
2232.84468479433
2233.0986528188937
2233.4043988888207
2233.6462343054154
2233.9680116168256
2234.2296160234055
2233.8389426509143
2234.069618998947
2234.4350856867145
2234.1641276435316
2234.674509066464
2234.1276633745124
2234.6744372368544
2234.251448025049
2234.4959633582175
2234.8131776282676
2234.3773396493366
2234.919948632992
2235.204738965709
2234.9589499275476
2234.6139404913865
2234.940724332401
2235.193158294743
2235.4271572601124
2235.715414588642
2235.4917083089113
2235.7539073966354
2235.2715339749066
2234.7472632751214
2235.1622824980304
2234.9074927558827
2235.1733694003706
2235.7135886762194
2236.1352284862674
2236.48318088211
2236.825581325917
2236.415011412635
2236.6393313047133
2236.9322232830145
2237.1667412845068
2237.4302721851445
2237.0552898561014
2236.6975134021845
2236.4349045651034
2236.663816543712
2236.9296204139196
2236.7057056497883
2237.0309102232923
2237.5463356748346
2237.883248258394
2237.629296058727
2237.9214044728114
2237.6053453147765
2237.8732773955376
2238.303867200238
2238.786839482057
2238.337753732822
2238.027875713748
2237.5796786132223
2237.838860810322
2238.233313504323
2238.562960271884
2238.3253849105054
2238.5999606181304
2239.107511444966
2238.780975535964
2239.068241822846
2238.7325737567903
2239.287656082317
2239.789081252346
2240.0818805933936
2239.8574770509554
2239.5669507109856
2239.117518972417
2239.4562418964297
2239.690671036744
2239.301080853577
2239.5829130054044
2239.811283707168
2240.1246547635546
2239.874328846269
2240.1040777331514
2240.3750538147347
2240.0242017691603
2240.322096412554
2240.073200149453
2239.582083223146
2240.1230999043028
2240.4039025420852
2240.85943795919
2241.345383931186
2240.7927741813746
2240.389051445491
2240.8293860618946
2240.5177866367058
2240.8626867154244
2241.245507630919
2241.637471515903
2241.179428736926
2241.5794567901835
2241.3384907376226
2241.5768416907717
2242.007361657791
2242.2513740833892
2242.4957519146183
2242.8836247692507
2243.114338306934
2242.6419238809785
2242.8848466518616
2242.578299479614
2242.093395654872
2242.5577157827734
2243.0207251740912
2242.475109209667
2242.8144622702116
2243.1215083086845
2242.695853160942
2243.130796813919
2243.5115694123865
2243.1982484500236
2243.433083715457
2243.938192340337
2243.5869216189612
2244.035816471763
2243.8111621486805
2243.435564274148
2243.9927291645536
2244.4468622059276
2244.7054884217514
2244.2958989941035
2243.9931797445274
2244.3440442432693
2244.644719885391
2245.1867852025293
2245.4256514465237
2245.1784597863575
2245.6707348655914
2245.44608827827
2245.170690417261
2245.626779914752
2246.055087158917
2245.809077545096
2245.3708887724456
2245.0416352711813
2245.2731843657084
2245.6517981744255
2246.1245748287643
2245.8989874559184
2245.5263329806667
2245.8933957994095
2245.5617242697595
2245.8460590433315
2246.3354115225748
2246.1060383550607
2246.40709979972
2245.9017537650775
2246.4354116494883
2246.7046595768047
2247.1699222763614
2246.6682670191512
2246.4141965718827
2246.70188965214
2246.9488060688973
2247.3575660232445
2247.7696328597435
2247.46310264659
2247.6905385986456
2248.0526859312263
2248.373954009536
2248.0674434705543
2247.6742603535076
2247.318170738186
2247.6705053892642
2247.4031887430156
2246.8627825975404
2247.208107678832
2247.4334240536255
2247.880476583725
2248.1597707676437
2247.9327027272875
2248.3062960572875
2248.5313687401976
2248.156305403156
2248.7024988864946
2248.1990926335684
2247.789397882966
2248.1394851071927
2248.3651051791603
2248.90294084344
2249.1531873548433
2249.6714859263298
2249.393157546363
2249.93263584332
2249.6777886077443
2249.9213370006064
2250.2090017046935
2250.738457487184
2250.3614065911484
2250.9118623273316
2251.2208242950383
2251.7419204585717
2251.4183200853054
2251.764616689245
2252.13250260538
2251.842566092367
2252.2128703902767
2251.8590696355323
2252.0889249774737
2251.558892215995
2251.207319131089
2250.9488523441482
2250.4258820193827
2250.772941329169
2250.9993910713147
2250.7565210654375
2251.0039140649224
2251.3506617081975
2251.005024104894
2250.570761530925
2250.8029281647964
2251.251780895899
