0 0.0
2073.966316045959 2074.2482598517936
2074.553293395144
2074.8259804482677
2075.1062856318076
2074.872971656594
2074.6015364122186
2074.993497225421
2074.7447289292422
2075.2262211807038
2075.576747211571
2075.12314261023
2074.865523646981
2075.281703965406
2075.5294052532395
2075.7426322120546
2075.481362370884
2075.0415203028174
2075.2500552467495
2075.5485561024625
2076.0325664489906
2075.730146876043
2076.0594708299777
2075.543929259942
2075.786923697037
2076.0025541616938
2076.379481612421
2076.1548904446518
2076.549591501598
2076.0754207950267
2076.5753718476058
2076.8788240939384
2076.6196248223
2076.3228398176025
2076.0800125427377
2075.844451557131
2076.2408291137967
2076.4604014803303
2076.6689605137185
2076.9435337467785
2077.32551540211
2077.8175948958087
2077.413302788367
2077.742635535762
2077.5187934082737
2077.727176413221
2077.332064074761
2077.6564878001827
2077.8963289631083
2078.1453393590214
2077.890702034826
2078.0994151214372
2078.571210080452
2078.070541473517
2078.3108845254546
2077.7938536400734
2078.031453217283
2078.2394876403546
2078.591853648402
2078.904898451246
2078.6522459296593
2078.9551359668035
2079.316314972819
2079.6979534884176
2079.907008601137
2079.673306685428
2079.2427797726245
2078.8820210302165
2078.409411769922
2078.622544038487
2079.0921039683153
2078.6051822535014
2078.3013282027655
2078.7714064043207
2079.022176296708
2079.287032433947
2079.532950400343
2079.961974439236
2080.23767428805
2080.5725576442055
2080.0807002004544
2080.294456900454
2080.5130817733016
2080.2605133163834
2080.5585588939225
2080.896768697518
2080.6807355040246
2081.1549631683097
2080.9426881989993
2081.3812210408187
2081.7513276837444
2082.163971603125
2081.7146643607894
2081.303415369466
2081.531348948255
2081.739698672755
2081.9731224011666
2082.3278808199075
2082.75761493242
2082.4529953833207
2082.234696739998
2082.0146567680986
2081.5221855581913
2081.74657908959
2081.9614065759743
2081.5376204378917
2082.019539003421
2082.2738455678605
2081.914686319268
2082.263172387931
2082.620192972696
2083.1386965024153
2082.7438891093198
2082.370778715595
2082.787247463001
2083.304608639223
2083.6189493778193
2083.3907217699957
2083.606243584855
2083.397041328361
2083.82132203304
2084.239698330578
2084.029836400981
2083.7425182547786
2083.9817835184285
2084.294862310422
2084.02880659698
2084.53520303503
2084.1348990437705
2084.3935706665256
2084.7447871582876
2084.5272919730614
2084.8851308780554
2084.439262874496
2084.735964470503
2085.1149167958533
2085.431871271198
2085.860684736138
2085.6382187999734
2085.3950456504513
2084.8776151847865
2084.644316976156
2084.9336201248975
2085.1708789337144
2084.8182991446056
2085.2720012064874
2085.7848546114074
2085.326392609527
2085.6842428154578
2086.0634214439388
2085.8515264774246
2086.333946034015
2086.5602470956396
2086.1414869261007
2086.5537276985306
2086.7651528958486
2086.331468399998
2086.590080562274
2086.3651496916655
2086.619575180645
2086.8471372096355
2087.2094386269255
2087.443732075461
2086.9831021962386
2087.4683136009035
2086.984330303535
2087.3787755042763
2087.880915986845
2087.458981132763
2087.763114627434
2087.550220258715
2087.0612948968223
2087.274202131908
2087.7314038671807
2088.04773612246
2087.7004172162565
2087.4746062791664
2087.7143564702415
2087.9807208790885
2088.1964174365935
2088.569629530346
2088.145786604503
2088.367356687629
2088.7593701280016
2088.2489593523096
2088.459842260717
2088.8289231693934
2089.1373318706173
2089.518698429223
2089.0105058376475
2089.277539275488
2089.640505803187
2090.1062059982632
2090.4288713229657
2090.151609890019
2089.824121652182
2089.376282363882
2089.5905148241145
2089.8677878080166
2089.358887476825
2089.123831007054
2089.593416568796
2089.9570405392406
2090.2060306460876
2089.72776090761
2090.1607357294088
2090.421020098272
2090.78665335756
2090.57560990022
2090.215532468645
2089.9363719864523
2089.4658215353065
2089.7931453003243
2089.5770288423037
2089.7990643439393
2090.073222949987
2090.339727785451
2090.816727807396
2091.2892873736287
2091.558694749719
2091.80653361275
2091.5716970971666
2092.060765952441
2091.7722074388544
2091.5219561678505
2091.1292811682797
2091.5244158398973
2091.274326945802
2091.506744168184
2091.8393197413016
2092.32558619192
2092.564930777688
2093.0113634452296
2092.7651647804464
2092.3419679010503
2092.601498529942
2093.0408669470626
2092.722397123373
2092.9673711045198
2093.35140352992
2093.1403285372776
2093.3680273644695
2093.011545554788
2093.5167489254054
2093.9393060056673
2094.1681958752806
2094.425070267254
2094.111679122654
2094.4174267373073
2094.153657891396
2094.590484426078
2094.282512895134
2094.6672192845945
2094.3056023810004
2094.5502424062765
2094.2792264901727
2094.6472026380816
2095.0416694653604
2095.4929844998064
2095.835378675555
2095.567867475631
2096.0415780166245
2095.603079730945
2095.9152444956026
2095.5516256379856
2095.8546074942906
2096.3372287891148
2096.579727412916
2096.297894755958
2096.560098525859
2096.173860836936
2095.9017383336623
2096.3558594628257
2096.0889260242866
2095.8693001882275
2095.6511513966707
2095.9027168479834
2095.6824340156127
2095.1614403480608
2095.383123491742
2095.1045237131457
2094.7523738992045
2094.4878658603225
2094.102732716986
2094.44654315848
2094.6764735824013
2094.8956105278726
2095.1107380876224
2095.3265519223014
2095.5561461598195
2095.8702600893694
2096.287622241518
2096.5352419682276
2096.800183576414
2097.2603081285797
2097.6786154093215
2097.198992151428
2097.410646475975
2097.6930569656006
2097.480561762049
2097.7025618516745
2097.2364979529357
2097.4966347037353
2097.799449037962
2098.049225573024
2098.4429725240147
2098.668203954295
2098.3073177170772
2098.726990682577
2098.214425159331
2098.620208772368
2098.831664964673
2098.612396689905
2099.0144284187054
2099.3441554190144
2099.651862574388
2099.2715746372037
2098.9141782757706
2099.1940217926353
2099.469869554637
2099.9931978656464
2100.5150237807684
2100.0604658116567
2099.765069980091
2100.0997085100803
2100.3973510205938
2100.6243620387067
2100.836769542592
2100.556093808249
2100.340109108348
2100.0509672360404
2100.3208514751254
2100.5466273347474
2101.0018842533314
2101.2331080798017
2100.8261241965392
2101.056204226824
2101.4145946729936
2101.1380927705395
2100.926519916546
2101.254941787544
2100.8842181578807
2101.137270674837
2100.925929279655
2101.3906911030567
2100.866990334415
2101.375457814348
2101.588343927246
2102.0041741345894
2102.382000981784
2101.9800775337026
2101.6335551887805
2102.0410174270714
2102.460228731681
2102.098984241261
2102.395842348335
2102.9056415642112
2102.6093345332415
2102.369303529636
2102.619754917444
2102.985154124755
2103.346976062847
2102.9405012570605
2103.374755458923
2103.7068084250654
2103.3807281024606
2103.157992333957
2102.9472603836457
2103.4211521551565
2103.7384337101767
2103.9490177632892
2104.228884007906
2103.7840970679067
2103.35952886879
2103.862341483482
2104.283418324321
2103.8731584282577
2103.6280980156007
2103.1256538010653
2103.372925520007
2103.6896473011275
2103.9144904139293
2104.329213669301
2104.6933018098757
2104.2331754804695
2104.013051880136
2104.33646182711
2104.7979803188805
2105.247361500735
2104.8697352381714
2105.315400546502
2105.090071065091
2105.306421107475
2104.79684874393
2105.268348487927
2105.642557114892
2105.217343875575
2105.597645130512
2106.0920202459247
2106.323436414789
2106.036385476247
2106.284229263304
2105.9459541413657
2105.7346469229738
2106.0512127068796
2106.5684446465175
2106.0509028527536
2106.4012269260675
2106.150921595568
2106.4282296785073
2106.848039242868
2106.359021512686
2106.7073198443336
2107.0829954994774
2106.8202407664426
2107.0428618826263
2106.768903566371
2107.000512268933
2107.279195480668
2107.594553177322
2107.3785070699823
2107.8189971648694
2108.308707766781
2108.5244338564303
2108.265127859267
2108.5349925136316
2108.294014279614
2108.799191299902
2109.192101243784
2108.952140901586
2108.5372842861125
2108.9002729578347
2108.406485942381
2108.6369173522467
2109.0034709878464
2108.507517772469
2108.7961712240785
2108.578856530171
2108.824022328745
2109.2594373905586
2109.5855835065026
2109.881332806395
2109.4330974162062
2108.909887663119
2109.3208683215876
2109.627819634957
2109.876956707902
2110.10466060741
2109.727191293367
2109.950795651028
2110.329167605976
2110.0612803357017
2110.275236144497
2110.0201318447976
2110.270495857502
2110.7732692003883
2110.553273807271
2110.1550089164484
2110.4676036179712
2110.026883156507
2110.4070264656552
2110.662635296528
2110.946314102727
2111.2650103697406
2111.014228350282
2110.5207844349825
2110.7568610347735
2111.067025655399
2111.589025490712
2111.141780173519
2111.6235499726718
2111.8347558752016
2111.5904618499158
2111.802337963968
2112.1477270169844
2111.924640901095
2112.141121282039
2112.5624970575623
2112.314195908508
2112.549414551224
2112.196172292037
2112.6359116171716
2112.2233985019493
2112.5631379601623
2112.774481585945
2113.0292682458357
2113.270098196909
2113.499756938361
2113.8853255981726
2114.326086746335
2114.0984128631476
2113.8077032749165
2113.558423577052
2113.3464815457355
2112.9169609184696
2112.6435811783163
2112.998773034753
2113.2296585475406
2112.7290919333964
2113.1562844308964
2113.4862846151495
2113.7849656978215
2114.0775331317136
2114.566747824702
2114.3119766234763
2114.5645082312394
2114.8986252022733
2115.124963358415
2114.8779897599343
2115.105811223212
2115.333107623316
2115.6948997461577
2115.907664892359
2116.170761952173
2115.879662038045
2115.5492259979874
2115.8330283911678
2115.6163298571346
2115.3854004597392
2115.6628374684274
2115.2895595132627
2115.5363909209614
2115.282020484621
2115.068264127812
2115.2851371637585
2115.6725524768426
2115.940718119464
2116.321470379649
2116.5393895588627
2116.3123584106575
2116.0858295933517
2116.3797213950293
2116.822341528386
2116.42713462605
2116.764015004496
2117.009210201681
2117.249164281283
2117.021559391739
2116.8053773020006
2117.2579113742295
2117.039603454771
2117.388514494667
2117.118036343202
2117.3983949707954
2117.070850044183
2116.6213361610103
2116.8640157790032
2117.1202458886114
2117.5329228064643
2117.034994701522
2117.2582683083297
2117.5724305817107
2117.8072606185633
2117.5944873268163
2117.347179363757
2117.774860017118
2118.0024288042346
2118.4006560774387
2118.714752767569
2118.286645691657
2118.695930033695
2119.1739553158463
2118.8200375482347
2119.295833331307
2119.5448356563843
2119.042916758145
2119.433879781322
2118.929858310035
2119.1777163360443
2119.436685880616
2119.2109487688235
2119.595315968964
2120.078745928157
2120.390260494353
2119.983093006827
2120.23255354528
2119.8243880994364
2120.084758247972
2120.309088078654
2120.522576372899
2120.2164046558014
2120.4830609383985
2121.0045890702945
2120.6887923223503
2121.203387572576
2120.6868965416393
2120.213502975369
2120.4931743284205
2120.79997067429
2121.277269783776
2121.0538198027757
2121.4319617725187
2121.6964085311065
2122.0174037811435
2121.8018109312266
2121.559269657855
2121.8670617113867
2121.5669737084327
2121.796431361817
2122.159356501394
2121.917108932635
2122.1548957486616
2122.6728306699893
2123.155169319536
2123.4124942605167
2123.6689803953604
2124.041983168657
2123.7776112992256
2123.3761625404677
2123.076965577866
2122.626342986024
2122.3977147170594
2122.617126089112
2123.0235698529973
2122.5156577474363
2122.810463598806
2122.5594505860645
2122.935107568686
2123.2529135845602
2123.6303463404083
2123.4154872317304
2123.096956458595
2123.3339580991274
2123.5529952989755
2123.8407062704555
2124.36962867814
2124.7561806641543
2124.4254753093533
2124.72268529023
2124.256301320401
2124.725487443283
2124.9943592617046
2125.2074082374315
2124.6906076273654
2125.076199193727
2125.379405311563
2124.991153318764
2125.2310400165984
2124.9562476134975
2125.453085801074
2125.981099797408
2125.6628672157
2125.333329507101
2125.088568250899
2125.4366527103034
2125.814420631717
2126.1818955574863
2125.9460243711897
2126.4025041532527
2126.6437914385356
2126.927466742964
2126.69775012009
2126.468845108617
2126.0650096894615
2125.821781419834
2125.4368664694907
2125.7214896808982
2125.4946377233427
2125.7168736025387
2125.3521673449513
2124.84765288423
2125.0608310730317
2125.575473777053
2125.8770597752405
2126.386666510769
2126.6520133674867
2127.0148833976855
2127.289168980597
2127.552124895174
2127.8570208143215
2128.207773768387
2127.703459136304
2127.3453688047534
2127.636564765384
2127.9116734763143
2128.2514510656924
2128.465894847167
2128.1757521734826
2128.4241994206013
2128.7693533241395
2128.5563406436104
2128.926176410943
2128.694073067238
2128.4352209517137
2128.655885184042
2129.119468872931
2128.5939324816877
2128.863985747986
2129.3243534539565
2129.537404101336
2129.844561017478
2129.5269025539374
2129.113828504217
2129.48665864672
2129.917783080883
2129.39321765014
2129.7867114780784
2129.527531246166
2130.02333615596
2129.5395134387836
2130.0543217530503
2130.3887396604555
2130.0331717937283
2130.352667265378
2130.822071340429
2130.413021698923
2130.6396230223845
2130.275938175887
2130.553581934457
2130.040339595201
2130.3789447565687
2130.5938110257757
2130.8816243650285
2131.3968799291165
2131.050575022633
2130.6341266900135
2130.858215284673
2131.3242852916305
2131.5390119001677
2131.2027273562157
2131.5912065308953
2131.293620907504
2131.8071528703044
2132.0208641370104
2131.5320313565376
2131.171508524211
2131.614774663778
2132.1332005772583
2131.914514799361
2132.137091989288
2131.7607693386813
2131.5104950351083
2131.737388796153
2131.975769764207
2132.22987992356
2132.744565894663
2132.522834059016
2132.995614208615
2133.495417611382
2133.7262644890193
2134.048791731334
2134.3996813133845
2133.9207129690294
2133.500277557256
2133.716488706371
2133.201209174814
2132.972962375093
2133.2688730028726
2132.7845079576623
2133.186809181494
2133.5185947472037
2133.302346034631
2133.6872459639308
2133.9191136635545
2134.246791749824
2134.5366138025465
2134.032726323654
2134.2491016832464
2134.774573130115
2134.5129758327894
2134.804911265386
2135.2104587850304
2134.981103625982
2134.470338996845
2134.6843341621015
2134.951115317169
2135.3663683889454
2135.0593598294067
2135.2765010089574
2135.0406979224945
2135.5127514424175
2135.74532203864
2135.411053750643
2135.792098513766
2136.2757881068515
2136.5741246215453
2136.7941289626774
2136.384773702895
2136.1188364414115
2135.7821314871917
2136.008934633068
2136.230976427562
2136.6833231204123
2136.3913367582213
2136.8544449681954
2136.640709626034
2137.1483523558973
2136.6429117974
2136.862149029851
2137.3649097448924
2137.8657669852773
2137.5085526046983
2137.060634788856
2137.4264732460883
2137.6408941930513
2138.0429798769146
2137.6078312554982
2137.9228329424946
2138.143300190211
2138.4999055998896
2138.207803042889
2137.9367229864674
2138.3614035312276
2138.660383534609
2138.396198753149
2138.166898694976
2138.462150503736
2138.1982927126055
2138.6000795780815
2139.0132501394037
2139.32144146581
2139.0327459168025
2138.623252606062
2139.0963317495857
2139.361382983929
2139.8809465666036
2140.1255311835666
2139.7957576820104
2139.5760999051768
2139.8700084433576
2139.5949660663746
2139.957250604194
2140.330015644476
2139.983653704306
2139.4678290338843
2139.71778458759
2139.4595871526453
2139.701925024148
2139.2443533917967
2139.574483183111
2139.8914279877367
2140.317177530556
2140.7716543858105
2140.4423839923147
2140.976801190984
2140.758591952595
2140.973752516851
2141.2255486738873
2141.44121745169
2141.655646900667
2141.158427702016
2141.6011008419223
2141.8566774796627
2141.619829337546
2141.397372507682
2141.88030726599
2141.657456722576
2142.0287068865437
2141.751405289372
2141.2583600481516
2141.599301601755
2142.074908837069
2142.534053589977
2142.1058402922
2142.32007453836
2142.601634419449
2143.037624662215
2142.660271650541
2142.9032971181423
2142.6667398090012
2142.9159575308186
2143.3219221676873
2142.993055736675
2143.3440883336275
2143.108686714544
2143.6358785046455
2143.396790495425
2143.724315447708
2143.988588973542
2144.458030904904
2144.867675752511
2144.5214239420484
2144.802309534873
2145.133789108931
2144.9065605349615
2144.5761748034424
2144.791581633993
2144.4212068485335
2143.903689896977
2144.129836514299
2143.8729044796128
2143.6143837262475
2143.960239029097
2144.1808282817847
2144.5614281169737
2144.290307622191
2144.7153123508624
2145.035196547801
2144.607864761958
2145.0530377010095
2145.311434946119
2145.5991772229536
2145.363642025485
2145.888825202712
2146.3748855618296
2146.897879940811
2146.6404450482887
2146.3730111852524
2146.1258227865233
2145.7449067005796
2145.9939880787238
2146.2095886165444
2145.9462033600503
2146.1996194786743
2146.4163507701833
2146.795439612894
2146.348723385288
2146.566684816477
2146.1872873943544
2146.414620209484
2146.196909782799
2146.7314063430254
2146.9846962388297
2146.7537815773
2146.983911569025
2147.2324626519326
2146.9995535995786
2147.4477048253625
2147.142832887238
2147.5111413752647
2147.7282769453086
2147.9637822431664
2148.4069394514245
2148.6231575916136
2148.266876844284
2148.6364660924555
2148.379579920084
2148.0986417383265
2148.545886345265
2148.3092709487555
2147.796962654562
2148.055643869802
2148.5335996800054
2148.788899745974
2148.3173255373085
2148.699696378871
2148.9212784813108
2149.402231232314
2149.637289778764
2149.242767535307
2149.464613590161
2149.8760281357886
2149.3705825017832
2149.598593773833
2149.0906001882945
2149.3788043348195
2149.7015527528106
2149.379787122438
2149.862247506172
2150.223294053156
2149.864140255834
2150.081315952997
2150.3049052366837
2150.786489238125
2151.1978961230257
2150.6840943510924
2151.135097938121
2150.8714031067034
2150.502858053454
2150.1593690222144
2149.7256040231355
2149.3252524910836
2149.5637344500983
2149.954136483409
2150.353393111711
2150.5702053641926
2150.7856393250495
2151.091907439644
2151.387649544119
2151.756102795603
2151.9950184963886
2152.210329446394
2151.993520093686
2152.2292501096067
2151.9467502407465
2151.7258304264587
2151.4720721069584
2151.19904667651
2151.6839740178207
2152.067037614318
2152.465233950355
2152.868951011369
2153.0848299424424
2153.6117554693883
2153.320245624622
2153.0879715041015
2152.8621412000152
2152.5978739261736
2152.2908218609296
2152.023287524331
2151.6709452089563
2151.2988312464904
2151.0757983419844
2151.339584494639
2150.9580930722545
2151.344942651375
2151.705610844447
2152.14776824939
2152.3848530962437
2152.7105436928105
2153.034289269744
2153.2710057999875
2153.7843671900896
2153.5400004606513
2153.7635918318533
2154.079871439565
2154.375613271917
2154.790761262695
2154.340236584852
2154.6271156294024
2154.959284767829
2155.359201486271
2155.7467718414932
2156.0416321178095
2156.3134823695573
2155.9833336475494
2155.6653112476038
2155.955984146143
2155.5503183755172
2155.332218732825
2155.5606065690663
2155.323820542844
2155.6091802616907
2155.9621972035384
2155.54704892296
2155.804678113231
2156.338197696627
2155.9491843934593
2156.393132177211
2156.0961045271865
2156.477220259901
2156.065977341575
2155.5788537462504
2156.0604865609475
2156.27617147555
2156.5536736623753
2156.321067254692
2156.5521856204864
2156.8089569627973
2157.3400697749685
2157.8716193889645
2157.470042575732
2157.2542038142046
2156.9341558272445
2157.1728918908707
2156.8856256585814
2157.229285039581
2156.9031423801325
2157.120337067631
2157.445784306711
2157.702846185705
2158.151971441909
2158.5250034921155
2158.8974566799097
2158.4562689571017
2158.67262491168
2158.8903686713234
2158.4823496398762
2158.8645870463674
2159.1186776120117
2159.3659941869837
2159.1343838982552
2158.732160231403
2158.956264738565
2159.4840226215074
2159.0966720729275
2159.493226918641
2160.023185134864
2160.2909376388016
2160.528948503156
2160.8395950866147
2160.474145937032
2160.1708101847257
2159.850198844937
2160.2855283544354
2160.0207486520235
2159.592604155892
2160.0183744147685
2159.8023718599984
2160.299128808344
2160.598237393312
2161.0564543634323
2160.5392510527927
2160.9395965499193
2160.4733286852725
2160.9069286048116
2161.2774177609836
2161.6037213598297
2161.2651795326215
2161.0114476401054
2161.246224187763
2161.652548835022
2161.1513090170524
2160.6843809380025
2160.9858781843595
2161.3241035506094
2161.625349867031
2161.9841551162185
2162.442936912868
2162.216232814624
2161.6794814222317
2161.9851224337795
2162.4073573449273
2162.161490123345
2162.491322632749
2162.7567068849567
2162.9964161741455
2162.6466811463015
2162.870165758567
2163.2318551476137
2163.007693864894
2163.2580979879854
2163.003854380195
2162.722351260189
2162.421493587677
2162.713263887402
2162.4929271210276
2162.9164561925463
2163.1635775618415
2163.386334886986
2163.9163859480373
2163.6915473408417
2163.154612796033
2163.380122526055
2163.8449249513264
2163.351401314631
2163.768696865505
2163.985074776009
2164.5001150932035
2164.9430558838503
2164.6709932983445
2164.250055160037
2164.5975128572427
2165.0362783567757
2164.7465590191764
2164.4516989126287
2164.9482752268786
2165.470881900817
2165.7872746628072
2165.4991583631886
2165.943104613361
2166.2266427285736
2165.8340089281464
2166.141254025126
2165.866377838109
2166.2264597604067
2165.9937412673175
2166.240231918124
2166.011890593943
2166.334281672416
2165.992051466117
2165.7215991692674
2166.1736463517427
2166.6659246475715
2166.201897953874
2166.481158833867
2166.068733886539
2166.3334046700606
2166.8638600019285
2167.121533991097
2166.7529283171084
2167.0387089974515
2166.795609301199
2167.113745150666
2167.3471421899617
2167.685704722902
2167.913707178723
2167.4192540629924
2167.6643802484946
2167.9871566600286
2167.702218803344
2167.4472181601855
2167.757897963745
2167.323515309833
2167.55269654937
2168.010591526854
2167.6323316169214
2167.9868400408714
2168.239525235644
2168.565510515837
2169.0751505102235
2169.293967770158
2169.5450770955154
2169.9032793341994
2170.414098971309
2170.929297436365
2171.3277606915262
2170.875482051637
2171.1503985954396
2170.8490911501244
2170.4280594472198
2170.6570912627285
2171.017194461688
2171.446478653194
2171.782612331673
2171.328595074009
2171.854852605171
2171.4125964817326
2171.102577593893
2171.3222757627527
2170.859361429795
2170.465286714557
2170.05067939474
2170.4288451849793
2170.167245770182
2170.5355636087797
2170.0261835187357
2170.3302106576566
2170.7582098638454
2170.366403455711
2170.7371707989755
2171.219999450161
2171.667937217328
2172.1707642844726
2172.4289947874167
2172.927712000957
2172.442818005236
2172.6755287137485
2172.9011742586326
2172.437208886809
2172.0120222041382
2172.231924456152
2171.9520382198198
2171.7225785998794
2172.027592183259
2171.4982774532723
2171.067895533421
2171.4153498500445
2171.8439287303086
2171.6267212005596
2172.0638036895734
2172.297762797038
2172.7115964944683
2173.0903180953205
2172.7110558577833
2173.107373673694
2172.8837334065465
2173.1027273810228
2173.3426003518302
2173.6688790166204
2173.9345441609726
2173.615334042867
2174.00366064276
2174.522254009655
2174.7539542071686
2174.5260075346982
2174.882833591875
2174.3640626374067
2174.1172266748276
2174.4001128017485
2174.132324870841
2174.613833051081
2174.3888940684333
2174.9189936821986
2174.6085823141375
2175.0370729033493
2174.631333304332
2174.9078348408984
2175.1258741406227
2175.6014425981575
2175.1036887081586
2175.3993490238627
2174.991179796346
2175.249431901347
2175.569899033792
2175.7874906662223
2176.1729163365762
2176.6056215287995
2176.1163034576966
2175.7064335728146
2175.392171056772
2175.1149568513115
2175.552453045751
2175.233683890322
2175.4700714074775
2175.0152646093125
2174.478543244586
2174.2574368625496
2174.525307745168
2174.9064652413294
2174.5832406387062
2174.920703127805
2174.541255748799
2174.882892686713
2175.1297989498244
2175.6329755346524
2175.9005059673154
2176.160673833539
2176.4179738432795
2176.6595647974946
2177.061821168709
2176.7770934522537
2176.43977845335
2176.877383333554
2177.130647832994
2177.5714251039913
2177.8344738957676
2178.0618036621504
2178.3792902290124
2178.6381390672473
2178.1569743512596
2178.4973647952847
2178.8750147223604
2178.610572211969
2178.9276068710333
2178.45704438017
2178.9343968287485
2178.716430806857
2179.2205783458203
2179.4698780363483
2178.9372943180597
2179.4658415368704
2179.7247882383454
2179.4965902207105
2179.102378720802
2178.8513265840184
2179.3619821958096
2179.5842582667747
2179.332430283762
2179.787225780295
2179.333676733443
2179.84673263142
2179.6187856576
2179.8387998440385
2180.09886988
2179.573157070858
2179.8165961524332
2180.124894558857
2180.3671795304017
2180.832713146414
2180.425050082293
2180.652301501807
2181.1582894291837
2181.3944750627775
2181.1716707423016
2181.401712608674
2180.9790772433876
2181.5176803694694
2181.280342785987
2181.0279732707763
2181.4697169148794
2181.916233139698
2181.652724350581
2181.9118116943428
2182.362361174391
2182.0823215746127
2182.4853796802
2182.081468290302
2182.3085934891496
2182.753900750645
2182.3312630773803
2182.0752702295495
2181.843635279574
2181.614741703584
2181.914869068419
2181.6936650270786
2181.9261872368534
2182.3490063125505
2182.651113596314
2182.9002681773536
2183.157993398691
2182.846949985275
2183.087622511025
2183.4138161832875
2183.0921669695335
2183.3126802885677
2183.7349318082915
2183.4158697226167
2183.136733975584
2183.379996309127
2183.7173205741888
2184.1053970699672
2184.547819352407
2184.080773033056
2184.593478681466
2184.129101327291
2184.5645247620027
2185.044699474427
2185.5642396930352
2185.797248165353
2186.0681899936367
2186.2994178536183
2186.718579389832
2186.4373679508444
2186.7917968889096
2187.288367665883
2186.942586148464
2186.6595562953644
2186.146643192111
2185.7997136379154
2186.0719537934247
2185.7064199513006
2185.4847499875627
2185.2654349873983
2185.0102322286816
2185.3475720110764
2185.5756590493147
2185.8749674973515
2186.321804733287
2185.874289957166
2186.118358524365
2186.3471838040464
