2 0 0.0 1.5499999999999998 560494.1926201495 2.55
2138.5230092262664 2138.2524911075234
2138.506703639968
2138.0001796632246
2138.3582987405325
2138.7277987292814
2138.9609562018018
2138.590848936463
2139.030827924989
2138.6803631745056
2138.220352483735
2138.6657592184424
2139.1123312005566
2139.3542557961428
2138.9324016710575
2139.2906185522943
2139.5215492313864
2139.736041216089
2139.5211662839292
2139.801845594583
2140.13259145654
2139.790995496666
2140.0781770923754
2140.4177068900467
2140.651372736667
2140.9868762383635
2140.5651966967707
2140.240529817929
2140.6669703287653
2140.9567944718697
2140.601307280147
2140.934926722408
2141.207858593809
2140.920464543194
2141.1505559385273
2140.818569949613
2141.0338332905158
2141.3092624306933
2141.7741348391937
2142.299535481861
2142.0605213634562
2141.531744022346
2142.0527876379147
2141.7953610176123
2142.048367588402
2141.5234354823915
2141.957748086359
2142.4739202837836
2142.2288139883835
2142.6564761861887
2142.2126192359347
2142.448881486228
2142.7957803445556
2142.4517625431085
2142.851075555698
2143.1277705665757
2143.517889496174
2143.1246988684943
2143.4375908644474
2142.9124255502334
2143.211377805899
2142.9915191522323
2143.382301764474
2143.642316703641
2144.036395175971
2144.2753078934384
2144.0563794093105
2143.720329856262
2143.2456741406495
2142.9198641790795
2143.208078288559
2143.5364240789577
2143.8095928033385
2144.247140472257
2144.75518545008
2144.4416994218363
2144.8453285494898
2144.3541418734676
2144.131135646292
2144.373234127478
2144.1549979852025
2144.6634136288926
2145.058014655148
2144.8269741538934
2145.116884660354
2144.830636546369
2145.1179877342765
2145.3931446084443
2145.8635510303116
2146.2460667170067
2146.0282405706794
2145.5359887686323
2145.028511608334
2145.2984319265965
2145.6218220315295
2145.8924719628126
2146.360250406308
2146.7564150556836
2146.3925868299343
2146.7526425985147
2147.218641058767
2146.9287148606986
2146.6800078214796
2146.2749979524074
2146.6203558205166
2146.8419318429615
2147.075186511606
2147.3339847375255
2147.116081113526
2146.816222403516
2147.292264458371
2147.809061965641
2148.1729052416144
2148.4109879881903
2148.697097669359
2148.2460699418766
2148.0261326522987
2147.7249723662717
2147.3418884333146
2147.824112483112
2148.171512683661
2148.528363728331
2148.9384839065765
2148.628169409733
2148.3986939881306
2148.7994945090027
2148.584390750019
2148.8291160185627
2149.216562682675
2149.4668467426845
2149.7122573305624
2149.181180436793
2149.411275257191
2149.9312284309267
2150.288920402284
2149.861411271654
2150.215877903732
2149.99942274223
2150.230302991149
2150.5952255531297
2150.968084544815
2150.5849874021487
2150.8646162953632
2150.637348889162
2150.373981687397
2150.683615505721
2150.3799592579003
2150.0901652916286
2150.4991683089625
2150.7272739219106
2150.4296964138357
2150.8181008531437
2150.412001828874
2150.0134674050614
2150.2307766286654
2150.5862000896614
2151.028244794844
2151.558869777966
2151.1352586314824
2151.3880642297527
2151.7404491775746
2151.2120249476916
2151.47897100736
2151.9083684685484
2151.4686153153425
2151.7354124828767
2152.163559508763
2151.8273196131277
2152.3020363173455
2151.8903315922644
2152.109892322824
2152.574252711606
2153.061112793682
2153.4084689585393
2153.095031957831
2152.841554643191
2152.3748369928107
2152.147969083703
2151.7326403924903
2151.3049513371843
2151.593517918091
2151.9358495845904
2152.2999720089506
2152.6894167007745
2153.0953485011105
2153.4000902206217
2153.8287695703193
2154.29732082321
2154.6808163085034
2154.900126186875
2154.547940629341
2154.2881735811907
2153.897640959129
2154.344331382992
2154.1024046222615
2154.5496879245716
2154.769370729956
2154.3963872781096
2154.025531483505
2154.37940726455
2154.635703194533
2154.1545962303635
2154.3896459258663
2154.619370099225
2154.090606791303
2154.4888807410584
2154.8462869624564
2154.630211448428
2155.00754471429
2155.2230565497266
2155.737054775759
2156.0449219207394
2155.8291634338725
2156.2483643506966
2155.74008183835
2155.456620833838
2155.7779486101813
2156.215692827826
2155.6903979662175
2155.968745485507
2156.4263706872653
2156.79300850093
2157.193596837504
2157.4094244299586
2157.7122960437737
2157.3375684169077
2157.077050689928
2156.612115496933
2156.3687535433032
2156.9027548547947
2157.3144925844194
2157.7453512029165
2158.085232352012
2158.4838644284882
2158.852241160812
2159.075117363619
2158.5412912089587
2158.0435106951422
2157.803242387789
2158.0891853680837
2157.559558998786
2157.101941778168
2157.434293318295
2157.655083609231
2157.8765072344813
2158.109112884197
2158.418004509163
2157.9425530720655
2158.291504756762
2158.7962246365323
2158.402681270356
2158.1526605946992
2158.677070484917
2158.8992569237084
2159.3893789314534
2159.6366675992326
2159.260625633691
2159.020694200345
2158.5106088780667
2158.8013902577104
2158.5547097644007
2158.214782708834
2158.5408338920824
2158.008881819933
2158.2383647923275
2158.6045995849117
2158.8378743579437
2159.085397896934
2159.3384673812147
2159.7329895568337
2160.111118878256
2160.3384640331437
2160.76653994173
2160.391835401635
2160.786678685812
2161.2041138839595
2161.563460344869
2161.1344676102185
2161.485802470261
2161.211881028173
2161.6142317132108
2161.8394661337275
2162.255054855252
2162.5273752821986
2162.085993443398
2162.36303622868
2162.130357263296
2161.752818120748
2162.2912530429935
2162.0735430961668
2162.47628795198
2162.9395145894387
2162.4042665465795
2162.8187781035067
2163.053633944229
2162.7492092756156
2162.312108621326
2162.5790676372326
2162.8143905276434
2162.324736051595
2162.079445413973
2162.371671951407
2162.8243086398857
2163.334118615418
2163.574039976512
2163.893129928556
2163.4002081736994
2163.9315352957206
2163.5681912331775
2163.8541393189817
2163.3610124607812
2163.633565577869
2163.2717716863335
2163.771890673078
2164.009506901313
2164.278184692996
2163.9794213741066
2163.5295287784775
2163.79506623534
2164.12100148805
2164.626890493241
2164.384021494416
2164.630173167007
2164.8783424139083
2165.1632781767116
2164.735808468683
2165.111816806813
2165.3389541961233
2165.0230470477736
2165.334786311828
2165.7085470965594
2165.2157113056187
2165.4864958170765
2165.7317152985815
2165.2240446348574
2164.7466914344554
2165.1936734355136
2164.9567547071224
2165.2450977385643
2165.5941619259775
2166.1165508793492
2166.456773432775
2166.1393195171504
2166.4389343733837
2166.6814806670036
2166.279242530726
2166.7590724580423
2166.981909179044
2166.7651587245996
2167.0014962042796
2167.2476956084865
2166.786013534254
2167.011853182465
2167.2361460699008
2167.52837909623
2167.2539270233447
2167.7121255244324
2167.937037669618
2167.689889916347
2168.1067302419065
2168.3443169759735
2168.805551788003
2169.1160162572864
2168.7545405373035
2168.419695972662
2168.937685633379
2169.171112114815
2168.87904333365
2168.539184328522
2168.8133551876513
2169.0384882382973
2168.552486657092
2168.994119950515
2168.608110240219
2168.114462739009
2168.5174007046335
2168.734778303378
2169.0340614352244
2169.428719544162
2169.7910018786956
2170.0287853994864
2170.361694683034
2169.843973418161
2169.487721404418
2169.26257200222
2168.78006852487
2168.499476224589
2168.2062418258847
2167.7478256575255
2168.0184738586536
2167.7499548507485
2168.2397388222657
2168.737940438913
2168.967271302358
2169.3525160580216
2168.918450846879
2169.386363214985
2169.712591718562
2170.020933350539
2170.456711154972
2170.6998049319354
2171.0007647959446
2171.417786709911
2171.1722126725545
2171.406721653511
2171.82832330043
2171.3726010956516
2171.002742504968
2171.2215022926916
2171.5841278326875
2172.0304010178384
2171.508396501048
2171.9835492137972
2172.2340300979504
2172.526060644308
2172.78256371829
2173.219497342598
2173.462921330109
2173.0923669065382
2173.3219484888223
2172.85794516086
2172.3570213022804
2171.922888772666
2171.4987030828097
2171.123677747217
2171.351759813308
2171.879530827827
2172.3625639386946
2172.0414288864786
2172.310071427559
2172.552483779155
2172.7784287078293
2173.2570094356115
2173.49050155036
2173.7426676842506
2173.4067955532273
2173.695976465594
2173.9711902542604
2174.2390527124685
2173.846091101413
2174.2558568690188
2173.8074041327927
2174.2155795664867
2174.723527400977
2175.1876470209377
2175.4175978955614
2174.8764773119397
2175.217384142903
2175.707371073919
2175.3911809026636
2175.17034453444
2174.8849911898355
2174.6471124181494
2174.950491547178
2175.2560495371645
2175.719866068144
2175.4167684169884
2175.771554575024
2176.029907469662
2175.799991568118
2176.0183454503276
2176.2979347700934
2176.5184634940074
2176.1664111758337
2176.5908925353833
2176.152405995949
2176.4257085047348
2176.173979162058
2175.8091980262875
2175.5843466902484
2175.954074721799
2176.267337578159
2176.6026271444766
2176.8324440086094
2177.0950871011128
2176.691710703756
2177.076187586081
2177.3656991958346
2177.847774080002
2177.5718558728613
2177.8399488732516
2178.1087148749507
2178.3308093448104
2178.556260511113
2178.2835197396084
2178.651297532013
2178.3967937764933
2178.0863090336984
2178.4253826953736
2178.0991927609293
2178.4101845589903
2178.9193099453632
2178.6851457739567
2178.4509035449637
2178.112077903209
2178.4420431698954
2178.981922798363
2179.4736365360422
2179.1616579416964
2179.4667761565493
2178.936174478905
2179.2658495999362
2179.7188825721355
2179.377286556958
2179.7185852800317
2179.466300900061
2179.78726094627
2179.551248539955
2179.8353878150074
2179.374816445928
2179.5965314148393
2180.07208922178
2180.3961761661626
2179.988629202434
2180.334361214751
2179.7977680702697
2180.0429517521834
2180.5286623020284
2180.8616354733767
2180.624435490422
2181.0121107884893
2180.7894964224374
2181.020768537823
2180.781607848653
2181.1194199310357
2181.4044298177114
2180.8854472850144
2181.2400998395556
2180.745782307377
2180.964130306498
2181.450507899554
2181.2280776050743
2181.4520002552817
2181.7313025653802
2182.1674197243397
2182.5681709114274
2182.945912709464
2182.624835689007
2182.380295782361
2182.6455032243493
2182.295670956824
2181.797258670312
2182.0289269018613
2181.7968345129007
2182.176512741882
2181.9118332015532
2182.1419345664785
2182.420917459607
2182.90215510655
2183.3348267744213
2183.778978338139
2183.277382475569
2183.5107108920197
2182.9870837510744
2183.4050067344397
2182.9193111058803
2183.1539291632753
2182.8649806867675
2183.388799698231
2183.8021780769686
2184.03424368823
2183.649092582032
2183.8852641211415
2183.5138530455083
2183.737595327716
2183.9761806062124
2184.203249228946
2184.7380814564694
2184.3258644505904
2184.0191318453885
2184.4521921347086
2184.6917787009147
2184.9439179576852
2185.1627649486386
2185.6794070208953
2185.3483896558682
2185.567856628376
2185.3061988231966
2185.5264157765264
2185.119063441135
2185.349480631538
2185.766530763095
2185.2730394639416
2185.511416811055
2185.808705763783
2186.1007195619895
2185.781203288884
2186.1577520329115
2186.602334424465
2186.299990515171
2186.624122532823
2186.343635994716
2186.618615653208
2186.8898383575556
2186.4951505065487
2186.934857997301
2186.4105756342883
2186.767338080896
2187.054057875525
2187.294334590828
2187.637419791787
2188.005621991131
2188.3343204734374
2188.5579391898823
2188.0314195431997
2187.6788656983176
2188.1140136909144
2188.4810887043095
2188.261936743215
2187.9049681903016
2187.6038592164523
2187.97116924913
2187.5930350347735
2187.0945748542404
2186.7435483833765
2186.304478124108
2186.559501447214
2186.8859590470056
2187.307021476591
2187.6195333319192
2187.840477394108
2188.2693988417363
2188.5548566962466
2188.8038556586253
2189.186091445038
2189.648894121364
2189.2563963697207
2189.593448387481
2189.2463508868614
2189.603253281394
2189.8691585353035
2189.6437510488013
2190.0042613510213
2190.36309572038
2190.582139392024
2190.354960420018
2190.830035776881
2191.1263709394298
2190.7795418986716
2190.518103524018
2190.7845959242077
2190.430259725403
2190.685405727459
2190.4471308958814
2190.96628761898
2190.713397947712
2190.9643003922533
2191.412981089368
2191.1067654989656
2191.4133286523574
2191.673212846529
2191.356834309499
2191.650645441346
2191.9351778952264
2192.175488339536
2191.824085592273
2192.2623879187104
2191.878205836698
2192.137762107995
2192.389246204626
2192.8054362148528
2192.427274131991
2192.1759151861547
2192.4019275385767
2192.0746709145424
2191.817926721246
2192.129258622974
2192.351258017895
2192.86408609104
2193.3628875015297
2193.0105579163555
2192.7910566740466
2193.2455740570294
2193.4657664588954
2193.8152873873996
2194.2832994475375
2194.7959463496495
2194.443745783428
2194.7426884305937
2194.5228143239583
2194.750565535406
2194.289498522692
2193.8290709880143
2194.324857366827
2194.8187354888787
2195.2253373848794
2195.737083432918
2196.2378254855316
2195.740208892851
2195.3924112590666
2195.1721035603346
2194.9210130787574
2195.169072887713
2194.6922102241147
2195.0613880711853
2194.6625242046534
2195.020982379921
2194.6666092980477
2194.281139392513
2193.852176691187
2193.6096119011722
2193.2944598365834
2193.527280722308
2193.799698136818
2193.341802623736
2193.7376843708676
2194.038217740402
2194.5316933235235
2194.779865255426
2195.0026428421475
2195.2578867970633
2195.590468914539
2195.916975897309
2196.434790049764
2196.8131142289258
2196.279737977826
2196.7522572055504
2197.2848948169735
2197.7959770250354
2198.030245467236
2198.2540127924553
2197.9983809983687
2197.6891090799973
2197.4109188174766
2196.990378232561
2197.4790318767673
2197.8857146977102
2198.147999235849
2198.6506535072417
2198.377416321581
2198.1469515225235
2197.796132411772
2198.0207158548797
2198.4318165728614
2197.9649931750687
2198.3342243588227
2198.7482829926994
2198.52826870914
2198.764938471617
2198.5325009363996
2198.7532351930463
2199.121438327335
2199.5188387002345
2199.9991447760203
2200.337198304789
2200.0884846254726
2199.820989390459
2199.5904970448587
2199.3574686096035
2199.6566328370245
2199.3489235117718
2199.0762936956253
2199.407900695453
2199.6983529143677
2199.9209592334814
2200.4094835835635
2200.8145722171207
2200.329221897272
2200.0642495410025
2200.5399128610957
2200.2347627915906
2200.5472528243067
2200.0838527474916
2200.3883862841367
2200.798195743479
2201.0196532705877
2200.6091854475508
2200.3891211902246
2200.610516777271
2200.984142424987
2201.2681079237177
2201.540398648326
2201.0154412068005
2201.39349609974
2201.804578013548
2201.509320756834
2201.880953923951
2201.545603787127
2201.8812225605025
2202.103094283563
2202.4426870209672
2202.2029946442963
2201.844840913149
2202.224627013934
2202.5349312821145
2202.2182216950496
2202.518573207752
2202.1313927688216
2202.374130075921
2202.6230302232575
2203.0316129556095
2203.575330010863
2203.170598264228
2202.8630220583127
2203.0925509643453
2203.3190906069567
2203.649377748676
2204.126686433777
2203.5851608602206
2203.2052602388826
2203.430864660415
2203.893865233002
2204.1215163751294
2203.6554768904693
2203.9035642139593
2204.3331418678836
2204.0507428076166
2204.277298253132
2204.5675454154302
2204.1623893556593
2204.415567823306
2204.647302898296
2204.261173794916
2204.5006056500806
2203.959651263038
2203.718337755297
2204.149240302301
2204.3974629490112
2204.8094767064063
2205.1043306496526
2205.4647997027214
2205.7493892236876
2205.315444619105
2205.729209971062
2205.3503149866397
2205.11391857731
2205.347049651293
2204.8861758427747
2204.551258136825
2204.8062893582014
2205.2487671694153
2205.7767670712997
2206.2433295306355
2206.724718213566
2206.2251135729884
2206.4484527700843
2206.902942074167
2206.395963948209
2206.784690527501
2206.453518806806
2206.830564029948
2207.3506867156307
2207.7300695731587
2207.320440469308
2207.8300236839373
2207.496075901024
2207.898356187409
2208.3827842152677
2208.6202261660724
2209.0705647540262
2208.8061759334196
2209.05137797939
2208.7536861890508
2209.0233707584425
2208.800454677187
2208.3761095581317
2207.887320051451
2208.344380255617
2208.69300568454
2208.4106021763023
2208.6505693551585
2208.9120499260507
2208.629420041506
2208.945684548739
2209.2793794638
2209.0123083539993
2208.7893002285405
2209.3098459811135
2209.0768175003564
2209.375085218016
2209.671990436101
2209.977112204296
2209.7367973369983
2210.0375462844086
2209.700693983944
2210.099272789969
2210.332920395099
2209.8067915642678
2210.270444864534
2210.504680396339
2210.768658534056
2211.0926746016507
2210.693674563606
2210.994509792516
2210.5418762513145
2210.805273639703
2211.0325931004586
2210.708645008363
2210.464553697789
2210.7711455351923
2210.329939155974
2210.595320398148
2211.034707680826
2211.426425438858
2211.6938653628495
2211.9960485051242
2211.7262450105513
2211.949474570158
2211.6177250441347
2211.9108629859434
2212.250219884846
2211.9868754169684
2212.4816631871563
2212.1636432061387
2212.689874012363
2212.3008204611433
2212.6699213699426
2213.1933743444692
2213.4183797444744
2212.9377291222945
2212.602618582114
2213.061593778803
2213.313114435604
2213.5624814933353
2213.988410275512
2213.6501791130454
2213.921390464845
2213.6968722920446
2213.176489818103
2213.507925729583
2213.2032162933947
2213.476469152982
2213.7564957451505
2214.1656403150455
2213.8806080262416
2214.1370998658554
2214.403642303969
2214.6287196030707
2214.167619746492
2214.542068611646
2214.7962536111886
2215.2187104242134
2214.949133113029
2215.356668070183
2215.651954913686
2215.9373469471516
2216.481992105838
2216.75197527366
2216.5171199878278
2216.265594308354
2216.656380561009
2216.3977858507833
2216.0504794631934
2215.611961183617
2215.3898589788196
2215.7503669744897
2215.9882378997095
2215.663516893839
2215.9138048729974
2216.2232913613243
2215.8547454076934
2216.2812600829575
2216.635278475581
2216.4054353206398
2216.929908069812
2216.659069697902
2216.9396353703883
2217.340131269524
2216.870293080791
2217.3110557647215
2216.8915826281923
2217.4278647750975
2217.668714705832
2217.893389117998
2217.511753830483
2217.917574784197
2218.330392966646
2218.0528723692887
2218.4304081600344
2218.0779796436477
2217.7749331101463
2218.1841500782352
2217.9178675949324
2218.2040095064904
2218.4747554689206
2218.89578922642
2219.243178467965
2218.8310178738316
2218.6083644232735
2218.832031481213
2218.5864693263275
2218.8823110973326
2218.4101233685715
2218.6428660843744
2218.9240034560958
2219.384156246409
2219.7525778565214
2219.347305155567
2219.020610789478
2219.548781741746
2219.223212884238
2218.81173129116
2218.5846023146582
2218.922138676135
2218.6009066403863
2218.2155519275107
2217.673489048026
2218.130042494274
2217.844259906843
2218.068220705806
2217.686338193549
2217.1422366660813
2216.7241424581857
2216.9469615729417
2217.2963000714967
2217.5402713382223
2217.850086653956
2218.330278226931
2218.6273799434603
2218.9742700003353
2219.5035180764826
2219.841246379133
2220.1886126944287
2220.476014837432
2220.9645095376095
2221.516522372894
2222.0183617328316
2221.6940150916794
2221.3947087954643
2221.1451318775903
2221.5562457338683
2221.7996794411165
2221.5708830686417
2221.871604357371
2222.338293975075
2222.820677669941
2222.4658567283127
2222.7193549238223
2223.008586343046
2223.250699546513
2222.7460354468726
2222.3446613177384
2222.7088723287934
2222.9322815405067
2222.7057442593455
2222.949243805719
2223.1927429388934
2222.798547312686
2223.254447932545
2223.599102830502
2223.3555225873465
2223.584162131523
2223.3513920456007
2223.714907254618
2224.1315261115915
2223.878535362586
2224.1958410877296
2223.6638740706794
2223.8873200871276
2224.322028900258
2224.009190238918
2224.5276914158403
2224.29107463369
2224.538895688501
2224.8860117236086
2224.3807336455084
2224.1567076507604
2224.522131872064
2224.2272575348757
2224.528437780839
2224.7734667555164
2225.1042525716607
2225.607276075043
2225.9661854454257
2225.7387232745027
2226.2461352083856
2225.955052049953
2225.5750763117353
2225.253311232704
2225.7074202967033
2225.9442809243383
2226.43858064578
2226.874846288537
2227.4177463177784
2227.8931865986037
2227.56559262624
2227.8796840064947
2227.5754462328646
2228.0495428388626
2228.368014766547
2228.039410987075
2227.8073431337425
2227.522702947383
2227.2794548073507
2227.046604702835
2226.739536339
2227.0854843832735
2227.5219525201715
2227.7885321560475
2227.3133967942667
2227.6200240448547
2228.0756892946115
2228.564619829416
2228.251649547208
2228.7946383208096
2229.340783469408
2229.0888650310317
2228.8418804956773
2228.508123187311
2228.8065105602527
2228.3471348104167
2228.638461251776
2228.4148562227856
2228.7359780453353
2229.2560536582823
2229.4811148719464
2229.729789488771
2229.471766278222
2229.7092174178247
2229.2954160733098
2229.5236166959985
2229.054233521574
2229.540063441006
2229.763312768269
2230.2904134354867
2230.5387631711287
2230.8218838256935
2230.49215095558
2230.028270788115
2229.6569072785283
2230.085262593698
2230.6038364326323
2230.0605578487216
2230.3724193007606
2230.5975440044526
2231.120310105682
2231.4690384304977
2231.1587477483617
2230.9336337140903
2230.4959960650544
2230.8994727945706
2230.5814018117317
2230.1481990233037
2229.747116748149
2230.095044829463
2229.6445034751
2229.4176482407024
2229.673305344457
2229.4416075961817
2229.155181946908
2229.670197742466
2229.9100577660015
2230.1709671969247
2229.9410734199723
2230.275438741623
2229.860051389385
2229.5121178751583
2229.820257828
2230.0432762771557
2230.2927432397914
2230.600372759133
2230.9881252454325
2231.310035299097
2231.717803335223
2231.964276848218
2232.452344431822
2232.8306494256744
2233.3224404956495
2233.7067814459656
2233.462295513871
2233.230032484379
2233.547679046743
2233.0961834110517
2233.629147821244
2233.385376899877
2233.8268772981087
2233.5650388943745
2234.0876629537124
2233.848536751937
2234.169174626894
2234.462346492325
2234.1549268382682
2234.6402840903
2234.2231505816417
2234.453584122044
2234.6947499709177
2234.920393644221
2234.380795413996
2234.6735793569783
2235.1305308403794
2235.3623001579276
2235.0993844817867
2235.4272586096968
2235.042310239487
2235.3400425383484
2235.8902893209233
2235.6043417721403
2235.283275485207
2235.5599106408317
2235.1281678345917
2235.4176144769285
2235.6752960662097
2236.2272840102128
2235.9951111083883
2236.2202792067847
2235.7640175556644
2236.321964943385
2236.769130146945
2236.2574645754667
2236.8112246059222
2236.3434711625323
2236.831589606245
2237.125367217784
2236.8543680349385
2237.374519242353
2237.9158113979056
2237.625241983354
2237.1273896870275
2237.6624170793666
2237.9640014866914
2237.575309544436
2237.1492426262616
2237.53889475932
2237.278951082985
2236.7482762720865
2236.2759223075186
2236.5946246159797
2237.0652082021393
2237.5746094127535
2237.9091143229266
2237.6722242581213
2238.068874641548
2238.4129228136435
2238.0581890800822
2238.288690456958
2238.55144105759
2238.8943206318604
2239.125508718871
2238.5890567281153
2239.0251648432277
2238.737363657377
2239.137316076067
2239.5953636014406
2239.054793157043
2239.422439543103
2239.664309700872
2239.8989865651506
2239.529040766976
2239.9916784737698
2239.6890404406827
2240.1012967433617
2239.625796344118
2240.036550059807
2239.7976125955715
2240.041661997817
2239.7286113687483
2240.2246405286983
2240.5283947645444
2240.1958399369423
2239.7802419238465
2239.3372060061843
2239.0335915773535
2238.773495314378
2238.4997738813086
2238.9720259349033
2239.394657017602
2239.1418714708234
2238.8740709837202
2239.1177479899616
2239.6360459785637
2240.168894135429
2240.509007519779
2240.779910251976
2241.167917059834
2241.4360602617357
2241.171806297994
2241.59886942584
2241.8340091473997
2242.09684341833
2242.615519939341
2242.154234011626
2241.8490789826906
2242.36443320837
2242.6069415628563
2243.0840908062974
2242.8488657803846
2243.075878629178
2243.564191362079
2243.1425944137154
2242.6551167250695
2242.9206812638936
2243.2748057329745
2242.987846412427
2242.544554159292
2243.0475874998037
2243.3119901050604
2243.5680062072383
2244.0438188715957
2244.392122117838
2244.153158280188
2244.4981196835347
2245.0451541610346
2245.3674399982633
2245.1367354032236
2245.390982088426
2245.156592441229
2244.708502307985
2244.2851276067104
2243.796821321974
2244.2191083271637
2243.9931457701855
2243.7478308662107
2243.4123266161027
2242.997076284732
2243.2493422444686
2243.517261737137
2243.785456833572
2244.1679816619326
2244.403058140641
2244.64887475646
2244.877615224535
2245.3658515548263
2245.620280783079
2246.1171496686766
2245.6184309141445
2245.963992465664
2245.5866721742555
2245.8643645123875
2246.3865152212966
2246.911724261463
2247.1840342772357
2247.546328204191
2247.003779080417
2246.661310734386
2246.309942789954
2246.542787398795
2246.7840431491204
2247.019472636678
2247.5140834014774
2247.12399911067
2247.6819046525784
2247.130540491588
2247.5342740301257
2247.027057649608
2247.4849030432924
2247.864769079806
2247.3106069235073
2247.6590852850145
2247.246291295572
2247.7380534680346
2247.9762619650196
2248.4479783643364
2248.771333639484
2248.5366432313645
2248.835079851939
2248.4810097279155
2248.1666575802406
2248.706462097465
2248.3589550278302
2248.589288555996
2248.263025690038
2248.6085565994154
2248.1069293173673
2248.6514129133743
2249.0882577675006
2249.344844986645
2249.83124927598
2250.300393942915
2249.9285131435554
2249.7021984483504
2249.3801784163975
2249.7174962457084
2249.291859258961
2249.589851276588
2249.1048595377742
2249.6589728535064
2250.071809574752
2250.533978812296
2250.0559792572644
2250.3111407742663
2250.8299739686227
2250.4109221070794
2250.7684788028587
2250.243224488861
2250.649159504337
2251.0423673822693
2250.8155383057283
2251.257839625178
2250.9914372673275
2251.4505018422615
2251.676186310374
2251.983913211583
2252.3859621400484
2252.611208762453
2252.866566633325
2252.6273875308334
2252.366092895001
2252.8921997779516
2252.595724651315
2252.3674305473182
2251.9409346207412
2251.6678972236487
2252.094508837505
2251.811183046613
2252.0495603881004
2252.55863901233
2252.315776034265
2252.6802639826283
2253.1097212546924
2253.5093813974986
2253.044660958859
2253.3080959981494
2253.635557302306
