572.9881711649839 586.2731611627462
586.2731611627462 586.6533965367569
586.6533965367569 594.190457416282
594.190457416282 604.4226093308441
604.4226093308441 621.0271856144113
621.0271856144113 630.8988174245719
630.8988174245719 618.2188362069917
618.2188362069917 602.3090470495777
602.3090470495777 619.0982612043146
619.0982612043146 612.9074064915125
612.9074064915125 628.5853000377724
628.5853000377724 618.4708904394889
618.4708904394889 604.7477855599825
604.7477855599825 604.812268172985
604.812268172985 582.2951484480348
582.2951484480348 583.4983876625805
583.4983876625805 603.5459279404333
603.5459279404333 617.3432461900647
617.3432461900647 629.6000545363296
629.6000545363296 608.5651686266038
608.5651686266038 607.2727866643517
607.2727866643517 608.2412597270594
608.2412597270594 608.4693977323636
608.4693977323636 588.1735144720208
588.1735144720208 599.6119887586874
599.6119887586874 587.9220925984727
587.9220925984727 589.8424565859074
589.8424565859074 596.4135125973003
596.4135125973003 612.8123604020027
612.8123604020027 607.7419450625521
607.7419450625521 617.4490423122861
617.4490423122861 594.934574739868
594.934574739868 599.2947061115897
599.2947061115897 589.8413014974556
589.8413014974556 588.309405015863
588.309405015863 604.90067694494
604.90067694494 618.8483426709921
618.8483426709921 620.0717667477414
620.0717667477414 620.272070335313
620.272070335313 604.7053638058997
604.7053638058997 605.3339400996034
605.3339400996034 626.4054990109719
626.4054990109719 626.1546314419576
626.1546314419576 646.3878068586171
646.3878068586171 631.9754733270881
631.9754733270881 631.6619374199037
631.6619374199037 628.8321855410992
628.8321855410992 612.1458525594908
612.1458525594908 625.0917315529682
625.0917315529682 606.6734103958581
606.6734103958581 621.9553460381608
621.9553460381608 625.547985259924
625.547985259924 624.7538196970551
624.7538196970551 624.5483723312306
624.5483723312306 632.2421380720104
632.2421380720104 648.1899284098434
648.1899284098434 635.6433221599618
635.6433221599618 637.254680565063
637.254680565063 632.661245336121
632.661245336121 628.4928637873098
628.4928637873098 613.0314481779234
613.0314481779234 621.6123907320053
621.6123907320053 638.1549950282805
638.1549950282805 639.6076171440634
639.6076171440634 663.1634298607813
663.1634298607813 669.4141171086417
669.4141171086417 649.321515696189
649.321515696189 660.5957734475052
660.5957734475052 660.8058120237101
660.8058120237101 659.4161015743193
659.4161015743193 679.0274235364543
679.0274235364543 672.827935426
672.827935426 683.8485761715831
683.8485761715831 660.1741124959447
660.1741124959447 659.4725459601888
659.4725459601888 665.4321867195482
665.4321867195482 662.0817406410915
662.0817406410915 687.1198706765833
687.1198706765833 679.0964725221293
679.0964725221293 675.2216811555345
675.2216811555345 675.7024794950727
675.7024794950727 678.9371951244417
678.9371951244417 665.4970726458846
665.4970726458846 664.5042339514631
664.5042339514631 662.9431477995793
662.9431477995793 676.4909323198316
676.4909323198316 681.8615572885147
681.8615572885147 677.9420923954848
677.9420923954848 671.5897271489556
671.5897271489556 655.0908197544288
655.0908197544288 680.7174310528692
680.7174310528692 691.9832052488143
691.9832052488143 668.2876245939709
668.2876245939709 653.2958104872208
653.2958104872208 650.1519899739156
650.1519899739156 647.1753401331639
647.1753401331639 639.6848707775939
639.6848707775939 651.2901734861757
651.2901734861757 650.1356492463775
650.1356492463775 647.364378166185
647.364378166185 638.0310023326815
638.0310023326815 632.3600322975983
632.3600322975983 629.1369733786195
629.1369733786195 604.916870204492
604.916870204492 610.4647527286659
610.4647527286659 616.7342542748424
616.7342542748424 600.4770845088489
600.4770845088489 595.8180988104127
595.8180988104127 614.9690421015223
614.9690421015223 610.2213802183479
610.2213802183479 594.1786680646061
594.1786680646061 593.9676579068118
593.9676579068118 594.8152424609675
594.8152424609675 615.8601417806053
615.8601417806053 624.561018989723
624.561018989723 632.4233049162689
632.4233049162689 648.9576469131118
648.9576469131118 647.0772137981614
647.0772137981614 625.3992837101054
625.3992837101054 600.8558559861276
600.8558559861276 616.132393632971
616.132393632971 632.9889457642226
632.9889457642226 609.3140358385067
609.3140358385067 620.6570496372498
620.6570496372498 621.2148724593625
621.2148724593625 636.5456650965986
636.5456650965986 630.6855038494491
630.6855038494491 654.4319100123286
654.4319100123286 645.1268428346054
645.1268428346054 642.3104648609153
642.3104648609153 627.4996114641534
627.4996114641534 622.3984628811515
622.3984628811515 622.3002403408692
622.3002403408692 616.8563108862295
616.8563108862295 614.2784341298333
614.2784341298333 614.81330444013
614.81330444013 597.5234936548128
597.5234936548128 612.769383756121
612.769383756121 608.5673036688405
608.5673036688405 601.6394398724163
601.6394398724163 582.8387043702822
582.8387043702822 560.8669884639867
560.8669884639867 562.7837008398844
562.7837008398844 558.5231126973646
558.5231126973646 541.72975873616
541.72975873616 544.3389422810671
544.3389422810671 555.1005747183464
555.1005747183464 554.6096791818889
554.6096791818889 560.3875562448653
560.3875562448653 565.9786970096877
565.9786970096877 558.5507596342184
558.5507596342184 566.6702829935464
566.6702829935464 566.5621715462424
566.5621715462424 572.8923088171052
572.8923088171052 576.0095992975474
576.0095992975474 593.1438499187345
593.1438499187345 596.3529794314928
596.3529794314928 597.2697853510116
597.2697853510116 597.4123210125189
597.4123210125189 613.4866459078181
613.4866459078181 606.3982001427055
606.3982001427055 605.7747645318
605.7747645318 613.5263893845496
613.5263893845496 623.4447604577372
623.4447604577372 633.879139881641
633.879139881641 613.7172756909418
613.7172756909418 611.0144653645901
611.0144653645901 594.1908333245476
594.1908333245476 613.1718677435072
613.1718677435072 611.2099759629424
611.2099759629424 609.0248378522328
609.0248378522328 624.5211265573305
624.5211265573305 606.5897611254638
606.5897611254638 590.2835239551455
590.2835239551455 606.4889001566484
606.4889001566484 605.3899673634743
605.3899673634743 627.8893916823453
627.8893916823453 608.4147005542553
608.4147005542553 608.2321398564029
608.2321398564029 622.2250924267765
622.2250924267765 618.8717906836889
618.8717906836889 615.5314937096248
615.5314937096248 606.6115121860204
606.6115121860204 608.332212464289
608.332212464289 595.9635271911096
595.9635271911096 610.4901207838475
610.4901207838475 615.0245430980796
615.0245430980796 596.3413423395502
596.3413423395502 604.264773199119
604.264773199119 622.3889056763607
622.3889056763607 627.1585780134793
627.1585780134793 623.778881010594
623.778881010594 607.1018366530801
607.1018366530801 610.7302054481095
610.7302054481095 630.7251748720483
630.7251748720483 611.9463096419232
611.9463096419232 602.0539566571985
602.0539566571985 613.262395479417
613.262395479417 589.2664458935444
589.2664458935444 586.6729379730306
586.6729379730306 586.776551731606
586.776551731606 608.8111835201435
608.8111835201435 595.2050512431067
595.2050512431067 587.9052086847663
587.9052086847663 567.0713189026359
567.0713189026359 553.2941445973473
553.2941445973473 551.6671277221843
551.6671277221843 552.3941548784279
552.3941548784279 557.5699400458496
557.5699400458496 560.3464137410738
560.3464137410738 561.9702579615006
561.9702579615006 572.7941010008187
572.7941010008187 588.1678826984152
588.1678826984152 589.5558265900427
589.5558265900427 604.6745744610109
604.6745744610109 586.5776767448176
586.5776767448176 572.8016770289275
572.8016770289275 574.5184054980851
574.5184054980851 573.2777397489307
573.2777397489307 552.9290537972405
552.9290537972405 569.587476218905
569.587476218905 591.5369625343919
591.5369625343919 603.1074542141126
603.1074542141126 606.7535532231724
606.7535532231724 590.9636670959845
590.9636670959845 601.2195431256157
601.2195431256157 602.1560006375778
602.1560006375778 603.3958924209862
603.3958924209862 602.4815472894635
602.4815472894635 605.6532757802972
605.6532757802972 624.1241322938439
624.1241322938439 620.5813206054214
620.5813206054214 606.2921442933839
606.2921442933839 594.3019492111533
594.3019492111533 575.3872128321635
575.3872128321635 574.4810854377134
574.4810854377134 594.9902720923343
594.9902720923343 589.4768471472767
589.4768471472767 577.288618484944
577.288618484944 577.4869982196125
577.4869982196125 576.8028026445584
576.8028026445584 562.1755350153039
562.1755350153039 564.6512633719473
564.6512633719473 573.9671713929074
573.9671713929074 573.2779952198653
573.2779952198653 576.8720347263188
576.8720347263188 577.2813344945916
577.2813344945916 579.2077403932647
579.2077403932647 560.593967171031
560.593967171031 567.7532441434887
567.7532441434887 565.0348649709526
565.0348649709526 587.4270334964197
587.4270334964197 592.8967110064094
592.8967110064094 606.8403117657334
606.8403117657334 602.5112042408247
602.5112042408247 609.3804027959745
609.3804027959745 621.2605097785994
621.2605097785994 612.8799003143325
612.8799003143325 619.6188397063048
619.6188397063048 600.0127108985388
600.0127108985388 611.5953113115859
611.5953113115859 602.8283310182629
602.8283310182629 580.5013473237254
580.5013473237254 588.1308555984327
588.1308555984327 603.7733620654246
603.7733620654246 627.5516563594891
627.5516563594891 616.5575897275531
616.5575897275531 609.2928510715758
609.2928510715758 608.5425129958224
608.5425129958224 605.5992391708018
605.5992391708018 598.0772291174028
598.0772291174028 586.0949180188718
586.0949180188718 575.1500919681405
575.1500919681405 574.1103782957312
574.1103782957312 571.989061785529
571.989061785529 563.0711086696638
563.0711086696638 578.8490074044744
578.8490074044744 598.9078693587061
598.9078693587061 621.9730340133948
621.9730340133948 600.5724308347219
600.5724308347219 603.8105724607625
603.8105724607625 608.0990260172218
608.0990260172218 591.8333783850569
591.8333783850569 579.6998751924889
579.6998751924889 588.2713639904753
588.2713639904753 565.4679712505234
565.4679712505234 565.97759786924
565.97759786924 573.3204150489679
573.3204150489679 588.2888321441029
588.2888321441029 589.7430169034411
589.7430169034411 583.6422310738276
583.6422310738276 581.877570238648
581.877570238648 592.0225256159763
592.0225256159763 593.6727352739364
593.6727352739364 595.8808627386379
595.8808627386379 593.8065897844256
593.8065897844256 593.947284388726
593.947284388726 596.2758702502265
596.2758702502265 580.1707137836318
580.1707137836318 596.8831494751281
596.8831494751281 577.7690371634407
577.7690371634407 600.8215521467175
600.8215521467175 590.3720975750603
590.3720975750603 580.2404561166197
580.2404561166197 580.5955012275484
580.5955012275484 591.1562782727633
591.1562782727633 578.0230233986771
578.0230233986771 580.8423596163494
580.8423596163494 580.975837131841
580.975837131841 585.6960584242731
585.6960584242731 588.9937153655351
588.9937153655351 578.5728447779504
578.5728447779504 600.2911687046573
600.2911687046573 606.1249805659992
606.1249805659992 606.3384718465518
606.3384718465518 584.7493781129617
584.7493781129617 603.5466865073583
603.5466865073583 610.1587774200362
610.1587774200362 609.7601903986653
609.7601903986653 609.5203620568223
609.5203620568223 602.6194339601184
602.6194339601184 601.7636359723733
601.7636359723733 600.0336130224669
600.0336130224669 590.3141618105532
590.3141618105532 583.4899633078138
583.4899633078138 598.3333379181344
598.3333379181344 578.5017872502484
578.5017872502484 578.9554043681754
578.9554043681754 586.6011693839341
586.6011693839341 576.0899855751808
576.0899855751808 567.8387392267147
567.8387392267147 570.2625125449754
570.2625125449754 575.4536532473606
575.4536532473606 578.5141157167252
578.5141157167252 596.4661638328088
596.4661638328088 596.6126501489301
596.6126501489301 616.3712353778926
616.3712353778926 629.8245066391479
629.8245066391479 620.9785846951636
620.9785846951636 615.0445819250401
615.0445819250401 614.5072354131844
614.5072354131844 612.960505769881
612.960505769881 600.309578039769
600.309578039769 578.6501185325017
578.6501185325017 578.895004725332
578.895004725332 589.5864879816661
589.5864879816661 583.6106908270737
583.6106908270737 606.6777756748642
606.6777756748642 593.4392706150098
593.4392706150098 589.7530421075838
589.7530421075838 592.6493243792523
592.6493243792523 591.1366247572631
591.1366247572631 574.7711754690781
574.7711754690781 564.0520263570197
564.0520263570197 578.7125622325307
578.7125622325307 579.2149999081986
579.2149999081986 598.7696910571037
598.7696910571037 615.85921390129
615.85921390129 615.5959583104055
615.5959583104055 607.598605931542
607.598605931542 588.0112584385291
588.0112584385291 579.2698400238075
579.2698400238075 591.5260648976014
591.5260648976014 591.0831257150239
591.0831257150239 608.9920738660725
608.9920738660725 596.4681449832
596.4681449832 601.9254944671561
601.9254944671561 597.7188554982947
597.7188554982947 576.5322509120444
576.5322509120444 576.6798952848196
576.6798952848196 577.0150506296843
577.0150506296843 569.792668344509
569.792668344509 578.987551427911
578.987551427911 579.0592955538893
579.0592955538893 582.0675932333694
582.0675932333694 596.2805597182311
596.2805597182311 586.7186848453074
586.7186848453074 583.4029636484755
583.4029636484755 569.7017350744841
569.7017350744841 560.2162761438913
560.2162761438913 559.8373999577711
559.8373999577711 564.4658198500996
564.4658198500996 564.9924153385759
564.9924153385759 561.9287190111603
561.9287190111603 562.4630040792163
562.4630040792163 562.1119855227329
562.1119855227329 564.7232996675809
564.7232996675809 579.8277313368384
579.8277313368384 579.7386620785526
579.7386620785526 598.0671458914939
598.0671458914939 583.5236153668955
583.5236153668955 593.2442255312636
593.2442255312636 605.116470635274
605.116470635274 628.9714683553159
628.9714683553159 626.5325443047419
626.5325443047419 623.7510316823171
623.7510316823171 635.2271948614408
635.2271948614408 658.0967130831513
658.0967130831513 644.8663881842947
644.8663881842947 640.6288006738292
640.6288006738292 644.597560287097
644.597560287097 634.476457920534
634.476457920534 628.4712467808522
628.4712467808522 617.8289140373191
617.8289140373191 632.921142430927
632.921142430927 625.6430131886789
625.6430131886789 620.387990275338
620.387990275338 601.9788266802285
601.9788266802285 601.702244930166
601.702244930166 619.3776155779883
619.3776155779883 604.9613210670502
604.9613210670502 611.4365222773175
611.4365222773175 618.3859787801699
618.3859787801699 599.1273193565327
599.1273193565327 579.492823599868
579.492823599868 598.6279634850765
598.6279634850765 594.3322764251205
594.3322764251205 574.4288782321149
574.4288782321149 571.6168245607065
571.6168245607065 571.8022607417461
571.8022607417461 549.0331951776382
549.0331951776382 548.4908414518512
548.4908414518512 528.8349927390389
528.8349927390389 528.303140410591
528.303140410591 522.3679744631677
522.3679744631677 516.3496368263725
516.3496368263725 514.9992938171913
514.9992938171913 515.124607155758
515.124607155758 513.2764110566512
513.2764110566512 522.3582573372853
522.3582573372853 528.5277892026195
528.5277892026195 517.8384149865556
517.8384149865556 528.4048604812128
528.4048604812128 525.8973941687306
525.8973941687306 526.1647104552516
526.1647104552516 515.909383687546
515.909383687546 524.7094690051314
524.7094690051314 542.0545273665183
542.0545273665183 562.9607739093861
562.9607739093861 564.6115582568515
564.6115582568515 551.1636859681912
551.1636859681912 552.3857714211221
552.3857714211221 556.7820732523014
556.7820732523014 551.2045853808654
551.2045853808654 533.1364552504457
533.1364552504457 541.4358660632226
541.4358660632226 556.9458794984508
556.9458794984508 569.8774061015293
569.8774061015293 572.9183293427478
572.9183293427478 581.0289315743616
581.0289315743616 580.8915929209428
580.8915929209428 597.7153263192297
597.7153263192297 584.1335408398598
584.1335408398598 576.1922581152159
576.1922581152159 574.5360475234725
574.5360475234725 556.6903503136438
556.6903503136438 556.3507413428639
556.3507413428639 557.2307792105844
557.2307792105844 558.2186741533972
558.2186741533972 549.1811162127643
549.1811162127643 550.3135185192724
550.3135185192724 535.4168752079413
535.4168752079413 552.9230026181301
552.9230026181301 568.2029251423448
568.2029251423448 567.5794331168156
567.5794331168156 573.0361819927897
573.0361819927897 559.8300065605051
559.8300065605051 570.5600194460638
570.5600194460638 571.1867571714102
571.1867571714102 571.2651547781383
571.2651547781383 576.3614352046873
576.3614352046873 562.0407245535918
562.0407245535918 569.0513322356026
569.0513322356026 554.9316666135351
554.9316666135351 555.4555511225966
555.4555511225966 566.1814948918078
566.1814948918078 578.0742025790269
578.0742025790269 592.4932216581977
592.4932216581977 603.7726124387927
603.7726124387927 616.1767357111164
616.1767357111164 607.4482727616446
607.4482727616446 625.8593920218518
625.8593920218518 645.1802283822759
645.1802283822759 619.7130632975
619.7130632975 605.5483477746488
605.5483477746488 605.6185851244703
605.6185851244703 604.5920312305268
604.5920312305268 605.0422446618744
605.0422446618744 617.12661450567
617.12661450567 602.8653794530578
602.8653794530578 596.4662655673641
596.4662655673641 579.7065338995915
579.7065338995915 574.5104885464002
574.5104885464002 577.2364887025713
577.2364887025713 577.3243423651577
577.3243423651577 577.8245345692981
577.8245345692981 588.9376266743548
588.9376266743548 582.1720597440057
582.1720597440057 575.9447140000467
575.9447140000467 572.4650155235679
572.4650155235679 574.0161291128283
574.0161291128283 563.8833168391411
563.8833168391411 542.8475448027299
542.8475448027299 537.8908153748462
537.8908153748462 543.7692227917593
543.7692227917593 539.8481670013762
539.8481670013762 552.755547444464
552.755547444464 554.7498055901618
554.7498055901618 571.0356392476077
571.0356392476077 576.0961841102923
576.0961841102923 559.472830082175
559.472830082175 558.8056861591385
558.8056861591385 560.7251432825685
560.7251432825685 574.5362383385498
574.5362383385498 577.3331124282063
577.3331124282063 585.2165601973512
585.2165601973512 588.090509496979
588.090509496979 606.7577297527484
606.7577297527484 596.944880892392
596.944880892392 594.3710230884938
594.3710230884938 605.4089897540103
605.4089897540103 599.6308102143579
599.6308102143579 599.7898972205138
599.7898972205138 597.650604799301
597.650604799301 618.5845978082791
618.5845978082791 594.4353218761944
594.4353218761944 584.1796794199662
584.1796794199662 578.5467248498785
578.5467248498785 576.0188168391072
576.0188168391072 572.8250918095798
572.8250918095798 551.3232124056339
551.3232124056339 567.5125581194616
567.5125581194616 583.3586444002707
583.3586444002707 600.4965649449082
600.4965649449082 590.7546178331684
590.7546178331684 573.087283285277
573.087283285277 577.6092416317024
577.6092416317024 581.2700608993091
581.2700608993091 590.5530525159946
590.5530525159946 588.5463760121789
588.5463760121789 571.0828097641685
571.0828097641685 570.2588810483841
570.2588810483841 580.5746361198736
580.5746361198736 580.8774551651404
580.8774551651404 564.3677743010461
564.3677743010461 565.4828116006693
565.4828116006693 572.3053300894586
572.3053300894586 585.8318384694969
585.8318384694969 570.7331119673685
570.7331119673685 571.4146969213349
571.4146969213349 563.3076830210874
563.3076830210874 582.9735358477631
582.9735358477631 567.502173561901
567.502173561901 576.7774078402418
576.7774078402418 594.7409902236976
594.7409902236976 572.9976116926844
572.9976116926844 590.5926660001962
590.5926660001962 602.3217681848415
602.3217681848415 612.2112256086227
612.2112256086227 634.7388452133882
634.7388452133882 641.2854973659829
641.2854973659829 638.9979279795023
638.9979279795023 633.8283978017246
633.8283978017246 611.7708367697627
611.7708367697627 594.5834867513393
594.5834867513393 577.3180188701982
577.3180188701982 583.0034878845528
583.0034878845528 575.4987102896275
575.4987102896275 567.6932261381771
567.6932261381771 553.0701100684473
553.0701100684473 553.4006705350839
553.4006705350839 575.5174591935724
575.5174591935724 573.6497842074405
573.6497842074405 581.7510562002735
581.7510562002735 576.3827618937263
576.3827618937263 564.8223952549263
564.8223952549263 560.0965795249122
560.0965795249122 561.1769248461461
561.1769248461461 568.5969896540155
568.5969896540155 574.6612618208854
574.6612618208854 574.7449267101102
574.7449267101102 578.3751347047273
578.3751347047273 596.1020752107489
596.1020752107489 596.189834440904
596.189834440904 596.5192347766439
596.5192347766439 588.7639894395704
588.7639894395704 611.2961192955078
611.2961192955078 625.3071410620491
625.3071410620491 615.0388625989543
615.0388625989543 631.4760771909147
631.4760771909147 624.1073005921842
624.1073005921842 614.4591047719325
614.4591047719325 620.5576701407922
620.5576701407922 617.1090836648916
617.1090836648916 597.8632592255644
597.8632592255644 574.4108414432017
574.4108414432017 595.59113299654
595.59113299654 577.3434831544803
577.3434831544803 585.2239872278748
585.2239872278748 582.2656330842867
582.2656330842867 589.8705304196634
589.8705304196634 589.3571779763157
589.3571779763157 576.6588383266991
576.6588383266991 595.8470034472898
595.8470034472898 601.5334069139797
601.5334069139797 602.9723364512479
602.9723364512479 602.8934143917027
602.8934143917027 595.3659120137064
595.3659120137064 572.1776272408439
572.1776272408439 581.5123948008164
581.5123948008164 569.8159618245
569.8159618245 572.063738799518
572.063738799518 573.0603413570601
573.0603413570601 576.9410326850806
576.9410326850806 592.3207501976411
592.3207501976411 591.7940836888491
591.7940836888491 582.2336214341834
582.2336214341834 563.2880181474546
563.2880181474546 561.7424579757129
561.7424579757129 562.4455069740766
562.4455069740766 570.5381876966306
570.5381876966306 589.7397958219598
589.7397958219598 576.5337388423291
576.5337388423291 578.1141173138761
578.1141173138761 595.5671866634108
595.5671866634108 590.9720718113713
590.9720718113713 567.667365851103
567.667365851103 554.6036063789007
554.6036063789007 564.8742216853967
564.8742216853967 576.5011101638343
576.5011101638343 582.9552760870132
582.9552760870132 590.2848838220559
590.2848838220559 599.0949591941538
599.0949591941538 606.9419331464527
606.9419331464527 610.1955474709338
610.1955474709338 607.1989181321833
607.1989181321833 598.221293501446
598.221293501446 621.7670929819676
621.7670929819676 616.6053705595338
616.6053705595338 612.3273829134691
612.3273829134691 599.879914441603
599.879914441603 586.7839250466228
586.7839250466228 574.156502694294
574.156502694294 580.4514425076546
580.4514425076546 578.1297484581876
578.1297484581876 573.4377346008284
573.4377346008284 573.5275211575891
573.5275211575891 573.7252431205866
573.7252431205866 572.2677670086482
572.2677670086482 565.7323489012455
565.7323489012455 559.0717310762313
559.0717310762313 543.332265789062
543.332265789062 522.2842911179052
522.2842911179052 520.9268037392179
520.9268037392179 532.2717743833983
532.2717743833983 553.3612097635865
553.3612097635865 552.695887163559
552.695887163559 558.834921896743
558.834921896743 579.3377111931684
579.3377111931684 588.7003376345378
588.7003376345378 575.7098548368515
575.7098548368515 583.458945517592
583.458945517592 604.6904629441783
604.6904629441783 596.7808917475159
596.7808917475159 584.6001883738064
584.6001883738064 565.6284699972299
565.6284699972299 550.6606493219151
550.6606493219151 567.2621848917435
567.2621848917435 562.703816139802
562.703816139802 557.8280980175775
557.8280980175775 557.9891587088806
557.9891587088806 570.2500034045802
570.2500034045802 565.4760341540584
565.4760341540584 570.2403206145316
570.2403206145316 572.5076079096316
572.5076079096316 577.9452387269774
577.9452387269774 588.4802342717355
588.4802342717355 588.7619823767365
588.7619823767365 606.5473310783426
606.5473310783426 587.4486181904267
587.4486181904267 593.8085784534862
593.8085784534862 596.7585418697682
596.7585418697682 580.1192555336744
580.1192555336744 601.5767377490306
601.5767377490306 607.4277850762286
607.4277850762286 608.6472422588827
608.6472422588827 585.2474214725953
585.2474214725953 592.002445808132
592.002445808132 593.4354359523169
593.4354359523169 572.6144636540921
572.6144636540921 569.8416049917053
569.8416049917053 550.1785049362304
550.1785049362304 551.3753832170472
551.3753832170472 554.5481823662084
554.5481823662084 563.8136852026444
563.8136852026444 553.246489311241
553.246489311241 556.7544520477135
556.7544520477135 566.5298695271543
566.5298695271543 569.2825491280911
569.2825491280911 561.8758760350128
561.8758760350128 563.3885460358587
563.3885460358587 574.1701319435709
574.1701319435709 574.9032807291204
574.9032807291204 585.9487437515337
585.9487437515337 573.2312819307701
573.2312819307701 568.2106279945956
568.2106279945956 568.4773281757457
568.4773281757457 573.865875629741
573.865875629741 554.8922769411719
554.8922769411719 572.2015089781664
572.2015089781664 560.5553481255934
560.5553481255934 575.3386618086129
575.3386618086129 576.3024014028053
576.3024014028053 575.4731884445537
575.4731884445537 556.4293086440006
556.4293086440006 566.0468820557315
566.0468820557315 586.8798416917766
586.8798416917766 565.1592381019047
565.1592381019047 565.4317718388579
565.4317718388579 566.4218566479125
566.4218566479125 566.7207827027546
566.7207827027546 585.7500309228396
585.7500309228396 596.3585325767755
596.3585325767755 618.2023039935592
618.2023039935592 639.396833995831
639.396833995831 646.2637096709674
646.2637096709674 641.0977033637058
641.0977033637058 656.3262000962636
656.3262000962636 656.2274820688333
656.2274820688333 640.7334408914132
640.7334408914132 633.7642688848294
633.7642688848294 630.7536947933216
630.7536947933216 607.6045884195428
607.6045884195428 606.964357871935
606.964357871935 606.6743639541986
606.6743639541986 596.1842783231263
596.1842783231263 592.418855851609
592.418855851609 592.0162498266965
592.0162498266965 586.180454042946
586.180454042946 604.6633626816568
604.6633626816568 594.8352476420872
594.8352476420872 588.818937167368
588.818937167368 577.7065255022667
577.7065255022667 583.0747832018736
583.0747832018736 560.218788564385
560.218788564385 548.3790087581077
548.3790087581077 550.7783005936496
550.7783005936496 554.0577481702467
554.0577481702467 549.4435030371608
549.4435030371608 559.2932856455295
559.2932856455295 561.9978458750081
561.9978458750081 569.9593632452464
569.9593632452464 584.8189419167477
584.8189419167477 577.628270611217
577.628270611217 577.767376559201
577.767376559201 575.824195436908
575.824195436908 577.4034067254141
577.4034067254141 594.4311673003074
594.4311673003074 586.5145713245646
586.5145713245646 586.6505606566298
586.6505606566298 582.6816892073618
582.6816892073618 583.5269038585778
583.5269038585778 591.4292122406347
591.4292122406347 573.3889068628278
573.3889068628278 570.4843505749818
570.4843505749818 583.946608890926
583.946608890926 601.8961056221873
601.8961056221873 595.9796112167852
595.9796112167852 589.9356645179465
589.9356645179465 592.0147001221649
592.0147001221649 596.0370815469471
596.0370815469471 598.290118599321
598.290118599321 589.03867080239
589.03867080239 593.5411916855942
593.5411916855942 578.6071838936357
578.6071838936357 573.1079594214082
573.1079594214082 572.145979735913
572.145979735913 559.1203531362141
559.1203531362141 557.7821757644922
557.7821757644922 571.955636881234
571.955636881234 570.3126436515366
570.3126436515366 587.0409803938569
587.0409803938569 582.568565265925
582.568565265925 589.8066780410667
589.8066780410667 610.3161304922791
610.3161304922791 613.1882439309459
613.1882439309459 615.6327503811202
615.6327503811202 615.5044917740188
615.5044917740188 612.5535693067255
612.5535693067255 620.3504405419055
620.3504405419055 642.5186706349389
642.5186706349389 627.9301427539444
627.9301427539444 647.0826593106892
647.0826593106892 647.233146513517
647.233146513517 643.6255295291772
643.6255295291772 646.8775009569098
646.8775009569098 631.9389436294616
631.9389436294616 628.9758286209242
628.9758286209242 628.7258770370426
628.7258770370426 624.8892257416701
624.8892257416701 605.2249366065473
605.2249366065473 600.5266038713611
600.5266038713611 576.5178364668698
576.5178364668698 577.1945054577457
577.1945054577457 577.5941649541344
577.5941649541344 559.2696812920805
559.2696812920805 538.0036888210658
538.0036888210658 537.6651363253476
537.6651363253476 524.6996290500373
524.6996290500373 524.4938174836694
524.4938174836694 524.7944368617742
524.7944368617742 533.5398894342496
533.5398894342496 530.9429401179393
530.9429401179393 547.9348580856282
547.9348580856282 546.7033363696282
546.7033363696282 562.1608308231471
562.1608308231471 577.5628748951698
577.5628748951698 566.6826629657868
566.6826629657868 570.8867369784971
570.8867369784971 565.0585023561257
565.0585023561257 581.184682087613
581.184682087613 586.5140783615819
586.5140783615819 587.3573117242952
587.3573117242952 597.4743058528713
597.4743058528713 586.7995167084375
586.7995167084375 593.4704647155453
593.4704647155453 571.0788661185267
571.0788661185267 572.1856467792232
572.1856467792232 590.1116923059595
590.1116923059595 609.2212602391556
609.2212602391556 611.479885450763
611.479885450763 612.2483620705956
612.2483620705956 612.3701084793903
612.3701084793903 610.9785507316212
610.9785507316212 610.790158857774
610.790158857774 610.0609162897591
610.0609162897591 599.1605220162415
599.1605220162415 580.2535962790354
580.2535962790354 564.6424374057517
564.6424374057517 560.1617220733665
560.1617220733665 557.3489404001291
557.3489404001291 568.9852472717051
568.9852472717051 581.8115500507112
581.8115500507112 582.5262007456316
582.5262007456316 573.9160461814407
573.9160461814407 553.3824893589849
553.3824893589849 573.2013048689977
573.2013048689977 577.5094586637061
577.5094586637061 576.6440283524696
576.6440283524696 580.1791316576524
580.1791316576524 593.116148597006
593.116148597006 593.2961784414817
593.2961784414817 587.2662333741644
587.2662333741644 565.8549050815262
565.8549050815262 576.0681284173351
576.0681284173351 590.1504229541313
590.1504229541313 583.8387981309518
583.8387981309518 583.6092433504467
583.6092433504467 563.717020268322
563.717020268322 541.8994345371102
541.8994345371102 526.8193724139156
526.8193724139156 532.7334955732058
532.7334955732058 530.1213798227791
530.1213798227791 535.6976669577907
535.6976669577907 549.9194091228496
549.9194091228496 553.8440950073423
553.8440950073423 573.2324201356801
573.2324201356801 553.5987690772511
553.5987690772511 555.0234127496515
555.0234127496515 574.8489739286282
574.8489739286282 557.631287819576
557.631287819576 557.687677526043
557.687677526043 558.4282155512896
558.4282155512896 563.4661492584387
563.4661492584387 547.8820715687599
547.8820715687599 554.0369174323592
554.0369174323592 556.8144472038894
556.8144472038894 548.2786704792344
548.2786704792344 562.095924039416
562.095924039416 559.2120911366508
559.2120911366508 561.8670038494824
561.8670038494824 576.7544999446854
576.7544999446854 577.14534173502
577.14534173502 583.9915669629374
583.9915669629374 564.8762352890211
564.8762352890211 555.7755840734035
555.7755840734035 571.4481222784257
571.4481222784257 570.9796387939483
570.9796387939483 585.7676588166239
585.7676588166239 567.3827759663578
567.3827759663578 568.7214710574787
568.7214710574787 567.794521403203
567.794521403203 571.4425600604922
571.4425600604922 569.4306324883985
569.4306324883985 569.9144668089381
569.9144668089381 569.0739876331087
569.0739876331087 588.6627454182079
588.6627454182079 579.1049770841759
579.1049770841759 577.2469062274876
577.2469062274876 577.4715882126663
577.4715882126663 565.4789732039917
565.4789732039917 579.4290888991881
579.4290888991881 579.7186302926061
579.7186302926061 601.3314414010753
601.3314414010753 613.8801628355874
613.8801628355874 632.5709637270969
632.5709637270969 641.2209607989186
641.2209607989186 635.0358137795893
635.0358137795893 628.7635854289149
628.7635854289149 618.9803277746656
618.9803277746656 608.0771273138351
608.0771273138351 588.2937820003198
588.2937820003198 587.7010991569975
587.7010991569975 605.8202357631036
605.8202357631036 605.6410836768507
605.6410836768507 594.3258550807595
594.3258550807595 584.6010017610555
584.6010017610555 584.7760783914097
584.7760783914097 575.884671839727
575.884671839727 555.5607511401354
555.5607511401354 552.0342984238799
552.0342984238799 544.4306626936788
544.4306626936788 545.0145878941722
545.0145878941722 528.2542430074102
528.2542430074102 534.904804525277
534.904804525277 536.1448174610385
536.1448174610385 534.9052173255953
534.9052173255953 544.2234189275262
544.2234189275262 557.3283123389903
557.3283123389903 579.336411334918
579.336411334918 579.2764507386589
579.2764507386589 600.2231954149274
600.2231954149274 607.8288252547452
607.8288252547452 603.5514720296216
603.5514720296216 619.2986922010983
619.2986922010983 596.9757313696019
596.9757313696019 580.9988658160511
580.9988658160511 558.7591060773809
558.7591060773809 562.2334182678081
562.2334182678081 547.6716145561365
547.6716145561365 540.581136286803
540.581136286803 540.9679233236063
540.9679233236063 532.0127723781413
532.0127723781413 539.898010979498
539.898010979498 543.7379595384451
543.7379595384451 545.0671986949293
545.0671986949293 557.0179890832493
557.0179890832493 565.1549028508385
565.1549028508385 554.9502936251622
554.9502936251622 574.4690796915695
574.4690796915695 554.9707038849416
554.9707038849416 563.8248397444055
563.8248397444055 559.9795925157647
559.9795925157647 563.004778469266
563.004778469266 572.4652298331343
572.4652298331343 553.1882629142177
553.1882629142177 553.2610432838228
553.2610432838228 567.0603160258854
567.0603160258854 575.3148849817861
575.3148849817861 567.7954518024655
567.7954518024655 568.6506383481184
568.6506383481184 582.0708452745552
582.0708452745552 580.0373205455518
580.0373205455518 569.5295383384358
569.5295383384358 572.4998125155513
572.4998125155513 591.1611112132266
591.1611112132266 587.9054116922248
587.9054116922248 583.331771435257
583.331771435257 565.8046495581963
565.8046495581963 549.7576773348128
549.7576773348128 537.2840743127251
537.2840743127251 532.7503811630654
532.7503811630654 524.0210145209985
524.0210145209985 524.2565513336211
524.2565513336211 512.2723447131948
512.2723447131948 510.2583923061536
510.2583923061536 519.5601179888903
519.5601179888903 502.35599614370994
502.35599614370994 496.7650355550061
496.7650355550061 495.8786557367371
495.8786557367371 494.8439379128609
494.8439379128609 505.6549271728114
505.6549271728114 493.23652778390993
493.23652778390993 482.3744855215896
482.3744855215896 472.61193931147795
472.61193931147795 480.877589637402
480.877589637402 485.21939588741327
485.21939588741327 488.05514753328634
488.05514753328634 506.1179507773811
506.1179507773811 509.6178144337265
509.6178144337265 517.7922864758164
517.7922864758164 519.8362970812411
519.8362970812411 533.9580966295343
533.9580966295343 551.1605792033814
551.1605792033814 572.8873305910363
572.8873305910363 584.5072431915
584.5072431915 606.9601867648119
606.9601867648119 609.8584212083825
609.8584212083825 620.3932158385544
620.3932158385544 617.2550681485314
617.2550681485314 617.0990819618094
617.0990819618094 599.1607339979491
599.1607339979491 594.5827917002467
594.5827917002467 581.619565232377
581.619565232377 565.1972407256915
565.1972407256915 581.0738648773948
581.0738648773948 561.623532025318
561.623532025318 560.0612334342428
560.0612334342428 543.0366830888166
543.0366830888166 544.4281338689296
544.4281338689296 549.033099765667
549.033099765667 557.4225877544943
557.4225877544943 563.140270043268
563.140270043268 584.1635672398904
584.1635672398904 575.935736959864
575.935736959864 553.015610244386
553.015610244386 549.6878302891699
549.6878302891699 555.1422665109963
555.1422665109963 553.2069522909787
553.2069522909787 542.0872785119319
542.0872785119319 543.7900092853317
543.7900092853317 543.7306958049483
543.7306958049483 541.8481895742258
541.8481895742258 525.7796913433033
525.7796913433033 507.16308635251954
507.16308635251954 496.19013407243375
496.19013407243375 515.3184898070649
515.3184898070649 497.196732813676
497.196732813676 481.52449857483396
481.52449857483396 482.4751605759845
482.4751605759845 487.1351332906331
487.1351332906331 500.2004093231402
500.2004093231402 503.6136554112613
503.6136554112613 509.9141530257032
509.9141530257032 510.4999787140358
510.4999787140358 530.577463799553
530.577463799553 530.4567316285638
530.4567316285638 529.8550585076102
529.8550585076102 522.3175851671112
522.3175851671112 521.8638194772375
521.8638194772375 528.4193238779652
528.4193238779652 528.5034069069075
528.5034069069075 534.4045644774911
534.4045644774911 536.8596769478252
536.8596769478252 554.5644267841061
554.5644267841061 561.4160492202454
561.4160492202454 580.3864665417494
580.3864665417494 572.359434900502
572.359434900502 594.3368426739961
594.3368426739961 593.8803042844974
593.8803042844974 578.8640818804596
578.8640818804596 569.694608633368
569.694608633368 573.4469659321121
573.4469659321121 572.9070019083346
572.9070019083346 573.3695752679478
573.3695752679478 561.943244655091
561.943244655091 562.6812692083081
562.6812692083081 563.1374282390376
563.1374282390376 578.8658454984434
578.8658454984434 572.9893197789169
572.9893197789169 572.7720316904876
572.7720316904876 592.9934562001698
592.9934562001698 587.9163447927389
587.9163447927389 582.5051396224237
582.5051396224237 571.5262743869145
571.5262743869145 564.6574460091733
564.6574460091733 560.7934334999493
560.7934334999493 559.793090733505
559.793090733505 580.0010874200656
580.0010874200656 575.90976084696
575.90976084696 574.7778961241481
574.7778961241481 580.3375441246513
580.3375441246513 580.1027062934568
580.1027062934568 564.4732727047377
564.4732727047377 559.940838364328
559.940838364328 577.7560783697322
577.7560783697322 576.7498716442503
576.7498716442503 575.243569130257
575.243569130257 583.4833352960108
583.4833352960108 582.3285592891407
582.3285592891407 560.1595630011882
560.1595630011882 582.2967156856944
582.2967156856944 574.9789376292907
574.9789376292907 562.8879294036386
562.8879294036386 561.2923619619104
561.2923619619104 539.1758730623974
539.1758730623974 521.4566706764667
521.4566706764667 527.1268090961719
527.1268090961719 516.8747259052872
516.8747259052872 512.2985143578203
512.2985143578203 515.3108414458819
515.3108414458819 534.1966722249336
534.1966722249336 551.7737410604442
551.7737410604442 552.0585092345118
552.0585092345118 563.8246517388288
563.8246517388288 583.7882820439283
583.7882820439283 573.6422602746732
573.6422602746732 573.5361376342786
573.5361376342786 571.6013752965001
571.6013752965001 571.732304676354
571.732304676354 575.368795997961
575.368795997961 574.2947541683068
574.2947541683068 556.5578916159386
556.5578916159386 560.8090399970943
560.8090399970943 567.284743278985
567.284743278985 566.8938797536964
566.8938797536964 562.5618947909211
562.5618947909211 548.2340648851267
548.2340648851267 570.0801697813669
570.0801697813669 549.6547077748145
549.6547077748145 559.9526617434465
559.9526617434465 581.346347235308
581.346347235308 580.8071511484158
580.8071511484158 564.9737150014573
564.9737150014573 555.9078692344851
555.9078692344851 541.193247006466
541.193247006466 521.7357068248416
521.7357068248416 536.7605672340326
536.7605672340326 551.8039133204962
551.8039133204962 548.8924816838215
548.8924816838215 569.4196047991597
569.4196047991597 576.2563973059488
576.2563973059488 576.0749551915059
576.0749551915059 555.9046343398804
555.9046343398804 538.878537801652
538.878537801652 534.4866501550244
534.4866501550244 523.8753637054062
523.8753637054062 526.3657299997986
526.3657299997986 513.480842769824
513.480842769824 533.0176132194978
533.0176132194978 537.205452444932
537.205452444932 543.5096361314197
543.5096361314197 559.7997890471308
559.7997890471308 560.6833724234796
560.6833724234796 547.9191500803446
547.9191500803446 564.6423730019766
564.6423730019766 577.8416235578036
577.8416235578036 572.7672629390189
572.7672629390189 579.9468837802478
579.9468837802478 582.0143392858149
582.0143392858149 585.0417590511763
585.0417590511763 577.82705003498
577.82705003498 560.9294111497237
560.9294111497237 547.9416194391238
547.9416194391238 568.3661313219097
568.3661313219097 564.1664839802288
564.1664839802288 567.8082377182266
567.8082377182266 576.3485502347904
576.3485502347904 562.1935406734708
562.1935406734708 565.0809784547162
565.0809784547162 566.6995232590149
566.6995232590149 582.2022576412821
582.2022576412821 596.2695601048373
596.2695601048373 619.3499847906834
619.3499847906834 628.5881952224199
628.5881952224199 652.7944556711863
652.7944556711863 648.6895627385526
648.6895627385526 663.440778417204
663.440778417204 638.2260363378532
638.2260363378532 623.8646569638746
623.8646569638746 623.1461864569508
623.1461864569508 601.3729191686363
601.3729191686363 596.9566811205932
596.9566811205932 578.0482160392094
578.0482160392094 557.3845384969097
557.3845384969097 556.8404370984114
556.8404370984114 539.0528857315335
539.0528857315335 540.3040316152416
540.3040316152416 535.7682329466685
535.7682329466685 535.8834336125334
535.8834336125334 515.4034884341456
515.4034884341456 506.17066182155986
506.17066182155986 518.6073693441472
518.6073693441472 498.63429390249803
498.63429390249803 486.019803942328
486.019803942328 467.4710230129371
467.4710230129371 465.0094443171998
465.0094443171998 467.2996937418025
467.2996937418025 451.73987642932957
451.73987642932957 448.48544732513585
448.48544732513585 463.3805812332861
463.3805812332861 467.42619463510374
467.42619463510374 468.8193768728141
468.8193768728141 471.0751946551049
471.0751946551049 456.2233186893385
456.2233186893385 455.6592085311734
455.6592085311734 468.0672204766385
468.0672204766385 479.945614108104
479.945614108104 494.19438608487553
494.19438608487553 501.3209370815737
501.3209370815737 515.2245286578103
515.2245286578103 516.7614518776945
516.7614518776945 518.7798766564582
518.7798766564582 518.2028672698834
518.2028672698834 526.8213779214799
526.8213779214799 530.2737079214155
530.2737079214155 528.1220945245718
528.1220945245718 531.3349063925995
531.3349063925995 547.2007852226689
547.2007852226689 558.7328962837224
558.7328962837224 554.298957392506
554.298957392506 570.6674871607521
570.6674871607521 570.6039627041657
570.6039627041657 589.855559488605
589.855559488605 575.1127502846701
575.1127502846701 589.7921916129137
589.7921916129137 571.1542412930916
571.1542412930916 558.6772160299761
558.6772160299761 549.8465519801161
549.8465519801161 551.8549227797886
551.8549227797886 559.6949952529158
559.6949952529158 548.6804633385116
548.6804633385116 561.7879243959171
561.7879243959171 567.5704107022451
567.5704107022451 581.0446288226713
581.0446288226713 580.1774124767369
580.1774124767369 578.6483085279137
578.6483085279137 573.594629295974
573.594629295974 566.248875919162
566.248875919162 560.9323920276913
560.9323920276913 557.7684670232964
557.7684670232964 577.6983100106011
577.6983100106011 572.3280916154986
572.3280916154986 573.1721421802257
573.1721421802257 558.9356577839611
558.9356577839611 554.2448490767899
554.2448490767899 553.7562101096031
553.7562101096031 546.5309420494025
546.5309420494025 546.1459263812027
546.1459263812027 542.7402888668797
542.7402888668797 540.2613751958708
540.2613751958708 539.7310769609221
539.7310769609221 548.5900139374583
548.5900139374583 549.6252154985034
549.6252154985034 540.8011708561387
540.8011708561387 537.7343545080278
537.7343545080278 538.5152656874193
538.5152656874193 526.5201859698253
526.5201859698253 526.366983729364
526.366983729364 523.7433092952072
523.7433092952072 510.8303963935003
510.8303963935003 523.0322131318984
523.0322131318984 541.9638966833592
541.9638966833592 549.9841646748234
549.9841646748234 533.9691414972154
533.9691414972154 521.3944857238429
521.3944857238429 524.4463514168581
524.4463514168581 526.1605918834836
526.1605918834836 525.3261801862952
525.3261801862952 504.43207399262457
504.43207399262457 513.1422955942096
513.1422955942096 516.9178472424535
516.9178472424535 525.3911169171623
525.3911169171623 533.05289270862
533.05289270862 549.2657008284683
549.2657008284683 570.4435077347424
570.4435077347424 569.1489853258181
569.1489853258181 562.0301175826359
562.0301175826359 559.8400524595162
559.8400524595162 548.8768953601543
548.8768953601543 539.9469600545153
539.9469600545153 539.7611154198398
539.7611154198398 535.2481145788385
535.2481145788385 531.7473423599941
531.7473423599941 530.2548145765761
530.2548145765761 540.0902246399994
540.0902246399994 547.297077564746
547.297077564746 565.4068400701334
565.4068400701334 543.0744861400195
543.0744861400195 546.858421148168
546.858421148168 536.3357000197433
536.3357000197433 551.4827926015612
551.4827926015612 570.1375954016795
570.1375954016795 548.2993650321068
548.2993650321068 549.9924355743711
549.9924355743711 558.5968521296409
558.5968521296409 547.747792424825
547.747792424825 562.6650027546323
562.6650027546323 563.1391521226774
563.1391521226774 582.1142069332783
582.1142069332783 581.5795154289845
581.5795154289845 593.1600276233977
593.1600276233977 577.3359537354675
577.3359537354675 595.2777250119067
595.2777250119067 585.2360704087613
585.2360704087613 604.937587006297
604.937587006297 608.7295355295953
608.7295355295953 606.7821649032813
606.7821649032813 618.4709264745063
618.4709264745063 637.1527328051852
637.1527328051852 613.5047928688857
613.5047928688857 589.0883214162508
589.0883214162508 580.5676716868899
580.5676716868899 596.0930666087552
596.0930666087552 583.8032861245091
583.8032861245091 568.1295673016252
568.1295673016252 566.7676620306628
566.7676620306628 561.864620589927
561.864620589927 541.0810991165381
541.0810991165381 520.150033503948
520.150033503948 528.8726710331231
528.8726710331231 524.5296103541505
524.5296103541505 526.9133949008718
526.9133949008718 534.5286524683253
534.5286524683253 540.2388179413241
540.2388179413241 554.4742090515806
554.4742090515806 553.2525548913586
553.2525548913586 554.3974496493546
554.3974496493546 559.5537147827062
559.5537147827062 580.2998536092439
580.2998536092439 569.568010560336
569.568010560336 558.2801940687476
558.2801940687476 558.8098772530794
558.8098772530794 573.6055874598059
573.6055874598059 550.6668556667242
550.6668556667242 568.5038990439072
568.5038990439072 563.7261289478774
563.7261289478774 563.627997955332
563.627997955332 559.7523570831505
559.7523570831505 574.3369359768643
574.3369359768643 562.8430675262481
562.8430675262481 561.4061089732963
561.4061089732963 563.6573544973188
563.6573544973188 563.464770310949
563.464770310949 540.9281627934392
540.9281627934392 550.8747279231723
550.8747279231723 549.2894568627848
549.2894568627848 556.0782180523429
556.0782180523429 553.2382019600499
553.2382019600499 550.8772401342285
550.8772401342285 550.5565207769206
550.5565207769206 556.3777764750708
556.3777764750708 539.0094103454335
539.0094103454335 526.603561572293
526.603561572293 511.2452169407357
511.2452169407357 506.06145150268446
506.06145150268446 518.5179519327638
518.5179519327638 517.2843545252343
517.2843545252343 517.0593047503822
517.0593047503822 525.1714037270868
525.1714037270868 528.4207306146152
528.4207306146152 524.6398240078959
524.6398240078959 505.79388841507904
505.79388841507904 501.21207556525684
501.21207556525684 501.5944254068644
501.5944254068644 501.6494722443476
501.6494722443476 503.2052763108664
503.2052763108664 520.6123798305299
520.6123798305299 525.0974758094927
525.0974758094927 544.6911726929098
544.6911726929098 545.3941631925462
545.3941631925462 557.5346747863806
557.5346747863806 561.6523641769808
561.6523641769808 554.4681621280765
554.4681621280765 559.0009012577574
559.0009012577574 548.6798511677715
548.6798511677715 550.5168063928822
550.5168063928822 563.2006782849651
563.2006782849651 567.5714546621823
567.5714546621823 564.5741268863788
564.5741268863788 562.925214425907
562.925214425907 556.3803257042524
556.3803257042524 543.5901182869278
543.5901182869278 531.4171868700253
531.4171868700253 531.5218907310726
531.5218907310726 527.7614781126202
527.7614781126202 537.6108323559174
537.6108323559174 534.4521017715608
534.4521017715608 534.7539097028209
534.7539097028209 519.6998624500097
519.6998624500097 534.4764385729552
534.4764385729552 543.7015147754273
543.7015147754273 556.3882163051663
556.3882163051663 538.7687289549876
538.7687289549876 560.262098199
560.262098199 560.8105330661535
560.8105330661535 565.6459351675775
565.6459351675775 562.603727490007
562.603727490007 585.1310716403675
585.1310716403675 607.8772429217282
607.8772429217282 592.5939392017054
592.5939392017054 595.7274597828083
595.7274597828083 602.5896803473015
602.5896803473015 625.7903474779547
625.7903474779547 622.9977342236032
622.9977342236032 622.9256001126207
622.9256001126207 628.595088594712
628.595088594712 634.6304460824118
634.6304460824118 624.3480951599227
624.3480951599227 626.5211267362054
626.5211267362054 614.048072504101
614.048072504101 596.5363054970484
596.5363054970484 596.6643659822298
596.6643659822298 574.3301770450688
574.3301770450688 573.0233343648109
573.0233343648109 550.6248234182501
550.6248234182501 556.4747762708568
556.4747762708568 571.9334160786559
571.9334160786559 583.7802105932432
583.7802105932432 569.7703520887706
569.7703520887706 576.3681962770294
