0 0.0
527.2618351616164 544.8812066891276
544.2356257847985
563.4115059617046
581.5592080793259
581.8819237681291
590.0790761410515
593.2996410319082
593.6062228839893
583.2041887569288
576.0736228080126
578.2640063506446
573.7018025557173
581.6988407686441
562.9473265466387
561.3409153011719
561.5139602451811
563.6418077437736
580.9558299888294
570.4001859371048
558.8131630397226
556.3838474117599
558.6856279243331
542.9278621957109
543.3038210140171
542.2628030182873
536.6208893371056
531.3005378620774
526.6744404039069
532.7678568765612
526.4308902199851
509.38484802409795
500.3602172993324
497.6556507003886
489.92999569668865
471.7644103774218
482.446345641712
494.42790478380647
497.03243874908577
481.79363981773685
485.5659176336952
501.3152480641442
501.4128402017322
509.5756568266733
528.9352563028071
523.2271103043552
533.4807134957931
517.0505564523208
510.9805869052725
503.53344657158783
493.4955875984984
490.0750018795397
471.13819705014583
461.08114031055493
472.7033184279634
490.1412960628958
493.9719900256593
492.0018112020141
496.41056554696786
498.07984226120743
499.03224042701265
518.1222921759337
503.50743201323155
503.5697803951007
518.0586512916454
525.30209309038
516.0075117179988
520.9341191331386
537.5546964527333
547.5048410813524
545.4425382816297
552.2723506858457
545.2807011153392
541.3393246516805
541.4422518145827
532.4327769588248
551.6482760995734
568.0831275388667
569.7311239606421
556.3914271554356
556.4471954225218
550.6918759453861
544.6471464608367
563.7731772995455
574.7571530690191
564.1686865795107
583.8026905876018
600.4422368762625
621.6345954962353
607.822931475927
608.8465677929072
626.2317558170721
603.2196534423393
613.8408075432633
609.2594227123011
589.090130810128
581.902234021595
580.8885472635498
575.7103418555315
569.7712047328789
569.0980252652448
559.6347597657364
550.0885994755547
562.6681350441429
558.7214917923104
559.1240000405209
537.8614860069212
536.9583960928749
545.9037760320907
538.9931639246265
528.7965418717378
545.0705146386615
539.2615487896398
524.1642611957341
521.148609952885
531.5060544113888
526.0180524670897
520.7351346496831
534.1522354723501
527.4281896739546
528.6664818023496
510.6412365377172
529.1250840981387
546.9511853809292
527.7051610632934
548.1735104341645
551.0548892597885
556.6740798563488
556.4798962730315
559.2541602664227
581.6551162490194
575.1814457426856
573.5348983102916
562.1089343921395
541.4547408397103
550.2885419677724
557.896991460665
553.5355094216816
540.659296352442
549.1484758713813
537.1553297017031
536.7771989548775
537.167721007923
535.2766456789436
533.3664960296413
516.1739742238854
529.6993858007249
518.2517137345582
520.7467791196444
522.9816869577319
541.051166464427
547.5944496544854
560.2747073661861
538.3816655465205
548.6981773833741
528.7557697812409
539.1556893529614
540.0134817966381
547.6126763190954
548.2432086148132
553.0738882618576
549.2858588470931
545.3957933860676
542.4345041834874
541.729160561279
541.1641656140004
539.4740480113754
534.3174575288465
534.8813190322686
546.8295719668439
546.2405006262214
540.4975198906556
547.9293931611232
536.3775908192187
536.8525297007205
532.9703556621955
520.7788718439973
504.74031346482934
500.7338498922556
506.7824626160337
500.59199158803494
503.1520004924963
509.39793344129936
509.4894348534101
520.2175687009897
523.0348077265559
537.9301885467667
521.0991045424031
523.7543859264703
533.3744329621755
532.8655734767209
549.0473765131793
558.6037706311855
571.0929125649873
572.9806918897797
554.1049472448002
564.9558585897524
584.3904816141412
578.6554432419389
557.44212712263
565.1815084615798
585.1595867932051
564.3768122360223
566.6826513098258
569.0923620769933
583.559006416717
583.2100535033713
575.6147153437745
587.3512583959006
572.5857341647193
577.5181474281275
577.5789430996244
563.5134072689408
571.954012346358
571.5343077961345
570.2752223353083
567.2526987039457
569.7433390912819
558.2010233212221
545.2300805307276
552.5373561399163
559.7633028899725
544.6783918248843
534.4288989308861
537.1756396394242
553.8327216737379
553.2419048219438
550.8867135904242
564.2005554018835
563.7520911217872
565.1251535349921
560.5873422179942
560.3003137264714
539.3249942931092
526.5313585209645
528.7528088042848
535.125675124166
536.5516710503197
539.5646794386428
558.3003686266856
565.2492163089846
543.1546842833678
556.2745221505802
563.1659323145794
563.8359806188683
581.0848834545428
590.1886254647058
570.9705491282838
576.7212442527572
575.800581365299
591.6786778489558
613.6973897334593
600.0182445844922
607.2224845800239
595.8267851202763
589.4735264556555
570.183132032261
561.9955004052633
561.0237770835408
539.6138325147357
543.6695836355614
540.8639339814019
524.9995282285229
512.1385934937732
519.5289768742182
510.7457408261218
525.3887390015478
527.0547263264729
528.3772987226807
538.567437821707
517.20533412297
525.6468407979756
538.7412966448157
537.4428725795404
538.6181366081795
520.2643858216045
533.3631543156039
536.1435172826739
516.6856241465941
496.61821585244047
490.05201568854557
490.18078161782114
502.20148221839077
513.4858793218649
527.950779169453
540.8842458908969
553.0718839887784
574.5287890312397
566.4207476557403
563.686714135062
549.7214471175972
549.6031350922165
548.3793632949369
552.276015577505
550.4431447106729
555.448017377371
548.0389661913204
530.2026391452819
532.601682260745
528.9382317754375
516.8518736453424
516.7219784506857
516.666106787834
497.6730481178914
502.57696554630763
493.3875341210568
487.63820435946343
488.12989698694065
499.4185051410462
514.1003485860643
513.9594019563654
514.4002010917465
516.4192980284357
531.6442846927457
536.1534738759639
543.3013801108743
552.0821039365628
551.5807431832594
565.6394154825521
577.623381496848
592.9526494789764
592.8796541469653
585.7093778205477
584.9404327234744
575.1084421904468
574.1467687335348
570.961362238652
557.6738986550522
571.4377958079846
557.3477420849705
557.5239782569713
557.1998056205975
554.3010046717545
548.5315482837755
554.9625564032918
550.0148240388882
545.1452972088447
544.740141219101
545.2710524349237
554.478973974266
549.7212249024954
559.1183226506998
561.2407446717871
564.3254860570073
548.8110698331627
553.5601351023643
553.2595851241382
555.5640649319286
549.9772624061228
536.5143165977485
535.6141502676596
530.2639953813475
530.1569478783427
529.1947556726761
537.7787425369925
535.7270496763532
522.6886441888925
520.3280536944187
518.0402930754248
531.8835003303867
533.5723755367495
513.1546038836104
514.0695078014168
514.6542280960156
520.6740792210344
503.7870439025704
504.2830622319752
498.67333088501204
510.9434992509461
513.0041903038555
525.8388099182314
544.7676484534107
545.0839752497914
545.5711621450376
523.9349743567475
544.7011610842892
528.2538995753109
539.7020969272373
552.3074427766452
545.9390501949425
557.8482593250177
561.7072757754681
553.6567310129834
541.1426124762896
526.3289653935669
519.8678103355194
530.8573631431044
513.7864987293684
500.3466889983223
500.0868614700105
507.2028655024642
500.7467569455752
502.5759694369779
509.64116203451925
525.5500650797857
527.8122480941022
529.2205512165507
542.7287959910778
551.2388787702615
566.4143892814933
564.0465313537145
568.4821026269905
564.020022238142
586.2834592014193
587.7822550287315
589.3126418829589
599.4673371029713
605.1613256185846
626.9267209678778
624.1445167764576
633.750722827946
616.3822547157114
624.4572207676474
640.0019900073534
639.8497331599627
633.6491943050443
624.1441893337753
607.700227029342
605.0357075703878
598.7074409553687
598.3672588815137
588.4770922844039
585.5719765699417
576.2830335111983
573.2898669275216
570.7605560066052
548.0344802369302
540.700927722865
528.3205162500776
527.8624667848022
523.8120813114274
524.7126478392486
514.1580134082727
526.4915695768226
526.097496458714
532.9055416854815
541.6990335667061
541.9070744424313
547.3653596823266
548.5736581079677
564.8474209539879
571.4185116854569
554.3809483790691
573.1625357313782
573.2277351912462
573.3383247163822
573.1528476436599
573.2225156719588
582.2191970540663
583.4896440745649
581.565488924245
579.752746921878
563.033498720466
576.689976313436
561.2186777795104
581.475440923169
561.2150834351778
543.1540135844172
547.4068799369601
569.3326562070984
570.6427512854581
574.2521700573149
557.7181289536943
570.7769489302099
568.7796637555705
571.2372606703835
560.18282213059
571.2015846634284
563.2050784639478
579.5343340196446
568.5993201736346
579.8072423287632
580.650756047599
579.316849815167
577.3726598332171
570.2555363627885
573.9857843652841
574.865531892786
568.6356040941184
562.5262146056775
560.045224869597
560.6446165276127
562.2779052435175
552.8250347744599
559.8319893634392
553.5063057085795
549.49346000125
550.2541695511131
546.9816155641736
552.792107497511
552.6430671013227
553.909677984088
554.1558987832326
553.8542110605257
564.3051470664327
548.9608817802994
528.1330632514841
512.6002124589221
524.2178716022413
524.4776886136342
511.09949050240897
513.4252638575329
516.9389769744273
522.7050049663691
537.7928994676805
539.2362347004232
538.5172701761279
551.6793746054414
563.8677057762154
547.2220511710091
536.9397959642201
533.2365341113899
525.7631094795131
528.3209128159214
527.9054059797154
546.883042869634
558.0046406006891
557.439178492601
557.2822279522037
538.9783342739343
556.4043036743183
575.9335653343516
576.0614091406683
563.3266211611523
565.6534637269875
569.9433049222035
576.3838425520659
588.4002749060297
585.789324055287
564.8454560923477
553.4057330280679
542.262621367037
540.0663689399647
540.3366276394186
541.0457701858953
533.475607256247
535.6803003241085
536.633191030094
549.5937673240687
570.508223995433
577.4095870158134
582.3230707935033
599.1025576220543
599.1848446293764
588.8196416696704
567.861753077085
566.4752639924994
556.5172004760765
543.175993343938
556.3469443668971
535.383242773348
515.5749876461882
526.4438737529243
520.567117836955
508.830361169711
494.45838397768284
475.0147749853965
488.6972613285073
489.36737518918255
475.4098877107393
475.4666918063046
459.25017011558845
461.90829151315165
477.6060079202785
495.67848737883213
497.9693735120621
498.92483043378104
503.7648973373544
519.4208034906652
520.4535353342363
520.5319999664183
531.0154470623702
534.7545222692846
539.3686698870117
541.4312888750142
555.9608893736959
537.7538672667292
540.9860381783905
549.5363376529153
557.9412157891336
558.0901112816173
543.1038973354974
537.2598559931646
537.1525913437455
550.2902639414954
541.4613491506196
534.1252816144646
530.921723925378
524.357028020133
520.4089844891515
535.9312151390492
541.3296660755842
537.594259673604
531.1821476299855
531.2901449199054
531.5565389193861
525.192623986394
526.9795416728001
519.3335772244425
516.8089037908452
511.3913498805015
527.0003098945356
530.456183066538
538.3635704639295
540.2402266449246
544.909570379782
552.7012850294101
532.172905593496
528.2862016191114
524.035822807517
525.7133392376614
523.4479945533895
538.5563894713756
531.7116668053382
541.2073560582807
554.965471903862
556.6993955928656
555.7806219474356
546.2063519793776
528.3760764109786
524.901128608275
539.1106897353201
539.0233114346241
539.5727955885811
552.9795551543915
574.3477736406097
554.2049873357272
541.0908335425837
536.0574248347308
548.0269973618647
551.7416074995288
570.3164022299427
569.4840561348012
566.9525203441352
566.8048652123291
562.6891153553138
554.617826775495
566.841915641602
566.2689969346536
563.7050256331883
580.3805798722466
568.7735801410797
567.1566257524306
566.269598397003
557.1329461730843
542.8280539121765
521.4712768409563
520.7736201635945
514.6936470409852
511.19370744376903
501.14982555708605
503.2028509664589
512.0186855562529
492.4365719689677
493.71313950455357
493.7626308858019
506.3395556593566
523.2353168405389
526.3103443364546
530.657293599536
544.6951641230479
553.9369813837784
569.0269738231218
559.6878508674387
541.106315857204
541.0184793999045
556.7335152238613
551.3141000214022
552.2482081375808
533.1233972439558
522.2811636646968
540.2191310835273
560.1483036599316
552.5587321128179
540.7922423497636
538.324984019087
535.5783010082175
519.8974362054947
512.431540769395
500.8617277454679
500.8113506532269
502.68636012505164
493.4198272328743
487.19160232606936
503.0090558410823
485.8447528246749
489.24425505899126
489.74319063809
490.92612801291665
509.2010028342744
510.70274943916263
513.5530663968835
516.8489963209084
527.3199857433674
525.0741540312613
543.7448686714949
527.3476401383997
534.1616666336274
552.8655353060989
573.7783508894518
583.3171348000134
568.8942089161811
557.2354941445697
556.6818652352197
535.8612518749089
531.622063309856
531.7820961928043
521.5192051563102
521.648451996192
519.0835216507069
512.6113752929392
507.882185932251
504.33381174528967
498.1943026815503
510.79640195985985
514.1232701405345
527.7685282646371
530.2457393175079
538.3593192769478
555.740218623077
544.8305250750041
534.7865494396677
532.023424250778
527.4488376633709
520.9568866435402
540.0674126560228
537.8483731814694
546.6500121143949
528.070977757586
528.9601278756452
529.0465072010866
533.0693358804556
533.2136385119022
538.2412477188333
538.1239568628251
538.9798221401788
538.3749593747465
533.3684238760761
545.7298232485791
533.8091076571912
526.1096061835048
508.29401434228504
524.0307006813924
523.9493992242533
532.7560376101937
542.0351635633642
547.0079762268363
554.1601118402227
547.6591580812985
527.8616218087515
507.33157129828106
508.4492532067356
527.9899316564257
529.0970873825804
516.1877050488331
510.9887230425471
518.3144239603577
515.7045952942982
512.6787305737587
497.9565688108305
503.2515861538924
517.081540149905
518.2850414667089
534.2855085179766
542.8009508250318
547.9777223821646
535.5822806404974
515.1020398531986
515.0426610162517
517.6123753949395
515.9861254172228
511.5365853723788
529.4496321232853
509.17798654687414
497.94089986211435
500.664826349071
501.9501236398262
498.26122918906793
499.49240565053816
499.8720680548498
512.2876902072871
512.6853443336762
512.9295328377099
518.0696237345542
506.1297354842935
506.35016515173453
514.5982286677092
516.3078236631299
519.4811771051124
522.0321477785601
540.7723407260198
541.246914703514
540.1079021262758
536.7324224785975
539.5465174917338
546.6390881281226
547.0188938610861
567.0478825182452
574.2889032908854
566.7894869532419
575.8511277998653
573.6230905158923
557.1698379062859
565.6059601654893
556.0511223862366
558.3641950101164
576.2400584956947
560.511705104312
558.7406875924403
545.7848932729855
526.4137038385834
506.1592399119669
505.8468304013792
505.9776470702435
506.87038202077116
507.63786128354167
512.6200376116496
512.8805773989105
528.8631426160493
528.0493672727698
527.2473381332987
536.3301325451871
533.0080330023792
540.3330257362327
519.1994782422219
519.2669522686617
531.1981287078693
524.9773129006031
533.6658557806095
524.9469698934212
538.5704063609528
538.3635502408455
523.5147618981522
526.2850893587839
518.1798688380516
503.91419585427093
501.89792349584764
497.5887360182185
511.7308305300818
514.5819960303805
530.3352794897273
550.5857531811491
550.4340157723291
547.6694268943901
548.3574459896763
564.2793733305292
560.2904796050951
571.2921128486879
568.189605512787
560.5611157941199
554.8653677309175
544.6454891781726
542.4694844902807
530.6513710408154
529.9352966317338
529.1352851278709
531.8159074469079
525.084945063393
529.1900672017251
523.3477696566242
524.5074649213667
532.7388885733048
526.9713190331182
541.5333058755633
543.9503112607217
529.7090490589752
517.0919039387095
506.43337268105563
525.0345442514224
527.3891335875654
536.7958334670504
515.4567170710773
522.2404119524682
526.6755268020183
533.2433622721752
548.8494697989807
552.2983406439541
543.798218308156
559.9084751777266
558.7722104718757
565.1092911398392
561.352394636312
553.9579393817229
554.2221594127026
561.2375456792557
549.8622567162867
550.7451229944035
548.0991619640158
530.5094685809439
527.9536050834201
545.831692691695
555.9600937199168
553.4975933104433
561.0120258317747
576.8225846385445
572.3215603715307
566.6975841596745
587.6794060789371
573.3604758908928
568.5090478712216
560.1445931444212
552.6306788457771
551.6358178722428
549.9287172785856
529.0589715200972
510.4409858808525
513.3542316965667
523.9417711658905
543.0347559225384
546.7951461694997
549.55585558471
550.3967647408232
541.2642775099085
544.4734429365669
558.9011249807849
550.0645799512153
540.6898512810811
553.9254132940675
532.8905021771383
542.8312427643597
532.621748792872
548.1883850390964
555.8842890125535
546.2056148164448
555.7460361215947
567.7630864296912
557.1408061665057
554.9232732096638
545.8773884345304
546.2121124449893
537.5744292320784
552.5110208538349
568.2518482801265
568.1104057230381
557.5215883643859
540.4604529858785
536.7058467507811
524.3319466127646
510.59745747109974
521.2734753762625
520.0820370414652
519.1810441617883
505.2554744384099
490.81847762192984
491.9616165448285
492.13808726769855
497.09933657267084
498.35260544383215
504.68536013188645
520.6830342324539
528.1986934786186
534.0445781972818
521.7879736327219
516.2805363076443
529.2159540408762
548.4170476419915
540.5662052662693
548.2774937650943
548.8726358658743
555.7660825014472
568.9041435247653
572.6656876244774
566.7324506005891
589.115198342847
586.7545290530034
570.9892527966216
570.8192096132708
562.8829272797028
543.1750787493372
537.8993776505138
537.8218761924041
537.6761381192489
528.3489910555373
527.3972401403767
507.8298281977842
510.2521920701656
508.8920332894802
507.5988602295719
515.6155561469366
536.1699518409785
541.3903734760798
557.7737225103303
568.2705058008795
562.4362007070958
557.9551248694164
553.2517212446879
535.818359921592
523.0595311896406
542.6052516982002
562.709927633544
563.712326298472
565.9167309618839
587.8850239975842
582.147079348389
580.5402103922929
580.4465236366037
573.9964942936361
568.7472103803675
568.1335958749329
564.6693970572443
545.2801862346984
541.1789596803925
545.0279243723612
544.9299723153432
562.6439971570892
562.4319787146626
554.8837421347824
549.3398835170649
544.8675110604902
542.4352250558018
553.0213995678288
540.5699957203957
562.2244316999104
571.8304558492699
568.2479595620954
581.1100480680846
589.1085051693701
566.3635839993646
570.5979625493421
580.1210752136668
592.0617940989598
609.8618864617983
603.9472194210449
597.6359664093749
573.8372315354127
551.9293751852642
535.1188454172716
531.6062525488582
530.4796867484262
528.4193895746339
528.8725384838611
528.0054381325973
528.3502131019751
517.9155097063556
500.29025375633296
506.5431146749434
493.1039512821701
477.3094055142329
460.933341890258
450.59009100273187
464.711711669347
480.42491575982876
483.1147476039171
500.8285963325747
501.3106552138166
501.39365403423295
506.2457219589537
514.2487437729017
526.8199099409485
526.7390930638888
508.0558533356493
523.3126493721693
525.70380191414
527.4555556484277
540.8950200219658
546.4445817650344
529.8487687206924
537.1756169865924
520.9630628337436
524.3000294797553
505.9229040116576
507.24904016257597
508.20429169618734
526.1605759742109
526.9897127897034
506.9978122524511
509.21281853127084
498.0656833963308
499.77322072744715
511.2479280752528
500.75947822030156
510.33179538995984
517.4473444379729
528.6736876914297
528.0375662132166
525.4397560182928
515.4324167983368
494.9481356062767
483.5941475698932
480.88316669789606
480.01444929472626
498.16946768718947
488.25969140318597
487.16542258012026
493.6492914580546
482.2514006689547
486.40883303099264
473.0336033905451
490.1098306349813
486.47905325171075
492.21489985363206
501.5056327152369
504.7489738963787
488.2265108432271
495.5891600011649
493.24183777153047
495.53059287955006
500.4950011049255
500.03439847021014
482.50089906025227
466.3123601082966
483.7189197855667
491.464179081717
491.6447461445444
499.1274156593747
497.87427201348385
513.5411178243245
499.6272482533077
501.1231007150904
517.4195198998236
513.4436704291289
524.8256751624117
534.4796865182834
543.5618991154403
551.7319158302563
549.3683799390667
546.0253907998539
559.4361294652783
564.8418271011507
543.7015330842767
537.0501931271056
556.86796797303
556.9303320248672
563.59273209962
541.8917093883146
556.0295848122914
560.081984917621
541.8567284654683
540.1171719628147
519.6975666998086
539.1634361249902
543.9169759644079
526.3476678847165
518.3357441661238
528.1067789366928
530.6765817407428
514.4419392031398
528.2454752630553
517.0933979036968
521.6166967683666
532.99859468342
534.447590515568
513.8964340186824
526.3914278131303
545.5480655279579
541.1821662039029
536.7085693650455
536.7931732685846
536.8491595916058
552.9592815822358
554.6890013071369
553.7275393504449
570.3166070087243
566.2911823929435
565.9706548166326
579.6812571391175
556.7542481666594
550.9853615241769
551.1275827430699
561.4294506253284
569.678656917992
592.2568518843643
593.5116033745077
612.4048936442592
600.3047743107412
589.9564826466541
567.501419180835
585.288207311364
574.2798817890834
559.7012856778749
569.7853387873041
553.7370312783341
563.292534208667
546.4659018930735
526.9569507084519
509.33948238522856
506.146263353765
509.28797217814747
526.64437068213
508.5816690084627
513.0886190410861
527.2755674443412
527.1925623159611
548.211224195924
555.6694726712776
573.5376591633685
564.5656083653074
565.866398761508
568.0873717640683
549.394869243515
540.0257252718206
537.1593335845316
529.6148765075126
535.9425813333926
528.835723731605
517.2316069209686
519.2348609105502
518.9538549367329
514.8425759343484
519.7794122644189
533.2060309834629
553.0531283097174
550.7616335670249
550.2371817722816
556.0409846114086
548.5166224369466
545.2068303536436
534.1786977125535
522.1861838743253
513.3726617158477
510.64328943858266
520.4583646484441
499.9091855903853
480.7507328975487
474.24005894852934
464.1833890640117
464.32611262168064
464.73760622824864
481.55327821645017
484.0711738635952
503.37105305649953
504.3304622224368
510.5351780683875
494.47648701172614
495.389299071627
496.60312104716235
501.70036567466855
507.5467858375194
521.7486026763786
503.9929752537891
517.245429800038
501.79048074697545
507.05379712345535
491.91246489107476
501.23330874570064
501.3307506805333
487.0158651329399
495.3117337106608
495.59729530703686
505.1137940256199
514.4327798939424
520.7576517918329
539.6576976204896
539.5787275343412
540.4201242830267
544.6566188672365
551.5399432815946
544.0408625694222
538.0854626635588
518.548882317287
519.0934282890875
523.2980259828252
514.2079326631723
503.83442281246573
503.05895459657853
515.424702182685
502.73107079727816
510.46385393011286
526.8243578816434
526.023432956424
528.3886375387848
529.3286668640125
536.3679020857978
549.4276469974386
542.6266195918037
542.0033881082663
539.7716123101557
521.6261025604852
512.9910508734418
511.4324077570372
493.52473913634094
476.48399234115277
463.7481847316155
461.5775413139388
453.0477639187793
449.509813811532
450.66984280890955
464.0270258664838
471.18079918910155
471.95636169910273
481.73474482450166
482.08949682854734
487.0956649199539
488.75472865774543
490.8688159780469
491.1063193921383
493.8438741146073
495.933240064027
508.6727628536294
498.21862929058415
504.6533504028661
517.2850630942095
520.8652234620301
515.4341130737708
520.5338513452855
517.9114745457857
518.0745306160882
529.4983474706066
533.284145257174
535.5649651219991
524.6759829861786
541.0215002921412
545.5915726496339
545.6474502760025
545.1168702817332
541.2056766556288
559.2262733726474
542.7160672396323
532.0931094312966
531.0509300111922
530.9966475088007
533.8184879762481
526.9334645339516
519.2557894967869
509.38270701201213
491.06126770544745
508.54125099859704
492.8100952135329
476.3221534837785
477.29185081496007
478.41856267317536
489.3358639452688
500.4069861136341
490.9635223240618
502.9327916978923
512.5450473533924
501.2507041352008
500.72464764661873
518.3674360332035
522.2420314030542
519.3542233390049
538.9482111574346
518.0920585700768
516.4198769977336
522.5989221828422
502.5984827621108
511.0139671435496
507.9345097040842
522.9740751574864
527.5335654320568
522.1053394572845
520.6277086578906
511.57766274883863
529.8405042969771
537.6601555633679
543.364308970546
532.3682636266126
539.9288327053101
548.1272761642383
544.0834596484481
559.6030835704439
550.2931940527441
529.3269176878987
518.0653762447765
497.37703437317936
496.0145351109725
484.3333591309647
497.6895738672657
507.62003511873036
521.7233436378566
524.1235612471288
532.2545891859558
535.4208261093066
539.4275903864907
539.151300164298
535.0502948674753
547.0604850869494
544.8282440327508
555.3807129928883
552.3483725720904
553.5587650546449
567.7878997410378
587.705233937274
569.0636721979396
578.4216922005022
576.5485139010967
564.9254995211371
563.5316313445284
558.4642607440488
551.2340535662966
529.295008282606
522.5924408404007
522.3045955727447
536.404361779868
532.1246851429357
541.0457995722836
539.9011307155756
540.8310444315488
553.9276819938847
552.6371545745726
554.080977890873
549.359288318665
532.054562487208
531.7544935394064
530.7400128353863
538.5972881352443
527.1978503687466
523.9651268967598
513.5684453896772
506.43978526111835
507.9324776522552
507.7809792635416
