0 0 0.0 1.5499999999999998 102761.83148919961 2.5044819858461365
609.8229522794358 610.3940255766589
613.2433472976072
625.4034316195167
613.7618745659129
636.8066822532932
614.0061235002316
619.0334008070585
615.8193127638021
592.0983299417574
585.1187266425065
585.4706284974485
574.1464204417877
573.884724324161
572.5554765840006
577.7657920140543
572.793229666189
574.7551902825276
561.6834236241849
566.1737214440875
567.2108264802513
566.0826419661983
573.4966439108908
579.4271260590413
588.604345151226
587.9259891295346
583.9734923642865
584.5743087596429
581.9405737833995
585.9640403904693
582.4225065193705
601.2170099753296
612.5560953351114
631.2046737367626
630.8791122480147
621.6988286048528
602.9362317061568
590.5664517678167
598.4988747132533
613.2051047490114
612.5328379380459
620.0033132270365
600.7255630085551
599.7156751986099
595.1147788111342
581.5758578466418
579.6585381928389
601.1216051525854
597.2517517235432
593.3848008026451
581.5569717682936
567.6869478921101
564.5772907768994
563.8439572616193
563.9016303092651
564.3213548483612
563.002407348253
581.8439049776156
577.1722332593458
558.9889823172927
579.2755706574782
575.9497937669141
593.2879605384894
610.3078781368747
630.2241957581936
628.7463944207863
622.6863579589017
614.7597487830521
608.2795471875253
595.5148651078234
573.9972105633766
581.1174034582928
558.5264782190402
552.826430909975
552.220422151535
559.2647300759143
575.8435346940892
576.1085632373798
579.2159026064585
584.7747046889584
589.0775599611677
595.4976434320557
602.9378701449543
583.9250424195054
593.281171902834
580.5198396485442
569.9135864800214
574.9270779560077
576.3885968386581
565.3594902029273
567.8058455116953
573.4945874556252
579.8662263146233
559.9371632414691
560.5386424135012
575.4357113919958
585.1832560871626
569.7637195920479
562.8443638775402
570.0127137669588
585.6178196447366
590.197225762483
584.6674033815877
574.7248057341388
578.7466464763489
588.3355999336472
584.3422899449205
604.0236794541877
609.8136918238931
608.1586026501458
629.8678744543128
609.5814780446036
612.921386332007
628.0785019977629
608.6633927269744
621.2364226365443
632.7744465833873
640.2847664394769
660.9434995884806
661.1368435929833
661.2479201720414
666.3521362123041
674.8185369835315
675.5944282732071
665.6584664629041
660.2288138365932
675.4355498303572
672.8018670941176
671.6160993461158
660.3145374305165
660.0346594896175
637.5002697562395
630.6584843764766
627.1273944061442
614.1329247487313
636.0018666454514
619.1234479911955
617.2378519019371
611.5882154571894
605.3229308734011
601.7477641080197
587.6825634099071
568.750794434995
585.0982986129579
566.235339703835
568.9462851673035
570.6273176247279
591.109642484359
569.2049849213155
576.3709421087642
590.9871678375916
600.4995746112488
623.0348454913672
616.9782269570023
599.2888675350737
579.8050352991811
561.4412700478852
564.0077188223197
558.0255954164958
539.8999052414181
541.1466633839888
546.9535670506235
555.1367946617904
555.6015483039677
575.0356452278371
583.4048575590723
583.5811397372561
563.3191853095393
555.9317123033435
542.003835063005
542.0979171321587
560.1978242049713
561.135944027725
563.071688165046
579.4220124854005
564.2073002137104
572.1629816582335
591.0925288670512
590.8033183240417
600.4753899336229
586.1384382162171
604.7257761713577
608.1569036582126
630.8809621585833
613.803313626732
634.5718958617281
648.4164475243236
624.6621297225631
614.5517903351772
593.0377576343908
609.3292250563351
589.6477460603671
601.4538194036224
596.3162958081679
582.0794782197438
583.6489450031256
594.9609856839791
616.8946429333936
638.5181005841338
639.6052522140886
633.2797633097174
636.2951427542048
655.3714910637955
638.564348264941
651.139070671374
637.1999977787083
613.7027592059225
611.2541478233438
588.0552373505371
587.4806434645535
594.5774154904657
596.68885322784
580.3915676093028
562.9171679143466
562.0822977786943
570.0745091996434
577.3314109412756
576.3875341600174
576.2633819808538
576.1709620330278
574.6493226092789
572.7787407981101
581.481476599746
573.9620094849788
572.008989860137
572.1593249343463
554.1225980123716
570.1468367878068
572.1475549876186
594.6349654344249
599.3868649688518
609.4149173619417
600.2911889622291
623.5989583360627
644.5345938434648
623.0391818159845
598.7393447586917
609.7854949848235
620.8907753956975
618.9269136269851
622.8339152248237
622.3301223244981
643.2884407510874
617.9362849099599
626.3045692465081
620.1147610701578
617.3280323819954
626.7488761211188
618.6124238965973
609.5563759606886
597.7641880988836
583.0638263781922
589.9142045710643
589.8062783720397
603.04032383075
590.2311142617635
590.3302410435314
600.8153258004335
611.5461168495805
588.0628747229329
568.6146632024227
563.4526514614535
565.6856320492358
583.9144881649619
584.7026157055019
597.2319232444296
598.1842893258065
614.5560672714095
616.382582194195
613.6766986249545
626.6608904880051
646.3351775427118
668.7947968550625
651.7163533868272
654.1906822540869
638.265558902481
620.0994722739065
624.0152940896952
609.8790184072366
612.4333539124947
631.0193517747862
640.4434551053818
623.3607281894588
639.7695674573604
628.2315657236968
625.1505167266628
630.3459914435547
605.3425268832654
587.9671780635219
609.4227548609815
607.2100884918332
621.817024108327
626.3957332745637
619.8368222555374
613.4226908490112
613.1432232499797
613.0384408304217
610.9036739599923
608.79275475381
621.1488702912673
618.4061476035347
615.204647277517
614.5608039502458
637.3118219055877
623.5806504300922
623.4205489995187
618.4829969072905
614.9692019643226
590.7865980221806
581.0302712086747
574.8635424865363
567.8891221683476
587.0363211167064
565.2906272410493
558.031515443414
558.2638855462418
561.5476468881936
571.3553495754825
569.7819499581774
578.7193159533977
569.3710684821119
572.057516135233
583.5688236441126
581.5417537267367
592.5579434704246
592.1822823360654
604.6165169939358
609.6422106375675
588.7344034933496
606.6964904917027
612.5937788971073
634.4659888914141
631.0347592047799
647.480066335043
645.3543233965954
641.4055295086106
643.6636347066609
643.566147598981
663.702017128083
668.741615434985
650.4360304986061
657.308209806842
656.2345842030912
638.735069140793
638.279932016442
635.0164290732941
634.5725229689598
620.5334949333933
618.728007024207
609.6505828425011
617.9731202577415
620.8814041024877
624.2651694064356
644.1289883612611
623.9127513046004
630.2699046257499
622.2065612878291
634.1778559441123
629.5576740772643
642.235506203141
630.458778574453
616.247320820155
634.8427611840841
619.6521943688601
625.7543931521348
613.9899824366933
614.7991225355877
614.8714413757916
620.4390312850426
628.9337038428259
627.9364365303704
624.6894198869472
626.6475966007617
605.5615628299242
602.9950588303051
604.2108891867048
604.3684977243591
612.5367936133144
615.3141765038721
615.5676711721558
617.8915814862719
611.0517383370878
613.3625963802189
613.4514673782758
619.6016300480777
609.4408735060708
609.3330925821725
612.0846589039573
594.9152220209088
588.534891518169
609.7218414916588
621.9028922402564
625.6142320604503
625.4858784332728
612.2309842540691
600.4084915249474
614.2709761200351
612.6513858438811
593.0256197151363
578.1713896135363
592.7871430810111
587.7276095639961
573.6700280172124
581.4814318671002
572.5017704947192
581.1896414635937
600.6492375520314
601.88098827542
581.0842846902536
601.9620551886029
611.6422540032775
618.7056674656608
623.5163586867689
642.7240155856921
648.3179684202046
643.5629322647052
637.2454362907656
635.9213607685869
636.0054043848307
640.8846720215271
647.2953367908507
625.7842803676458
634.2140576709872
609.5500593130653
629.5717685369024
641.9172238245064
660.1150784913125
651.3963323916641
634.1737584629901
629.3383185067645
611.9188825996556
629.4132607744873
633.0965171637409
636.0655341328265
634.5297270418956
659.8430126868413
655.51749482571
655.8249453488057
655.2715017462352
638.4528453392272
638.1848168604819
643.5701338397567
637.538026546679
636.7019327580084
635.5321816085313
625.369379016154
621.3490471723252
642.5255328652166
663.7202912183124
656.8466328206191
641.1312706259804
637.9961094882798
637.4264353146093
627.3397972659201
611.9052458994013
611.3911201850824
612.8915397063504
612.2641599082759
605.5266777702269
615.1510818183198
607.7787376389475
629.2794932399255
621.1601913865834
618.2333128566664
616.2316443838392
615.3645293319499
595.6556951826875
594.3583163221537
592.035782947992
570.1018703990917
583.2272372781465
575.0126701318708
588.2237981368013
582.7164723179698
579.6687219706811
568.8987502667039
555.7399212167923
557.8382743611874
570.4520627012486
576.0720342704924
596.6608727599009
602.6553842761676
616.0094403381383
611.7485953401928
593.6693703253719
579.4523357509534
579.1036836149208
591.359110080923
594.826118398805
594.3141660372827
595.3501002474391
586.9132154601525
589.9793936846615
595.6909781503015
596.0912998112192
610.8920189807022
592.2057213682825
593.5187411665754
603.7267606560857
622.9206443654194
623.3491925792829
623.8938295949018
602.8534815257318
611.1261549570826
607.5252320215393
607.3673445401578
623.1648720660294
637.2425929029018
625.4415701330711
612.9585266086871
613.1628327624816
621.2449344894762
621.5780099661646
622.5675968438401
631.6202448941035
610.292581761792
614.6710775127001
635.478390571341
640.3453302896392
643.7118065220956
665.2167704562419
654.8181365614738
638.2103432686652
638.3445251364982
621.9018639521059
621.8082818598959
622.0413789063884
614.5504745234043
629.9256462965274
640.3753345248426
665.420897657833
639.1305436705787
621.3171182690988
625.1766388371589
626.867498854863
636.442937840378
648.8785424614819
655.0977748274465
642.7519090999534
632.2869479783551
631.8140493735566
640.3622913546034
639.3966580563965
662.1745119634704
665.2570484503607
671.2927072689856
686.8534621857601
691.1025512359787
714.7200349642453
735.6327879386339
750.3846329642244
755.0525672473909
745.1676403446314
745.4947722514322
770.6234793078839
770.3413438766167
754.1006339858745
751.4931367661208
759.2859106305029
783.89441690211
757.6884074565518
772.839338220373
791.2253607305921
821.3958282765763
814.9156934834751
786.7787399324753
757.9038168528538
755.629315429676
740.0797240130777
713.8736766119309
699.7171682334799
691.5857230958757
692.0030584154929
668.1995914121644
646.2240299140656
628.2269226798297
614.5533027413786
619.3107744452965
620.2305032342892
621.7077114446708
618.12740084486
624.2063739096385
632.3515709388632
633.3448448874495
649.1642777016131
666.7892247375719
670.4084187205913
684.6144803689294
686.6804596671174
680.4376585384638
690.141841460189
683.6755579703461
658.962408713085
644.2007278507879
656.6840376632409
634.5592393879034
652.91078909641
650.1165110149345
666.006838354729
666.4730640099042
664.8060754321004
659.5862559022928
646.4039294397238
627.8749956749342
609.8152346067304
606.5759650139186
604.2386864160763
603.8426708240102
611.4328263163844
611.5347204373082
635.1510432427068
641.1298802481436
642.7750268339526
645.2701320437317
641.003813426095
654.829712233601
636.464808002827
614.4413781272559
605.8230455735618
623.89788896245
642.0461763999131
643.1117132618205
621.3492206973489
597.7059053468765
613.1464946720143
608.0238228258349
615.4851992363648
628.6116298104994
630.0879404528071
630.6892485427219
649.7969149766271
672.9409178189102
672.1039085186385
679.3135495765869
681.486045544087
694.1210760001977
695.7786495844086
696.6596763135784
700.7456766417698
700.1757066812779
697.0172404906086
703.6070197557577
713.3284435804256
726.242138085342
736.7643510263614
713.7072354186535
720.1554896968204
718.5903906812523
729.3405311163535
717.8335508594081
695.7468902530638
702.178823974689
706.5253524804727
717.0702013171798
716.641453763908
729.3169308859256
703.5390495483736
683.175622349306
667.0135582243942
681.1851537581015
673.0743232080439
676.0064613317369
692.6884401656262
692.768864472882
674.6628655242204
681.1634149483239
691.0134509188158
698.4706631502282
693.356926651299
693.0693086593869
678.295937760393
671.5254471934936
683.5957861813315
664.1231687460937
664.0032063037056
665.6000080376543
676.3541409212069
695.5467049584533
675.3264384474875
677.4614912172475
650.80324790543
650.9733833448375
655.8605051513738
658.20188003546
663.0978905144868
660.7447790547594
665.1261753853121
680.1466947309435
689.632717984895
690.688977282029
715.2675847622008
707.2853165981068
722.8156574069795
701.3457969073435
680.9455339005247
678.8143266630864
667.875704807627
667.4261606659163
667.9437722155742
656.9178195912118
646.9627118163125
666.7932452493089
666.8888860036835
682.6978915823111
688.7292795123411
674.7062096196448
659.6985214636752
645.5680796071439
658.7236122773238
663.9566589477714
662.6858918190472
663.622986414735
654.139051694644
672.4437672309997
672.1804509132409
661.8569223785144
658.4179167922233
662.6072149477193
658.070509923186
649.3740411700537
629.5577900008539
644.2449563360792
642.1990728888651
667.2255081929296
648.0188174974408
666.3375420180658
690.3960096141343
681.8146876223101
662.2257483254373
644.5859826237222
640.10598843057
619.0853476860941
642.4533579869695
629.8510240203964
642.5351543553423
663.9702168803111
663.8815039286698
671.1964825137313
688.9657236351846
687.9266011729918
670.8210181294503
694.102343465013
694.1720390876606
708.5056621258668
704.0625253556397
718.1180244994465
709.1254625463893
702.3000282096825
711.1275066637063
712.9144741476644
691.4805879170852
693.0506474597548
682.8192033555154
709.5660597100647
711.2991067785524
738.006127576076
720.248517950515
717.2622712194094
721.2823914897482
720.1400566370628
693.297077115401
669.7683455883941
666.5116052476221
684.668232728895
670.0163703394215
669.3732627198762
681.3798232704374
678.83174116402
671.7297389489189
667.6323806647265
657.6478812664315
651.6524294681435
633.9337143404312
636.9048620876528
632.8820999819221
614.5269827885754
623.0906472718644
633.8691196841324
631.5214925014266
635.9233293091742
657.6842921474703
658.1777012537932
657.1892213906544
657.4335498985465
666.2092753087899
644.3129259359567
644.7749219141788
655.6325023560398
659.7908482424691
677.5824214277179
678.297485667849
675.5509253837719
696.675717472552
701.0804678027536
701.1791265002009
677.27048779764
699.6134302465671
722.0913636368309
710.4259451357258
735.4443371714185
738.1342584273567
723.7444308406608
711.0143713307122
700.8427856579277
716.1944777995742
722.0805284961376
709.6898707833133
708.1342243796336
690.1505489939998
662.5732528101706
681.477966778875
681.7118776985815
679.9800766722111
668.1361339517756
681.0169923261755
668.3550674766453
672.0924476112274
689.2701490121506
695.6493844449643
688.9284031837243
683.8986393850603
662.8666424027748
650.8778982571152
624.8982139448613
634.6464741210997
637.86903922468
635.2583996668459
614.5574427437048
614.0691275801612
638.2094962461769
634.4952317783552
644.3594382391032
648.5120982362208
653.4171004422994
678.7734419954772
681.9291402836818
684.551247793017
685.8857255567324
703.6993031150485
701.4192476660887
705.4747245301324
698.0084901315345
684.098739871247
693.6418099750698
671.2093102981682
671.3341135801273
674.8494970074033
664.2318017658296
668.1748249027132
668.8234011798905
679.9791824256357
697.5493030308074
685.4190934193093
685.7495412383256
709.6401139458656
705.6552763578795
705.4080408114742
700.3387338692997
685.7791624159531
665.1568477161043
675.0557450564576
683.1881720578087
656.4372408561873
678.1152981721333
656.7917437598734
659.1379304952011
670.2960790930571
676.2041127523672
666.5795191867785
653.6457472014293
654.5610660950355
659.0731499083647
669.1965052676604
653.1926776895465
648.5877538601933
674.105802209528
666.6137352868825
659.6606544221495
634.8653116149248
627.0225747146076
632.9055849578208
644.3213979399547
647.4523902026383
648.3086855908662
664.0833104905875
658.9659338142984
659.72473712337
659.8882402738684
670.0775047346964
686.6396307903723
691.3098578840792
691.4231015100869
708.2757943136988
684.7736507591854
685.0007619367773
670.5806627093673
685.0527443042314
704.331756404491
710.7619954306284
704.8139894186078
712.6801390325179
710.1854406659996
728.5848952127039
745.6116021568379
742.2806388794789
761.2503365249366
733.1537109753679
727.8177804103753
730.2930272492218
710.156606212934
728.9470332421579
751.443853762219
744.2620621757212
742.6865080429083
726.9319885039306
726.4324408361466
734.7402475507733
727.8303700594338
725.8589317666563
704.4326416563432
683.9477104171931
699.4415708403064
699.354369004697
698.8200444163292
697.9387824361859
700.7527158890376
680.3089296424012
661.8251534513414
684.4180271127912
675.3586164604076
674.9518913712606
657.3983038208423
645.5790289906973
648.7669283005052
650.3956614937888
668.8184531024798
693.8649828861763
702.5341175934407
684.8615340832891
678.117532388827
678.0121622739883
694.2681019657995
688.392103841519
699.0545409011431
724.3602798851239
724.4529108084026
733.1076682953607
738.5674147461566
732.400275217816
717.853845860752
723.7817984825383
716.858310983271
740.6422775150223
736.9852063208837
731.3724063186575
720.9088662710229
703.0558636486994
689.2072603090239
669.303962890003
674.2207288087167
671.9733072909092
670.3175574412912
673.704349839922
652.0719219218495
648.8689217965403
630.2180631053209
634.398482448018
653.8638563642953
650.685432200096
637.0419668191502
655.8052001219755
671.3441202729956
671.5148529955344
675.9987988972784
675.1562239204521
687.1424408277892
688.8827198042061
661.9273868559253
678.8550357127982
682.5826795126752
681.1458293010055
668.1308124677395
669.8592144043818
674.7299558726769
652.1974680278754
652.8231903691991
651.1536935448833
670.8467175952807
665.6742294030831
673.1315491668561
690.5423377644106
692.2937580225275
693.9354259216996
671.4603159908706
678.0388068054993
681.3892170512509
701.9478496436385
714.9127490852654
736.892925495689
711.2629317372586
707.521350455071
686.1100966857741
683.6004646140624
683.0795924993355
681.732261042517
669.9810593909364
672.7687165367421
662.7662434693108
637.8577185408043
616.4152548796778
605.5131164040787
611.8091984947866
618.017592056836
618.2219089907941
635.450444317288
645.0820616865612
649.7983542421259
663.8491632947661
672.2447814678612
688.9960330122221
692.2819320598012
693.4212782836031
695.5537334828017
693.0509846989277
696.4494325277752
694.3140202421541
693.3576335720442
682.9091470918149
687.2790192981352
683.7836261249577
702.994203235056
702.9073605239905
725.016540803869
697.0904565275475
671.3524224458237
657.8449230121756
667.3369727320346
692.2715063987572
717.6590589523443
690.405426513056
670.27317452228
692.2026897044875
705.6392968170544
718.2607637309575
693.6523027481197
667.8820384825302
672.6193177525023
672.9333227343831
665.7637506343228
652.8798374597552
666.6609546339583
667.7556576277502
654.8320910646125
664.9447007227582
690.3778334555996
685.1435689532227
685.2806076238925
699.9009445685538
699.523610062134
721.0688362583454
717.7403768647837
699.0419963816869
707.3341654915555
722.0769907219894
721.2286516679205
728.138842562508
718.8411432844531
742.7671816644604
762.205572485541
770.0808864856515
760.8095361228
740.7670220084063
735.8918819888487
735.4615564033821
732.4813204916704
732.121554859182
726.613147792642
705.539055680715
700.3637036558689
687.368269324846
666.32993563756
661.3195385892786
655.4882892417369
656.9793291374281
642.618813540923
642.1516043370651
640.513246729881
641.2154626464397
657.2798570836092
676.5264913983651
688.8951757724689
671.6299858479788
654.8816575547178
680.3374351188738
696.9988821894417
684.527178718102
672.7843390969167
680.1428960324723
682.0846565510476
658.7232600380116
660.7467297587524
642.8672894398599
667.2563889516064
674.9353170591529
679.8818364493414
680.2758448417175
697.3699369146221
698.314023881662
683.8718501865342
697.5435126267939
699.0804259231905
709.615859459868
720.1012916974771
704.0482316421351
718.0671366472325
718.1619374156572
715.6574360457757
715.8944062723677
715.7272489635733
696.565337858967
689.8577801736907
686.6406496121084
705.3935638070368
725.6812195213396
702.842742360064
685.7876692444198
675.0359975007149
650.8866317813366
630.5996229305294
632.9292693304853
634.1983672051017
619.0087030790055
636.9293080334072
643.2120121490011
653.0326895676939
655.1995977331787
670.4103911594268
649.5604466522612
653.1642049678873
674.9970791111022
654.7635504813887
630.2791322765148
640.9421211192604
645.5226854626371
645.1421364395743
646.4391629871022
657.2196195817342
639.4241437693908
639.6554337169845
639.9607941380341
642.0810494288726
651.2537512058908
652.9455219887586
659.4912984708762
659.3763012816916
669.758630726324
671.3636516300652
686.6106912873486
711.6707941517038
717.1731534237921
701.9060384213004
698.0109600609711
698.1285584755557
724.8079092756154
719.6884585884455
716.6312999320015
716.5521476732813
716.2921226631605
699.9224966399732
691.5302473712925
678.5089136493875
688.049635366555
687.163468500698
663.6004755887068
658.4125040386174
645.0743664201666
666.9179073606194
642.4063271654951
636.4509287449102
636.9365833579052
655.4497665981498
668.819333716487
669.6040020270605
686.9833108630745
687.2243564896163
681.312999047961
684.4086444596796
685.1812959408146
700.2756887446036
676.0137231112288
676.4058200642553
701.0103687436037
711.2900183987132
705.1716780522806
702.2695029079947
694.010229108821
671.597371720821
674.1945249952881
691.4504666038849
676.42686314959
651.1219664034406
650.7758853173001
639.4752610818277
645.6496430470883
623.6325741252991
622.1900943386249
646.0338489296967
670.9022200278882
673.6485779194736
660.1277847896962
659.7241916017041
643.6666996212947
658.1764989743141
639.2871432763128
629.6820429985719
639.633179908764
640.2790003142587
643.501883844727
663.1620053848901
664.7018409044749
686.4920457411488
685.271479773276
663.2538118339324
686.1526229831611
709.4994247090215
735.8717294067787
732.9848472505179
735.4243937344743
754.6538181529532
724.8154992080514
717.2572867537262
706.6302437321482
709.5075763953728
729.0148608036618
715.5854311791545
715.05459568608
687.8733950205158
687.8037468228003
684.2922916365404
670.6427759024539
651.2394267798661
666.5388410896832
665.584359144243
663.3992423755527
656.7117641300991
639.1341353476664
645.32583232368
651.2283761919508
674.1258138828443
655.7687466939477
638.0196619467348
619.5855984530205
620.8079899192331
603.8972501072468
621.8117200807424
598.1145707543428
613.0691174469182
634.6239642641926
634.790628970867
638.7548782184285
638.8261936889126
638.9497405974455
653.3364204614159
647.6139683951561
658.4444162578754
659.0975205680054
675.9605080290382
701.4778606073269
706.2883246148316
707.2142877636556
713.7433201475111
727.4584814730714
724.275727243241
735.6047278908057
738.3478942964741
737.0561908543125
740.3247728389774
760.4895326220454
740.3387693568685
717.1002943370797
731.2264662418363
726.9899666498446
709.2555688175829
699.175751167506
694.9127989716603
676.6092787101827
674.7958007621604
689.0073008894673
707.2006247708607
679.1749340447774
678.150896360415
670.6825084972155
666.077984118109
655.767446372905
660.6897059437335
678.4270448786364
689.6465942016199
716.400436234248
709.5490838613547
709.7962714088696
709.7184188202427
704.1172500694893
705.2405265941247
720.8926563008213
739.8275569927803
736.4290987640732
730.0014562874183
749.6368101979228
743.7600841932008
743.5395821928101
737.3475722238232
734.2640120054205
712.2059048348494
692.1231955737517
676.0041063423442
678.3333553629889
658.8710409831131
659.23352729837
676.769163384801
677.188906653985
700.0652917477648
701.9530928627067
692.0378433321301
664.9114380199636
652.1118192000845
631.8709435823398
607.4289962105265
602.7860302332269
607.9390594146585
627.4687059234363
628.0879728346094
637.9670674770442
639.7674073127952
647.8030279345197
629.8518981285654
610.0281329585181
625.1217127386575
648.3731109176056
649.8598348692022
657.7706396318434
658.8146215085098
682.9981233454203
709.6651413353176
710.4927991383122
738.1514533877446
745.7759176173909
728.376698296933
718.8268461297948
721.1492174613351
695.3180063556059
717.9770854579031
717.3346849350856
716.7105979451902
716.5212041296224
709.6453321515463
703.9345889155511
703.8229493646534
693.4164752754499
694.7991188399371
673.1090044871321
683.7352818191792
677.0887472307825
653.8579088978908
653.4010164446848
669.3367606083757
677.0529003313784
658.3058864354648
636.6055421015269
618.4541732119733
641.7597475304375
652.4551982584624
653.6654166639381
638.628829334947
644.5186262298503
668.6965233825974
669.5331793083244
689.3761448917759
694.9646992024168
696.3535936579464
708.461240622759
717.5324181083101
706.0842868764654
686.3194636075151
683.833064069472
671.8692847922472
674.4035891342895
670.7597506986441
664.3692345570016
664.4426364084723
682.6568405876747
687.342711541574
707.1294746700768
716.5380976672184
706.5436894544996
719.8512947148078
704.2026411425468
698.3801177593882
717.3514769650691
718.1231832037321
738.0872250965743
751.3910718249236
752.6760337940174
731.9108657406786
