1 0 0.0 1.5002641396372924 94104.4047430187 1.9261529398461497
552.4064138669252 541.8215448983683
530.0293785958207
550.860697407532
542.6936540858982
548.971038852774
554.687085883392
573.1147914213651
556.9434972386501
560.0479768938894
579.4207240133431
592.9436671325681
597.5825434722215
600.8423586802872
603.7906326354396
598.3976740881087
595.3154983271064
587.1616963651886
589.5240274763568
592.2190522297998
599.2938981044408
597.3875021737026
596.7626367165756
612.8421515525008
606.1652839024432
604.4625746888892
594.3819860019025
570.7565709200388
566.8366876389697
564.2277958327368
585.5342296335608
584.385426772229
582.3125031422319
572.4414268774522
590.5483063042664
589.9157049151689
567.3656650963751
581.1979457742954
580.3527609492537
580.5493264687933
579.604885211394
574.4274300472165
570.4546731390377
562.6629709388029
570.299522034798
551.8632386308446
546.6836936489548
544.4031956260361
549.9382321787126
549.8163608574115
533.1502207556833
536.7329439668232
539.7514415532138
555.8590453869483
545.655031940926
531.9301378817022
533.3110330805707
531.3612758652243
525.6289453304889
543.0466240777986
550.3566015464996
571.2886091871634
577.3876372013207
573.4377882590732
564.2776002457241
565.7333973340974
564.8881010039717
577.468747675491
595.5860346445942
608.0669368203505
607.201808884524
615.4610463383952
613.5752097528386
613.0493425466719
612.958534064296
605.5672313537964
603.7947335104705
585.3513814604614
569.3546195433067
569.4229572713351
588.0214195382194
588.5015744815977
593.8103078156969
604.6809197877404
606.5509734023682
614.3915014703992
605.4122619919247
601.4420870054063
595.2516751199278
597.6864823390573
617.682193277396
623.3340718784789
621.5811531582766
634.4443065240328
624.1508687713547
622.3887668566418
621.049499421472
610.0067768888692
586.7727759503351
581.5093571969289
566.6164871258784
573.9859175898698
585.3383304866893
575.8232164290031
564.1382961210627
546.7653660741607
547.4095407159591
561.5253412075983
552.9192452649819
553.3009112554652
562.0152285865244
545.462435866713
558.744410397314
568.6007684587447
580.1148285387785
580.9383204049523
595.665924930191
595.13268830015
594.2308014374032
606.6465586420969
604.0285827113588
603.8679883493484
604.9018185913935
604.349294151002
584.7570015151808
594.3594323808173
593.2537225669214
605.9736021570556
608.0447312519295
607.7746741082375
592.545614474152
581.9670304025833
587.4815233698814
585.0755698176463
562.9335374064417
563.580255106525
541.3795403928718
556.8426801827054
561.3058578677159
572.1355554389395
575.7489686880773
578.261399263206
578.7040869003149
559.398975180007
571.6396022742033
572.8459867669404
589.7407688706688
611.6979416055541
612.7113678641413
601.0695451187446
588.7629523118313
568.7305183840052
555.2756266530342
553.9536368192057
549.6995436849094
551.8653501293528
552.9068284355359
570.6294165069761
563.6189657612872
552.7419324408299
561.7094923075637
548.6024213377175
548.4837160821768
534.9485603867915
526.5519363286977
538.9904600987987
550.0374335836603
563.2627167595251
542.4457257250355
554.4107621731243
572.8693210693637
558.2211889427368
580.2594944833396
572.0668309435933
584.9244474379149
585.2109563217705
579.6481505118569
585.2445018083095
604.2362259391424
620.1617714517395
626.6721709531965
626.9504281866559
649.0849920866555
647.7865097230697
647.7065297771215
641.466023377607
618.2122168377726
612.9430737412148
630.5696162517963
628.7962244147653
628.6586637785185
624.6855523801408
622.0500535687191
606.1865000883763
582.6959998396027
605.5695053395355
587.3557815075535
583.5070260607196
592.4384471410169
573.9957512896149
578.3692253126931
559.7466100468529
539.8014382359148
541.3817871205613
542.8061557796638
542.9517045163377
539.0905292958969
544.8834106998196
549.9277206171391
535.0427303023441
535.366896817267
556.6630386360019
558.6309751410363
558.9349793752406
544.3351679512954
557.850963715588
557.4565017765141
566.2147431067234
566.3208570415514
585.3690167264584
594.4841757590635
597.4812278605967
596.8168539478731
599.4062197757596
583.9274368399196
601.0626739186577
599.1317466757299
600.5200826872453
599.3718261940484
599.4406723688203
620.0411161187229
622.2417584096378
604.3831062664324
605.209054937168
602.0711613056582
612.7214550239697
603.275942862781
621.2837303056507
614.3742538768689
626.3256718870691
648.1826721779779
626.4897270978296
628.5899928132278
622.20565628068
642.6264753161001
635.5807591972473
635.3384948069499
636.7197839401877
627.4566586499329
626.2823826081483
646.3141029500345
622.6778641175081
617.2226731643195
613.9660611199535
612.5691363149685
633.569265122713
616.9212850977295
607.379042613682
598.4648170794579
599.3015933022648
599.8805222991365
599.2469720969235
604.1645599246864
607.9599958501844
628.1605116956111
633.3173416650936
650.5078798861806
651.3098576269566
651.3772251507909
638.1693887502942
620.7094288148752
645.1841705464183
651.4153984227768
648.4960205868664
647.0235707190549
657.642038600978
653.7790528975453
647.2404415518778
635.2761996844444
634.2301485427715
636.1818847096337
627.2380867491348
615.37103252272
620.7648265630447
609.9624565122895
608.2444160096353
605.7944997868186
619.6051299955934
612.9240287584652
603.4230148228927
599.3839088230869
597.3605506068149
619.8352735570708
616.4437651380083
616.2393785707204
612.6048921924684
611.4890136949274
608.9764608782076
601.7284767027746
596.266920762323
589.091146801075
588.5345539363819
598.2526031151128
592.2935645462825
568.7052312880039
555.9143695976809
555.7966246115882
560.9312170116235
563.0480051598646
556.2416505924717
570.0738074788768
576.4857420937748
560.7607725000262
576.7480424475756
557.1204334920853
558.1112419011604
566.7263384770762
583.7612856535231
603.6029212151318
619.6794867396532
618.3768408528472
624.9256375022018
639.3855734512241
634.3605938953965
649.5513414950868
656.2543423217408
650.8173043885807
631.172396202739
620.8069350858717
610.682584975404
596.8324884677188
603.2732655906945
583.6230487302888
572.0529079917637
578.7698119667181
582.3347844978059
574.7543474212514
574.1198732117314
583.5374711265051
567.0254286532559
566.8949635453474
568.6869845688665
576.3861843632947
597.8011187996952
595.1555233334545
597.8534564566992
583.6849901737997
590.984009354068
612.8187303148011
613.5573753399194
619.4813543502383
620.393494658782
644.4014089787294
640.346042838426
644.4892873429856
645.8227203261847
656.4061819905128
645.7563798435145
648.2293943648373
643.1282770765077
643.0284679254753
629.4460169010802
629.3450086289309
621.2080836552988
604.4278025678989
605.5560027575754
625.6888286618547
600.8589730263717
607.8280017605423
590.2302315814326
584.8537214666421
591.9404318341043
590.465146723111
578.1018560090462
565.4463244183139
567.4564568521208
570.7979835390781
576.7305191799874
579.786025689926
595.6275827222776
573.3738424672151
587.0097346756961
591.5520366453193
600.3140848797201
606.2512308496822
610.2702054557229
634.022132064952
625.0682223211913
617.0476766349381
601.9622581103882
615.1849903824221
618.6809126707561
640.1337683500026
653.0089406407614
653.0840245019692
637.9358892126821
639.1235318499697
639.4078120913459
636.5736950598592
633.1526589282953
616.070215329682
610.6666613689474
614.0256088995342
605.6595298954123
605.5980073333882
590.6673157137894
580.3726630314393
586.3414702838052
576.5228218312077
594.0160303073772
594.7514149072731
592.8872613779645
577.7938040276575
576.3276513592033
583.8163342924313
565.6773243767717
586.4572541457374
598.0783425692506
618.6035895835145
610.9423166094022
616.1040671141034
639.7735795793053
640.1343357935722
625.015398212215
600.0198599172948
594.5044652103783
611.4062747646566
586.9299374080035
602.8799442581432
604.1168747832139
610.365519784631
600.9626637357057
604.4847586995788
580.4460330747177
584.4619184080843
590.1280973219768
593.7250764833786
615.8853750458906
621.8418565644731
644.7783774055612
619.0974974191042
613.28418039145
613.4408391779915
629.341373009826
629.4099559536156
632.9799750238923
632.1157799703399
632.2477315758972
612.145699964199
620.749393809745
638.7356637773133
631.7365146018907
630.0625753388921
631.3747629357151
618.7084399713333
594.9381553778552
589.236660294384
602.020772948886
588.6317898509466
597.5804354215766
621.3308106675214
622.0598447381823
623.677557398274
645.1414460692672
620.8979802888781
622.7969656447178
625.1249029505946
605.981058173821
607.4226788322372
612.8980239356254
605.6507074442545
606.3018990372077
620.6985707998358
617.2363788809126
608.9887226173608
616.3176437897091
600.895024994168
622.0621500211907
631.63636395349
623.1283588360936
643.4608497948379
660.9962895917267
650.3299064764866
638.7822402757514
628.0170597666415
627.9536677493167
614.1665966313566
628.0116462971125
641.6792459533996
620.5453317375362
623.5841604699305
632.5665388314384
650.1897740530917
656.0430122035
676.2382458129126
651.4498634631555
651.559825267781
656.8168490167368
652.709633683378
636.2590393137436
624.9765361508621
624.911354831582
624.8296007031825
635.1433183139026
639.546575648504
625.9198084153262
642.6704030445394
625.1243107637296
623.9230868893995
626.7605796503735
629.3303690814678
622.3450644850778
622.2479782892518
616.252772770832
601.0855232094176
582.4119015536309
595.9756179936915
616.845764570808
617.129450869985
599.5584663429223
601.4441093937232
620.5322721286124
636.1919745060201
626.7130291888939
631.8740796201843
630.7926320444851
654.3459739594524
645.4252081563911
661.7918945731335
668.6359998950809
647.76814919665
645.1868352941436
637.4539629579893
637.365881498961
613.4347449863407
612.6415904231018
600.6363270789093
618.6881737461962
612.0570831310787
611.5832858669188
626.1729783555533
623.2390603893197
600.9726383278612
603.2859616090265
606.9032055221988
598.5433039688974
612.1604817713642
630.2659617557927
636.1863026061492
636.0114503302775
637.6434382617882
614.7651119421895
622.9458108347695
616.1920236692239
596.9160142739838
595.2571058045096
596.4027872891604
599.8442846752487
600.611990434348
601.0641626353527
598.7743519844907
602.9505043230786
603.0692836382952
620.8343762794582
622.7194713187157
639.2690420935929
639.8981808601163
658.5037243975487
645.1712291056258
646.5641572731225
629.8360630016118
621.3089253963765
627.9940748559296
644.6662735834001
652.2918753704492
634.6513978197573
619.2722828331408
613.0202240420286
625.4454004331162
632.4314521003638
639.9709935026976
639.8935068399613
626.5205379517524
609.6160065043979
609.7588007813612
609.847236225877
626.519501788061
631.9765400449124
632.2416210842723
616.1898167593639
599.7938077576829
601.5585417146161
612.3443220860448
629.0563008555669
629.6780814448701
638.1178279374607
654.2768832160524
641.2903770808676
644.0161112660479
658.3854884788082
656.0152103179141
647.567093237592
640.5820376902424
620.6384914670873
622.8002736121032
636.8674001790965
624.2848678753744
627.0428061868485
626.9641495899303
629.0135695175202
629.8608789741434
640.5636694045869
649.8847663957599
650.7372511005009
652.3883595423894
628.7308801240032
645.8868854358645
627.0332574143748
644.5309833186417
664.2112804562855
657.7541810498714
640.9451928509854
635.3045219653975
628.0703438586036
635.4514638409396
620.1468358749247
625.5968536063788
625.2179825195216
631.652765831772
626.4239969705956
603.0275934309302
584.5093437573647
567.5737097504023
573.0747182440766
571.9988043980204
587.9240195216306
592.5526364303151
610.4180702559675
624.5477219649122
631.4729286539274
643.0602657571131
645.5152555147498
638.8842733970338
641.7093476339566
662.458916540588
662.6371020816877
688.2597986920226
674.8733928547563
668.6861657325809
672.5628177302465
650.5667400671898
653.4519902555955
653.6282541318177
656.8068357745241
652.404034874267
641.2961853743342
654.9402580788853
654.5204168466688
647.8893466952231
643.9336914059742
622.0690310376403
614.546104257575
613.6567039002399
634.7777944951446
634.8566658585157
615.6618916276475
622.2826970791596
621.494004194143
627.4481745734854
646.9560007386933
623.7448067734049
611.1645735131359
600.6896891253231
602.4289360389776
615.6904329613438
595.4678074084279
577.3837165109601
598.8000906305482
614.84653092753
636.4289363841597
635.9868251341826
636.6213274053182
636.8455853162382
648.9730946923105
671.6680322816998
685.7279725380574
688.2169438756973
687.8619819618883
691.8044019438877
693.753976310176
674.3875750034689
683.6676193303707
683.0366795408908
683.9996566965136
684.3627137483456
683.2486906146183
683.6546562573981
672.9282465671732
662.7916277332195
658.2861229541858
637.6868562128869
657.9607095232493
640.411819164012
638.4323950081192
651.9592570165254
653.9577518105177
639.3293324457933
637.4889442577705
640.2961403461139
634.8687053758413
637.2268708639742
655.3083931247984
655.3785956704916
653.1733980845038
639.3384850999727
645.424997782052
644.0038027986054
649.0261425725337
649.8408782093079
667.8903583101213
667.7751047835545
653.7320690802111
657.2941090833807
674.6762449431556
671.4807706757979
671.6625092912406
659.2351551654406
673.1088811804532
670.6368004935706
670.0655323180705
662.941123079376
658.390479270527
653.7900820300247
652.2609590758095
650.8326298325221
644.6757983229545
642.9057363625853
646.8741864390245
642.4111412515438
642.1871106014394
647.2543994100549
645.0696094437862
631.5798501811487
650.5695494903032
663.6899592487019
680.4874340431527
671.2199602959256
685.3338605076415
693.9558467863368
710.7296963526487
684.4950206984834
677.365665594446
663.8701093541872
645.0975309485036
658.1932783571324
646.3527099710328
671.0850496196641
693.0563740832862
708.6687487825488
720.3930988246511
719.1726620572924
727.3588448755643
706.2156293057537
700.130666637289
685.9318695062382
697.1003015006436
702.1168058943887
698.1084307840566
700.3820421933448
699.5672418632357
725.094059031237
697.8085263833624
675.139194701331
663.3823225982852
650.8104697041226
639.1440346999599
632.2953172339112
650.8907532027562
635.5139309312483
636.1701695508965
611.9968042763826
612.068554144447
588.7096310207118
577.3401015483663
576.8728829471602
581.1776268968163
594.8318562182768
600.6186092253863
603.4465569518485
616.210433490536
633.1873106598432
657.2153750757259
632.4806622124347
627.730669508287
633.9184602637885
634.674987389776
638.3703761112033
617.0776156736811
637.0213122756687
624.1045071820081
614.775525433687
630.3834710452097
632.1189026742895
644.9689896687627
652.794219301045
626.9314602808445
618.9295972905335
604.538097531284
599.4404985731636
599.7796171570642
609.08189853245
609.7959510256446
615.5321808636921
623.5512169411252
628.7329081554893
628.824818538109
634.4701586124661
634.5683480810325
633.8968543057588
636.2205276269258
648.3830954099567
661.5092500015655
636.6124688770757
657.9671327213956
645.4009367224905
646.4163188711689
647.3693968933248
669.5926436176173
688.4704167150921
688.1010112539246
689.9247911354697
666.7790988728702
691.8741462783518
691.3522467799102
711.7697607268784
712.7282746416962
707.1658316703126
706.9124820430649
731.5715658036706
716.3968810178856
717.0155300405096
713.4788842717273
712.6053488671395
697.6171501867061
718.091176200212
703.1176831148338
680.0408461006746
679.4908504624293
673.7417484784996
670.660283950064
668.1536606018379
664.5727545505451
669.0871337613953
666.4554199240822
647.2226802414561
641.284855015514
625.5634638796311
623.2244963956135
631.8174306292423
636.1347008741677
646.1174186251427
650.7966815308009
648.822605508396
646.0594143834035
649.060169385564
650.2144665907601
650.5417610946622
669.0281272381378
674.8887573535287
688.0937565513108
697.1467271818514
694.858666088675
711.4096162956346
695.4949286132402
679.8429121599434
684.6639660454233
700.120358853189
685.5982070349994
671.7353886492606
654.2877992171695
652.4262355979653
636.0213100361955
636.2096340335792
659.565028503153
653.383895483086
658.8821117340614
682.4459357481084
685.3714447007122
671.9774257626663
664.9110189132739
663.1702483551751
642.7601193546585
634.2471359711475
636.4558323680357
649.1844200420136
664.895610670579
674.6910698409553
693.825392474172
676.8211916155625
670.6489651080165
672.5022447141924
690.9067962995248
691.5870439493187
678.7221064660617
674.0515132246154
681.7913251125906
677.8062027316201
702.7092563564037
698.9909286442592
684.3944531131303
657.2041799871904
657.1161516990451
665.1171205433533
666.9886120293193
690.6295277288006
684.5099319864851
684.2944533324245
684.1392537046937
680.4014615339592
657.8074526629964
659.5981148405394
649.0674887423255
642.347662503793
630.1568302252008
627.337594534328
632.2458796914137
626.442707405094
617.9010038586548
613.6302352076643
632.341448577671
633.3576453936909
623.4590914042725
642.2727247124169
657.4334286804317
664.3714258790543
657.610534318096
657.0015961445454
646.4597210584903
658.345963068469
667.7373689596245
679.9412202872345
692.933130296456
701.8669381767111
728.4068227859248
716.6495117910588
696.6821488898921
690.3178467139417
677.483714285552
692.6656146274678
692.5024835773362
691.5186122252869
690.8936197246301
678.5472644096035
652.2320621828245
632.9351941079959
618.9630479101796
617.9658331169409
614.6963077550486
608.962838693778
633.077519153945
633.1507822509844
607.9998515746172
619.4419229042024
623.942171404732
613.324725782272
628.1952573524329
634.4924289158948
634.1744502075595
658.699424914966
659.280409854441
661.7800731034991
682.7972579121849
698.2905119632387
722.4924214097254
697.2510024856683
698.8510086732027
696.6987874541122
695.8442807083248
670.8727685273581
675.6899827024623
666.4382401021434
666.2393282867018
647.4101211042896
662.8860779414597
662.3981934820694
652.8204993055303
653.443967342113
653.7209763751181
665.0333571852404
665.3901400993404
682.6519241040407
678.6409512317593
655.0055178420179
665.9124683079128
643.561834510936
656.0435895299527
655.631310099095
651.4949393410682
638.2419697882955
662.7460166013072
657.6276730910552
633.362083913028
628.6962885336757
633.1074081494992
637.7748425256722
641.2657088820713
631.5088383026947
636.3793807404024
639.4065875689989
631.2976885955266
643.315648640632
644.0014360736423
652.6084640220648
676.8128638600356
678.4195809702384
673.834454534621
681.0472657553886
685.3931194640226
705.2809431971091
709.0261279651946
697.1753832012669
714.3606742864334
708.2561988093494
698.5281586171506
676.3904454371849
676.8273103703572
676.3395305130116
675.180053397889
662.9884072953353
663.062247880187
648.2271107143936
633.7044038763169
656.5054532906879
635.7754598622525
648.8770902574104
644.4157977474785
645.4137624516237
627.273399128122
624.2076697617003
628.9266962302243
629.5620169765066
607.5914620091447
631.2264373011203
634.2347985247048
633.9362776877514
629.0395479978815
611.6578718062734
627.8562165769403
637.8234698085384
659.3135003437341
670.2841763575958
670.1871063220718
673.687018614741
654.0677806047498
639.4963319118849
642.6023907142458
647.5667020260279
649.8284288246276
654.9729086170345
662.090058553951
662.1977109255611
671.688628589125
681.313511988636
685.1826838470573
700.2714110539812
678.3223321204638
696.7023946472835
670.9051746129558
670.5703250474326
670.1569102078189
670.7331111606852
663.1718022269172
644.3074404861461
634.4684282831153
642.1849782648832
646.2075124695807
644.5049527322163
637.8006445893491
620.0745266105937
633.4763190787875
612.3796862803496
608.1506947770542
589.6589893191754
569.6928673884498
585.2121886989895
590.9575385446149
591.1084524684595
592.2138943558552
593.1285796543756
592.2432846155327
603.5310775933456
616.7612451065507
623.8426966987761
635.7203327885641
652.0301076729379
632.8987566885528
631.7552376979513
606.9542443858868
623.9133293157571
628.8325575161479
634.5041001344748
629.0889179274346
636.0258740421488
659.1699503843054
660.3876193558194
668.1975961315611
672.5302178671461
697.323669278894
697.8352962362673
673.9699696020577
663.0276975229542
663.0948722136918
649.8130362988181
638.1695221692378
634.978013611558
643.0932539970806
641.240440900436
649.81933945306
649.503542926946
655.3043651765709
647.8609024970913
626.9020863325677
634.9441613232759
632.3065854171799
650.1573175624926
647.3274046212706
647.5839561675989
649.5678684871888
660.8578913887411
673.325516551405
667.092557698878
662.6908939633579
661.9483696309861
664.792271961243
641.8180458848647
640.5154060996597
635.2981545544891
638.3251772470373
614.0105187198419
605.1852694984826
612.3720540839173
620.6873660947239
645.4303210232383
649.3100213574515
650.9630498395703
674.9459190321668
654.8645654374328
665.4352843058126
675.7768692244028
696.0870222748143
715.3861278292977
707.6132216185665
725.9328363310292
727.134291451217
721.754005347833
749.8791109962557
749.2461327993395
755.4340518235352
758.6315219007855
728.6499639827316
710.4402398440917
734.4826430742137
733.3215290529544
741.6521102994935
751.4027143061102
731.167903562613
714.7627333439691
726.6248857494215
743.5459627475142
721.980130254261
700.4113711518381
696.7630773660062
694.2011293953349
688.0303907894269
673.8252845825225
671.2072929425532
645.9338631591856
636.3703076985172
632.9869093765423
626.4206326218061
630.38324799764
606.9700685258797
590.3767750274528
574.7597486637346
574.7019995410672
577.2573444662149
596.7270687013664
584.9509044488525
590.804059836494
589.2723564481385
604.0007485615105
617.85978392288
620.1967227794395
636.891922238073
639.1688887838401
652.1055502161358
661.4955370239115
669.8121363835315
660.1475118234157
671.102518899351
651.3105572423166
671.8173047054846
656.3889770388314
678.0120247794107
695.8225267949335
695.1793511733312
686.406175320192
671.8393012475459
652.1368111465464
651.9346034514487
660.2950296094755
648.7025655871972
660.0476922009923
680.3037197945135
660.5404050785904
650.1441616328516
654.5611006861367
660.6506915255126
647.7660303782827
633.4151483580898
633.3111349458034
611.0330671950326
621.7603892750687
598.760055297066
607.8815148723943
610.6288040686428
619.3003291488819
621.5090745640116
623.7988413236058
644.7232276998112
639.1810225394365
640.2243015998882
657.5908557240627
675.0807853305785
667.6937047586302
646.9914507691349
629.4847397500436
621.5102066810185
616.0082661345385
616.8738970781712
601.9480545804382
591.7019758593887
590.966720503073
598.0836261900645
619.1277218904427
634.1448354614217
650.0934820948141
663.3315048905201
673.585098941887
675.4430020459939
694.5468720287521
689.9625804383852
674.2439548172449
673.650314661919
654.907765835749
654.2161759210924
630.2829176868139
628.8635965699722
628.5992202423382
627.1053903934948
609.0676773505093
620.7433214457651
611.4034989291044
612.8460465138883
613.7318703116288
615.0479837573957
619.4147691099313
621.2021379416094
608.0114961787291
610.7427143854485
624.1651499261756
608.0031251103792
608.2662775782816
630.9502088604594
653.3677190975759
652.1863034955264
675.4635387940488
702.4782571305645
678.2206565074165
679.7750808011906
692.040815933785
689.2053378842422
689.9241170967421
707.4655171056008
728.5742859252927
704.8476559734175
682.0314180222081
678.7565126308605
651.7340472829977
650.0938582372523
642.7613207427748
640.1187325996259
628.9472978228521
624.6458594815958
606.5986994950838
611.4550905477765
588.4344873275033
586.2400087100455
595.7601257998157
595.5897785292333
594.7108253457066
594.5795433200194
578.1558064867767
578.8730598486138
574.6805761041498
581.4295052787131
581.7086716108448
582.7633649319215
603.4078163386066
605.8682676947806
616.093472111229
617.2869648525252
623.8772826020556
640.8990776182918
650.3088166816398
655.1613972980956
642.097795227605
629.1762975966876
633.4309862953293
633.7960937943603
648.683092856996
636.2209363389096
650.8957089012811
628.9711417886443
634.3215875877839
644.5637786048406
630.556607803177
619.7021358836478
617.3392867282117
617.543879530399
629.7719967316203
643.9471155079352
633.1808490806902
633.0769688418957
654.1601931436103
648.5440762041239
624.7031579396095
625.4543561274529
622.4405181648284
613.4757061084945
597.365897760969
609.5826127370161
607.9003901983418
594.3439857241777
609.3081928364555
611.77296702436
592.7128465876606
597.9010749384278
608.8895918241631
607.9463540589915
630.1204828457528
625.5312232041141
628.3253581147889
612.5167937485216
612.8709368385847
614.9707719222466
620.6561497308184
642.2942704906176
625.5210516546025
637.2323786976278
649.9780405765517
638.6872890354566
661.5639937132291
655.9505325159568
655.0949308522778
655.9273710491781
649.7587599708615
649.5020193303549
639.7893461117135
619.6303299869163
619.9248029001023
619.6279640595515
605.9915831649594
602.8810418325772
623.1518392862306
609.8580947196897
613.8829565001537
600.742429065395
602.8912275027149
596.4035037708976
594.0887826239434
582.7398674412042
593.9577519447082
605.6230414678107
605.2555555938263
605.7440727763757
601.6876886824532
614.4909875369716
625.0300398937095
636.1917551259456
646.6334459721796
660.9389392745694
653.2895038897768
666.3482286402433
646.5420928930591
640.6698113645928
641.5655492474401
636.9019539201586
636.3778616102834
614.5481501553071
613.8708299267595
626.3650202144398
633.3795562204932
