0 0.0
642.3307622043284 666.9066428199881
668.5677789479039
655.2806052066722
650.1817871020612
637.6280894523412
616.8010450859487
611.654150148797
613.7047419109771
621.5667698226745
613.7727298525054
613.5943442049831
604.3719850244674
619.4850197540177
611.5884722752781
608.7583578768322
608.2449609684757
608.4937203132894
585.5124703991694
570.3643919260182
582.3396609054656
575.4235306813295
557.237950275238
570.8757963843218
580.298217988401
563.3231286699996
556.7622259998976
556.840512060207
573.8520074254499
589.4118460825172
586.0800844797761
592.5073910871165
595.279930355873
610.4945751020682
630.2733456055456
620.6319965696123
618.1592388949223
619.5026616991873
616.9794467108766
617.4613545226824
639.233066508317
642.8060830385892
646.0335257035395
645.5141950134233
657.7911834076828
652.8215907608826
642.7184823350166
645.2773886078004
643.0472711115694
645.7825891697618
659.793194121843
678.5243318929918
670.5755016379728
688.7698500660575
678.8524839671392
671.0677229011944
685.3136502953033
677.5987055519445
674.2331014865408
674.1185371880435
692.374359523241
690.4155760831297
676.5648680599558
662.0354802430569
687.9811141593157
669.0716368055669
666.3340634453565
665.3425565100541
661.7620980057566
639.6108276629908
632.2909386879171
623.4649361108353
613.704011844238
613.8191671484342
609.7462211942378
595.2816066307954
597.5765723641077
606.5778541258992
629.0855616221102
642.7877443302955
662.6634231899711
654.8060145737918
664.6259250608983
661.2519650457107
645.0034736279101
643.9945206837691
632.4364584962449
621.6722082878458
615.0496178193471
594.6658367958056
598.275280602877
580.3739725979617
569.8161206231249
573.4322387864265
573.5760702615514
565.2116675531388
583.261842447885
582.0909137009941
605.3614979968803
591.4883997836794
578.4848033024123
589.9471815100378
591.8833020500591
597.1085529254001
595.2020445727985
594.8346521028855
586.2624552822957
592.796000262595
599.07214391449
616.4810175740578
617.0249195747286
621.889135140786
624.5135899287545
611.3086540866689
617.9330873683338
628.1229342931604
623.7691919320596
633.0373258369619
637.4532564390933
624.9420250286485
627.0109837125436
636.2482243622555
620.3162173515118
626.1345910731842
619.1272356503447
625.9685702913007
626.0901029489792
650.5787450558845
650.4838967113876
649.6539676911798
638.5396119581876
638.3852020619513
630.7766098828994
618.5522933361582
594.2901026291976
617.6366490557633
595.6502228827727
596.1498664472966
584.979844181223
585.2854304939142
589.4744650995519
604.8962789481594
589.6200810620854
601.0077831461255
622.5758979350144
632.591085138731
632.7182166822968
616.2561067503945
629.8297644962093
634.4466381457808
615.423182219758
615.4907918432147
633.100029537457
621.6510288777333
637.5355961904335
650.6692301958083
650.4543761360297
630.3830362586614
641.4692900913618
634.3219811757891
624.4479037461043
604.3753491443664
624.9198753931714
599.8958902287332
577.0787955758391
570.3579789809895
580.4572274525898
582.7514862986192
589.3417364233419
596.8870284870054
609.778830910043
599.2091576503436
602.097196049279
620.6210432373216
620.68351981791
600.8401550573748
620.6520165072513
621.6216833765886
641.9065660874724
634.9347236701358
639.1344246604782
639.7670688911817
634.5215870165546
642.1718252116617
654.035953309515
679.5721396520086
672.1413665102589
670.4347156373965
670.3221741135701
669.3943948891778
650.4434411810405
648.1298787376722
646.5042651301401
620.9619479643372
621.2973439913344
601.8936591842387
594.7408996603592
595.5621275184067
599.1997062013791
581.6647171896267
595.2607821484246
611.3597249016016
623.8274353300834
606.0440899840355
608.3084813785772
602.2504447923567
619.8578767971646
619.1542144967871
608.5004521740519
607.8881934718022
586.1306940179614
589.8279895540155
603.1255532026452
585.6178742912278
594.2410425022376
595.6571261997708
610.4248475820932
611.433744835723
610.44435696577
620.815537211628
635.0244265632625
659.5392852989883
649.6960651224532
657.8898014049934
634.0277153043286
634.3330144935281
624.267534558512
627.1518769999852
633.2543692454561
645.5019141420082
643.6650712779895
644.2617031732228
663.3648594932464
665.6312017117249
656.8155950654244
641.7752471393499
640.3957615695144
633.0750241423747
632.5067707084659
624.2283469826122
638.0001021712899
615.5352600668326
624.4492614024122
602.6222933144982
625.2451131813467
626.6088375996472
647.6741460997333
654.4643526881096
675.5218728577787
688.7989178051964
696.0886092480365
700.4112303278315
677.2300548736964
676.6629459489852
697.7276065434315
691.9687552504397
713.4158027084442
713.082586368835
706.299519132264
725.0352712816442
704.9643753394976
684.8325320562366
686.7532260101773
713.9418251086992
689.2525236028092
685.2541471998439
680.3397637189951
669.5947822057228
675.7772452843918
665.9687942214247
671.5194323079813
671.0176001567373
658.8971617303652
643.1945150409241
628.2175935603736
628.3100311064358
627.9530887753189
609.2131563495288
599.1547276629951
598.8043754521187
596.5812356509213
615.1524115779528
628.140861154708
627.8017748624294
628.7689976137095
625.6885817151939
630.7143355683447
638.992874135888
652.0565930674759
626.0891696217819
639.1579002965038
642.7064899364714
643.9121086387756
653.5108200536489
658.2381010154439
640.5920492103861
637.0357392135465
651.2593122877972
653.7083707701576
653.7917844601827
630.998447380466
623.2857489308474
622.9383267721691
619.9256209964853
606.6214143451182
594.0018542267596
592.2726742114646
593.1419711993639
608.4773660928068
630.8319011217447
633.6810330486326
642.371069973918
643.2424812562973
643.9483125785107
643.5304371842084
631.4958002002631
631.2949281125983
648.0384995377167
646.0741693435677
634.9536093867325
641.305055228619
638.6412851705566
614.3900141434336
596.69898210305
584.5167173912982
582.1036199455165
595.847575230495
612.23060781991
622.3011898460622
643.718025776986
620.1946351349809
633.8898750428053
651.756029867005
647.8686107601111
644.5879467087252
658.6173803389345
655.3367141316999
650.2887447640544
658.7569518471201
643.0025862059766
668.5013171557296
654.3968258260202
655.7188528984503
648.4997211446943
634.0493473119909
634.1302256851739
638.1428737852669
644.6615199389039
645.4950644208661
621.2150013687561
621.3015576749654
609.641045896175
614.137303699638
614.3287454858556
607.4976634006471
609.4875100551297
631.854225141155
611.2986833351848
602.4427810506784
624.9905772024571
623.8852418413661
628.9052671874857
634.8254414820377
615.1407696611548
623.3984030007945
641.5552165945725
640.7949722877331
657.1873494735975
650.165622008681
664.8117133485516
684.3447527860444
670.9028609535719
672.1770881305548
688.3587966227193
681.5428831364384
678.2554046831609
675.0440466003128
667.4505940678829
689.431298022963
682.7236331719962
673.7036737369356
647.3822298994722
659.2470101685941
633.1192922747407
638.108573344994
656.843859255183
669.2976577341368
665.2561504122641
689.3293478003036
688.639615456986
713.535680193114
721.0217757323036
712.6975502690848
716.9361669890212
716.4762432105439
704.2379888572345
699.5264813221835
690.6245069084002
674.7342199078804
663.1495289261944
652.9399385995359
637.9101107425673
638.5448858546041
638.3096811874923
624.8508220143605
621.6162444663858
614.01352851104
638.4252206302784
621.9856396031691
631.1416579819714
615.7324626911078
602.6471168898919
606.8424210176845
628.5942339617649
618.1950009231423
615.6448212589622
593.5167228455667
606.9753861786262
592.105249110428
614.7094304016414
609.6386957383903
588.4784873631827
588.0820772346596
607.0952914275159
589.0456380003952
588.8504870627172
565.8114079213669
565.9221490543283
577.9600627268927
600.6480237161007
588.7813421846329
600.2034575431811
606.7814740035111
624.212341341546
637.1723695573256
624.2013671134465
612.6139683046756
623.5233259735356
641.546584703968
640.6802003307504
620.617585695458
617.9571994406438
601.9795335336851
596.8934731799602
597.0845809019246
574.7320311867751
582.1405644445383
566.6749084718207
554.5953035188069
542.9154289427801
564.1093953896151
572.6640905962221
566.3940824104294
575.8269224149706
588.9235865459268
610.0120970938135
586.619946018253
587.1525598810339
605.4452177046577
606.1337760991717
596.4550091879142
596.5651297734214
597.1661611778896
609.2076104486658
619.1262413682836
620.0691375182223
622.982720780179
612.6411777543481
621.4524866360606
623.0499939244212
637.5678662241339
654.3687346234505
652.4920052614998
653.8390771691635
641.7038978781226
649.7956683057939
651.1201573623447
630.2570745565281
633.1388218323079
631.4617671786682
630.1635115779555
630.5521386092313
633.6527087984113
635.668652811686
636.2491092507646
613.1013012089467
611.9825430194156
607.4812968566895
607.5632283780706
617.9188564149952
631.1563082672061
626.146020752744
606.145524425415
588.2860813827186
593.163907441788
587.0382137631594
598.6163474561073
597.0108726237596
607.4900329943894
603.7678184359387
602.026948224118
592.5530603445276
587.0910458702008
607.5028615532922
609.4316906948459
624.0989738043177
619.9271307403554
635.5742897739593
636.6342449731867
622.351192437126
643.9798980636164
634.8876992819472
643.5481429571371
659.3803047122337
640.5739923017851
656.2868077155232
650.9116672199725
650.9845583401948
669.6225688109822
667.081334569892
662.4001808356788
650.283357093834
657.9036644340855
654.6445526487707
634.7939416138411
656.6916385437106
654.0017009251712
635.0540701080296
631.2724825359082
618.3374505752831
616.7336495280484
610.8449481531438
628.4575313782201
640.744660187893
642.2810894203753
662.7151099990475
661.4155079018404
644.7738073981374
642.7499093644783
634.2890296335664
648.6801957306126
633.0556157105735
621.790424696132
619.9544031960282
623.4641921884825
617.2668499541508
620.1337645114929
617.689976946104
609.2511543643742
609.3441389382317
609.2606560732307
609.1924703828363
591.1976937097347
608.7893260240669
600.2106360576649
610.3400922345694
615.233977441104
624.2120855659474
614.5277127314945
605.3595654199901
608.4310560380021
618.037635531711
600.9101237112712
604.7958141833997
605.039564456081
620.2522449410136
642.6713938159141
626.5313614457207
612.4696453627929
616.3545290170299
627.6667223132587
641.9530550552781
640.5852591693671
631.2855837655716
631.3686215710443
649.6376525590852
649.9811773874108
629.9754518547221
615.2071008486728
616.6627495386482
616.9337347712532
630.0009621150385
635.6101189938944
644.8417598068339
670.3853218457538
644.2585164757887
661.8527129282261
658.8402951244474
650.6470165111738
655.8325462613977
639.8676307045988
636.6358926033427
645.8030623892546
640.3522308667192
638.0452704655991
618.1292181411561
612.6054067615589
612.0390025096821
626.8377043564801
631.8422877953452
645.4372323478271
669.3291294294328
669.0715016423324
649.0988779578555
651.3622086899989
644.7209106349928
620.1408245817734
607.5423844109825
605.1448750066234
605.9320887412274
607.9723205660309
613.8689718698463
625.9563709082197
648.3800887283161
637.8649027074388
656.1445916942993
648.7106079525565
664.6425782504168
681.5418217523975
676.0937721098046
689.9165865833771
665.8559514371964
656.1625582874657
646.5376631936278
622.543484390117
607.6009299585443
597.3524835179735
578.7951666462014
571.5986722378615
571.7752994275666
582.066380671245
604.545446465452
597.5668918364545
601.4640952045166
624.6745984544916
649.5213513730632
629.6824118326297
652.8377870984964
642.8934863815116
642.4610432988328
627.790658038297
613.9725973218955
614.7390491005967
626.8129731555498
603.875207846489
625.365022740303
616.838243469598
593.6454845980069
597.3357876867329
602.2073166295501
595.9663034746997
606.0647207585687
609.8918008123894
611.3893342806044
622.9226974798165
641.7595543199218
641.5888405422769
665.1895480397332
640.8739455559012
633.2496605482424
649.8059721813497
667.2673120632675
677.5580293716791
686.4735028654152
693.8556624905503
693.9313040006293
694.4902539233394
716.5157435951157
729.404647886407
749.2738461831713
752.4792666898657
741.5951605688772
724.7945872921001
742.2542695873699
713.5582204673101
698.7263892700167
696.6069961396229
704.5048120902767
704.2908259270907
722.620997394207
697.7033192632656
717.6258740977835
693.5862255946209
678.2908699343931
677.5075488890196
701.182041734455
691.0594715343882
676.9602747385213
676.8785964250733
674.9041696715929
685.8021886112334
672.1727989986553
671.8997676440551
653.2860610781627
635.8280570316489
625.4181017272352
623.6914571976914
646.0640039593528
643.3976774108722
622.4111708014575
597.6714064708918
585.1395851500741
600.3270817750004
589.4418883343328
594.8687052002981
595.2227770357222
600.2077979334201
601.4579306809072
620.4664474237035
630.4302047694324
630.0442883622527
623.8774601608804
631.5021098520875
622.3536320403256
600.8809665658854
611.3269094380402
618.1352662357243
622.7880439862101
626.7811418311321
614.791942314434
615.2291068796783
622.3090071503498
617.5490740780872
620.3130066262763
614.3588070886582
628.2076511871643
653.0444067311998
653.713007843384
639.2735923746903
659.226156605672
637.9238857237322
640.7882799983049
644.4906126393064
660.6264410703764
679.4049222687166
690.891812306284
709.8798930596138
717.4261558473024
716.8059484994917
720.9119890569046
694.1120464515742
712.8982979640405
712.9945574153895
688.0729290853646
687.2481094332168
669.2695725884997
669.9352044831489
676.8455050974312
696.5751236925985
691.341808806104
705.9050577588783
718.6781759951191
718.9670643438717
717.7891947016291
717.8852073270707
712.3139740729374
712.4002969208924
687.4227924464724
688.1240912396638
674.7356282438461
671.605321555393
664.0861152990976
664.7992369955203
667.5369172803788
674.3721973476166
699.0759720315539
690.2310471750211
690.3037152164521
694.7148184905985
701.8130178605375
706.1616912251875
685.0673798571908
677.2584688157876
671.3068839265562
694.304479383437
679.8806219312146
665.0494562966115
677.2938136441079
675.8485179558576
674.5482029374191
670.8007590920414
670.9073003350439
687.0274437092165
662.0659633508963
662.5063340076103
654.4603122393294
660.1561841327947
658.3836623210168
654.818746127298
638.6706725116652
657.083073450768
654.1159974276991
663.5123895062812
654.427889970767
652.7817633910327
650.6007342577279
646.8780486331292
629.2634461645814
613.070314844143
631.8958648802062
616.5865568605208
628.6890930832626
631.9926772024407
632.2245860477868
637.5399956543085
641.2783725256699
655.4789696582692
667.7919820544626
668.8616996899273
661.3920329603076
677.1112100484244
675.379007426115
694.8731755917629
718.9997536526474
715.480657765922
727.2247665344972
747.2570445375017
734.3713852495384
743.2219645988396
740.8166405908788
711.5838277903883
713.0419820849916
693.3864638943057
690.5319356104969
689.6928591319768
672.5861576630157
653.9579464514119
628.006108843482
626.5119465322332
627.9733338594374
620.6838068719658
607.5437345417151
622.6603781924971
633.7589807849341
652.1718920432537
651.3617740301553
675.4031181818815
674.8319498754196
677.0055707266847
694.0491224284507
683.1108045598655
680.9400172115588
678.8584685481022
667.037559355912
685.709013352469
675.7478129186673
660.6393900320112
654.2912125896954
643.7272678062023
638.3209390803321
625.0209137926857
647.3675991005532
633.9914175771939
634.8151955556126
646.2762572576402
649.4500437021701
644.1925660344966
656.8672683086203
671.1706342207159
671.3196292346494
680.9621240385316
694.2549520274977
700.3590803222246
705.0944528295538
681.3645189534012
702.869572102549
708.2092794009416
701.7599586119935
709.713561901849
699.4597160642371
705.2938357224393
705.3709685513378
725.1870292908768
696.6195966901455
699.1009572747076
704.2072835925334
698.0007986992618
706.3117686604196
711.6636627760873
702.7113259169529
701.2212842085848
676.4727897321642
662.8460088306934
643.4322797482821
621.2045306639938
610.3760762008568
607.8091185675916
600.9473430157933
618.566129664904
642.936634579245
643.0056392733065
659.484461480026
683.1487792772128
669.6063115988424
694.1565092371269
678.5600244534739
676.1868949354683
655.856581003972
635.6961600651696
634.3823072970462
635.5360959720895
631.2186683358493
631.720649795946
642.3093433407493
623.6652586533073
613.0846597475924
614.3491166368955
638.417519293537
638.2992870861801
658.4952616894624
671.3803975518825
665.1194444501383
658.1753387540604
681.3128691026154
690.8255013427483
713.2137104857347
711.7467869973241
711.8531887178269
720.8469178705108
741.6785713434922
725.450721701229
733.1505298263914
732.3782454928714
709.5084934844446
716.4372876263564
713.7240406218707
737.2563336645227
709.3952298008104
710.0084573993025
687.2342011952402
685.0280056536158
683.9976788970266
663.5863459321474
658.0630152977566
655.5794582328756
639.7490289879655
647.5319152911634
645.0443219464792
643.2712730284946
635.051083010016
651.5451319237462
660.6482411667854
653.0616227902229
663.4125466021433
652.3493167433904
643.6764281679307
653.4961102056021
647.8334100547886
649.2094664488984
658.1268360792906
675.9252559694381
690.0799791893267
690.1662472241944
675.7475488190273
675.655445518737
691.553009125491
671.6427640063234
656.0431314766988
645.3990330926694
622.3629524354346
600.835331776301
600.7199653119866
610.6937378538528
601.2032223656605
612.2011722625032
613.1190368988198
620.9409033212347
638.7868639642718
640.9154529572891
644.8947777067062
637.7834276257594
628.2733217203333
647.4073396398621
650.2846829620796
657.9435426390022
671.9556931381936
676.2011470126056
676.6869270310011
674.5002215678431
669.9293522204788
670.0370018661745
680.1766241357566
680.0446466224956
686.0975870488979
713.4725847979147
697.3947712487214
691.2725892817908
674.8518109431111
690.1423684294024
668.1819129514575
672.7623755419743
693.6073295420488
693.4867603331996
693.0399678271248
694.4403982933824
695.3517697177011
693.7402230055341
681.7295363002061
685.1254825467558
658.969877799419
658.4825073569561
663.9368620042287
680.0543235020457
703.3164678104141
731.0983371522705
759.8445649528165
744.5915621528569
745.0654323009627
731.9877679261187
746.4277801544192
724.8469961925817
697.5619503663933
669.9303142951837
675.4296129913818
657.4754871653404
658.6994434603146
636.1902223568574
652.2051749836475
652.9881836498008
671.4584448206778
674.0540387696982
673.8956385980925
680.192031379968
675.6859782608104
671.676844208722
669.0675894657375
689.7851099640382
686.811038178557
684.0428810901063
690.7223200040168
695.5441084788698
669.2758844643472
683.3528087048197
709.6776448252806
706.1084213484103
701.1507614660194
701.06904409278
700.6687408057082
684.0908791683165
687.439534951776
682.2731796215721
681.8629146825167
674.629828454235
674.4562217169777
690.0612102098999
668.6094455381426
661.2040515507592
635.9752819672301
636.6719070871593
634.5787337327059
630.413212480498
612.6532378921327
621.8026481429891
636.1935318763713
657.2497729895097
671.8341195308777
672.9085710331168
673.948136567451
665.1664858739532
658.9417889084472
643.2463545568334
634.110150759775
646.4942696048784
632.5877213466824
638.7756159414721
616.5823354004765
616.9946216560705
609.7058719249168
610.2380040540754
612.6804689876195
630.1942617820017
635.1002487281089
648.8709745334452
667.8304359825197
674.1450580938082
672.6060327794697
669.4777507377693
668.463537482167
645.2598604641919
664.0276993086675
647.8414562555457
645.6510992297968
648.3170136579296
647.784813937073
646.6089243670539
648.0883168008755
643.7440319408292
652.4597696828484
652.3414805712259
645.0230176685674
666.1122700740051
651.0380196764012
672.9740793213807
649.1881651856938
629.0453572270324
646.009845346088
629.5129376105461
632.6084280484133
636.7248012862296
640.4489105612587
646.2368905435277
669.8524485259937
669.7832157300727
656.1984907033483
655.3443931400781
670.9233540476185
671.7625421501245
695.0066698085618
680.3453166264464
691.8974559996302
691.4663747414344
665.2624071714073
675.4673412068843
671.2444804589757
674.4829457244609
649.2916448125695
630.6567057754244
637.4900199101558
641.167456994021
649.8730218230779
660.0203390325098
680.8975874519396
676.1673529843927
684.9127093186711
681.7681839855971
681.3720668402972
681.8745035661269
681.5736067144938
697.4455145158246
677.7548751095273
672.3718694679364
687.3710958937157
680.7318810993245
676.9956401294841
675.3451579896501
674.2902440332352
670.1037848763215
669.2477874573941
662.5082161516503
636.9240457167429
639.9936715049406
623.4024666505007
605.7920977526234
610.659886839021
614.5686031005903
629.8891296075473
607.1940196179248
612.7276666201594
620.8141896100332
614.9537144032025
626.2419807734383
638.5259768773305
638.6995822844467
650.4485668437496
648.8914154978504
653.6058491284499
645.1967791422206
641.6949941907196
639.0849294194236
619.1002661341452
615.1350959116671
612.538203665474
627.7699037894407
621.9734322643884
630.5954458069743
632.5127308759787
644.4239660365737
643.2486040551579
624.5740674802755
624.7487774869478
620.5285011432825
620.1749416449144
614.8705788839959
623.4555523070728
647.3882143068963
641.6730177378024
635.7643608989048
618.379117372319
620.2383656120079
612.1229253952948
626.4523925690099
628.7641978707676
639.1938454935491
627.5087528772056
633.8318964521276
639.360921103829
651.3549409068944
629.0008214614811
629.7379060617274
651.08653544511
636.6366382687874
640.3133058245601
646.8293697318836
666.7151710782492
685.6176171634028
686.5655092258289
681.9461383709606
687.5923735133978
688.2426951722999
662.7018356984182
666.6033540759714
688.298655345699
691.6167787310873
667.8159203962783
641.8132448235075
641.2337985321866
624.8448347916533
616.855133979482
639.1385311765943
623.5207542756713
616.432678101851
619.5605679951154
642.4214716019706
661.7507418642962
679.5445235420794
670.8787884617009
670.8013773366048
650.1804703201221
635.3792638587106
632.694112685151
631.5081911071612
626.59263604247
618.0379479215228
609.7784005217253
603.7837981075623
584.099414017279
579.1866495900673
578.4226583590032
581.8590688845809
587.469637523806
595.2949413116958
603.6787651275979
587.4862263176284
610.3770156192813
622.0819408108603
597.6854692164314
609.9198332218418
617.7888172342446
641.4057629527302
638.0570559536442
639.8610722645723
663.0958739882188
636.7206657033245
634.6772706814461
645.4280132991761
667.0430850685264
666.9698093421148
686.0737899366148
680.8322670837964
672.8517464359769
681.5745277042076
708.7324265629703
697.4865853443797
670.268518881065
645.3680624507064
633.6934140264584
630.6276792108143
625.01678639172
600.4354842394669
582.0141655614359
582.5089979282375
570.2936748984575
570.8618937687343
571.2064482106391
566.2104741433608
579.9570235266983
603.1171345353187
607.4577739439849
614.662745897767
630.8146757319265
650.6391316600727
642.2019684963443
634.9346253378932
626.705135567927
624.9876499137367
624.5229647505441
607.2994649343524
619.9614132666632
606.8246120831714
590.9928334569531
613.3386669572193
637.0941462290868
642.9247820800579
643.1430499078722
658.0212289692282
678.6478860504778
664.9211487442105
643.8911111060471
635.4021362420037
615.3111551080079
617.3344135559374
616.1603100232945
615.390659717393
610.7919799375044
615.0317358423109
591.9319876964855
591.2127688312106
580.6406763791547
572.633248041809
573.24319641753
571.3938947585777
561.964326956161
576.6871569105102
582.016039149626
583.508593703861
605.2568076961105
581.6649354884889
592.4330139288487
615.1996911867471
621.3124056217066
625.808052775051
645.8771799902736
648.6057281122263
650.2435584292213
631.5234038236138
606.7212792157624
614.0423101872651
616.8380367751507
594.030379669474
600.0429713039564
608.5239958949985
610.6468615753929
618.2442412078824
624.290603527696
600.7952358584414
604.5139172442832
603.3228545936145
608.2006970633369
608.4385774721758
622.6492572750018
646.8433990784937
645.5876659924916
636.5845278916489
648.4932587458156
644.6650443894266
645.1700812777766
632.3731345617027
647.7415083762594
651.7959969966215
645.7408672202284
644.1267077836228
626.7828691809073
644.9338316349606
629.7685540802554
631.2910262414875
627.5166190934666
644.2299457810606
643.1618930655744
651.7168245312977
649.6809361420812
624.5142989068867
621.1117729889016
602.7703482465714
614.1294673406403
613.4995016090902
608.33731033544
584.4471399371905
583.9236961550972
560.906814952045
562.2648643836621
550.2788689452055
553.7005301417515
552.4349275221333
558.7629965827512
564.0599775476915
557.3455003759445
562.7130281044786
563.9130535605505
580.5300199136267
588.3123020333694
601.3263164631787
610.5579738242984
586.2890977601267
595.8278387164851
598.9957333782879
601.2722634390823
604.133892293864
620.3803886907377
620.4426518201869
624.0409876484916
624.8290445783379
636.5635875156559
657.4804916696415
679.8195630058202
691.6042255520839
708.0819971830731
723.178116109303
745.7128965379322
730.3280663220601
745.1683727010434
742.8641276400621
725.68245053464
738.2845378992644
719.4546209404982
701.7526468674934
690.2388702979292
677.6683815137875
676.2755155515242
652.8169403241126
646.652407447564
666.1296005193755
641.314239410376
