0 0.0
514.4930813186795 503.61225458323173
505.6122513250238
517.0941673903476
516.9527412045987
514.5155323295279
514.5819997244748
504.2198127559194
512.1985020904028
492.690760674531
487.1935839596381
484.20369113947015
485.8040823315439
486.9472883492602
473.25338450915234
480.38416845197315
483.5624119326516
485.0558195001289
492.1625647325836
488.2857178112149
507.311627628618
520.1987075758678
520.7992519805497
536.9117738897888
536.4989101599468
551.8641295969252
543.7996738737631
555.8800085257724
566.6682527041331
566.1825667016527
565.3188561000088
552.930327453545
546.8099486944562
535.6143092650427
525.6178873741014
524.4565467773602
527.4386804720012
510.1645152430692
518.549136357169
514.8022384587223
513.992646566394
495.59329358159744
503.71828091009223
494.34134118388545
497.27967141261524
497.687907553619
494.44369668957034
499.6139799454225
502.472472724946
508.0409289710184
488.11851899626936
500.81487627406636
505.6682988685456
524.2181543998927
536.2894859009812
535.7429251631188
533.4110328515993
530.8669370430955
532.6050115113037
531.5230443312729
551.7121607693039
547.7176831316797
552.5899856614427
552.3124169704658
549.058038368188
532.89667045618
528.2941131770924
543.8067555486442
536.3970655403053
534.5651195627773
519.8885036093237
519.4667148966973
521.8140075291376
507.1792226270941
499.2611348178594
490.8704530336059
480.9539045782813
492.93401192398625
494.2073206132439
506.3555711201475
513.8803318498075
494.99049043939357
485.07854525459203
485.93891647232135
505.1361933765192
506.03972269314426
506.2410814765976
507.9489730655371
508.20788038581077
515.8027128405155
517.9881023181515
517.3209492169784
530.804970067924
524.5271672348537
524.6938356324588
528.0060813289977
528.2643018115682
507.34080844290645
517.1910907616906
537.3578783948108
532.5690978781058
540.4437588162019
556.6929004016532
542.404257331625
558.3484562949101
569.5173392052584
568.1106712124235
568.0498281202254
556.3499725522335
561.10420536991
571.1861347561317
569.2901086749016
590.0396097106876
573.4234365634907
572.9701033635973
570.3453938127088
568.0693049182032
562.216432058828
558.3298584091382
547.5642802016145
532.0098987809453
525.0786613396159
524.8566781527413
506.08764922239396
509.13403487578404
510.39196869424694
510.2414949176984
529.4117307074335
520.2830899581957
533.0640883479903
523.1805024026995
526.1058171562076
512.1495316852365
499.7601915989189
497.25905088699466
498.05345015908324
504.0698758918215
507.4477680768839
527.5145293219692
535.6157587635805
535.8547352206342
540.7675425002259
546.6543486344451
547.8305274959886
565.7154034791378
553.2214286862555
557.3080312901005
549.8238405709436
559.8270191257183
559.650672974888
551.8056727091307
551.9149769886151
565.8203998333139
554.3393538334859
541.4994361335845
549.6570522100807
535.9730736927826
518.2689341208863
522.3815194226634
509.53832853822985
506.8669062629714
501.3757946571559
492.7651320803131
494.60666160664493
485.2742483313035
484.79914921192926
491.40926465655116
492.6139971478106
485.9263808443462
475.1208515430834
475.46074098489606
485.0648609049704
493.42857341299907
491.537626840666
497.6839379206051
479.02581360813576
479.1565752067523
492.6557046591214
505.73162372130656
509.3200518334702
522.5870327650546
509.81223500790526
494.5205552368349
512.8111486411466
522.2373560877188
526.7810756597012
527.3721051680875
522.0819098506583
531.1521555270126
533.1527729001227
512.4350267068137
519.3933757973538
539.5897366026621
541.8487056880674
532.5639911377442
543.0742055488435
534.2854079352514
539.9905346019635
547.6193543687139
549.6753354189766
550.7962879075292
567.7664745227413
578.6900116692211
591.0804160634012
584.7701958588452
575.3772602596865
573.7953524163041
566.3790525206512
554.8074774052478
535.4744601199508
519.9364459752926
519.8069923819161
512.9998616379556
501.25864831858297
487.9418124680443
497.5915029523249
487.11847246609204
490.31534332389845
492.37470002214343
492.43288550824536
493.0190725110748
493.54404645099737
498.36550199124986
502.4380789819582
513.5356858440514
517.2372100188988
524.82131782318
541.8759496017979
535.7915906645062
516.821033311103
514.667793704434
520.9258901474985
513.1053856994549
529.7937012739441
528.4045774216092
515.6219145029853
504.2949718106522
510.1939959531428
508.37187597503583
508.4299626052449
520.6179394917564
520.22119912224
512.7482612860949
515.2128376090583
515.3602645335828
521.7745376711804
522.0181165543822
518.9417393185361
533.4852812473612
541.6424663072437
537.6059510384237
538.0240054201172
538.3973824895273
518.6296422812213
523.1121787847866
517.6538232558474
520.9633034361788
522.6028886666177
523.8656347980933
542.1467006349728
536.0080755618387
537.4089476686763
539.2359964967444
537.1699181265076
537.0580439766755
527.896806137804
517.5526151602677
506.21864772525123
498.2451439424726
483.3553964529703
487.2076672433761
505.4626087839883
498.4031546325691
503.4941149506999
502.97800677941433
502.9223146609028
503.45358781278713
499.77824957162056
499.50473804623266
505.80952290715044
506.78438979468785
506.6930889924001
505.89193062262535
513.141269680187
505.7359529330711
514.977691586317
514.5140678904751
528.810673480306
527.5211529400527
526.7793882742812
531.0351030676243
531.9964699777596
533.8939131666274
534.5563463045727
554.0327416591227
545.94211887501
543.5146752226303
557.2154224506934
577.3121080756416
596.4647545185865
581.86532770046
565.2994533150113
562.7334933154322
560.0511084608659
559.5883460005412
548.5803216351335
548.436659932906
546.1928439194149
548.2756917161206
534.7557163845094
537.2181323622107
536.8592728781381
523.1515097607742
509.43760416825245
495.43397005570864
494.7998561714719
479.05167911746986
482.1766927145452
474.657419197251
472.7788627013602
480.63032974886426
490.95368718616953
488.65337694370976
489.35194645645583
496.40238043820676
496.56464246569124
503.1260489930595
494.63855774453856
501.63268963818064
505.6475067698534
497.80888469368693
498.0790630844551
502.463283668804
496.10412335828005
502.1401031393994
495.64252072197326
494.7310678600828
502.032023182962
506.81263767557135
525.9662672208507
507.3756118510128
508.89585994890524
509.1714799903207
506.82383555599677
520.463627518573
523.7351231073993
526.4173713979313
537.0901389758276
554.4281781533375
557.9155365323646
548.372306439615
548.5165314652231
547.3737508711623
556.5207740123786
542.6379812036007
542.5836393695662
542.6480308652418
551.1550326716892
535.6583056549222
542.0453651364411
521.9856449169206
526.9303361819191
535.1020453453207
552.7147379762438
556.4736304913808
547.7575204891781
540.6305032361194
548.6740277390043
530.7089499763716
533.0240086367444
520.9150352962123
521.2590101729049
520.9644654104504
518.7079197241493
506.69838352501057
507.72492029892277
519.588443243628
536.5986011382407
534.8258817232845
535.8237052455643
534.6225948097571
525.2706513153851
509.7769891939828
501.5557674990716
499.1291617732917
495.31485915217365
481.0724180123672
498.3841363755215
494.0920384714675
503.17369292245775
502.0375923367651
490.06778924100837
473.23538437752427
465.33758795776515
473.5443770447527
486.7037955552474
471.48904604230853
474.2800244699852
492.1839386380665
493.47222024502724
494.6623505467283
503.17807724978104
516.4659989385905
522.6438268267191
522.248717413178
505.8173124497608
497.2520856048866
492.21458377805897
493.22363479335775
508.3615166754655
507.93939021398506
504.66398281730454
497.7240923480275
500.9448382190559
496.4055551185152
496.3124780684767
496.9681997529937
491.3716701927772
493.478898727931
493.928494559274
505.83638532432985
500.8675904715959
508.20667142426424
509.7434800257568
511.6355167358426
520.3737159927024
525.6297603862236
531.5416541034573
544.6257294216575
551.4347997433833
534.5498336043146
533.8117957194626
522.5734331380751
522.5143568300266
527.0184978758124
526.5663119260745
532.6520439460367
515.771365361229
508.82855668449486
501.79914324342064
510.59847481509894
492.5329189559144
491.4411909739799
492.5669631359156
482.8857395122154
480.26436368401636
489.7378880568964
474.5697634949453
474.63712913360223
473.05897260294785
473.8824363278254
462.97524088929987
465.9224648622905
472.38138211558027
490.7373774183701
478.6843585912722
489.63669300146574
494.0999354412788
496.5759377306909
492.009668496296
507.3790662386219
498.43789752027254
515.2313509987431
496.31815660749044
500.51159472451286
511.34230158046074
527.4449252276142
526.4690529043078
526.3933444559177
509.1332609976777
516.2470517165606
498.0285457035224
511.69643355815396
521.7380970236803
512.7700793519483
496.35723654475674
511.9957411329338
511.5128361297313
518.2742629609036
522.8360895143793
519.577442159994
518.0339856658513
532.1719113243615
545.9871300317045
540.1731279787274
527.7451281742111
545.3314193297289
543.627618747741
549.2661495038562
549.2111779388996
565.7158339834181
559.851078220983
559.9807914676097
559.8641355225176
559.9287464613762
568.8990299777414
568.5917158653413
566.1861406991239
570.2658005605749
567.3231751127404
561.4879844705073
558.6030623426332
548.0183585608971
547.7141765617032
547.2005358175298
539.4181765108948
541.860766879004
529.1860923755291
527.9758603734472
523.2521430044476
505.1964860311358
504.0574602665367
498.1824246054087
492.8443103507268
497.89461360444926
487.86564830536946
474.26934213397516
473.36656766531524
469.33919463941646
467.06629841951593
464.0757225464281
462.5384274850446
463.40800638819513
462.62342385082945
457.04281496442746
463.86205402455937
478.74149197552885
485.316894670649
485.9365072252584
495.4346392463135
495.95776456162156
514.3135915592121
523.0647176842073
514.4038530933931
514.3078820225433
513.2494528965987
517.5799777184004
526.3620334657427
510.30685844746154
505.5532621606129
507.16650114231953
493.10495135896485
476.93079598299295
481.8360219593617
494.9066960254109
495.0433268183077
497.81585181856
491.98014130296303
509.73433130807706
507.8391525914308
502.4701789121412
494.2915499164413
500.71784464785907
517.7191845426989
535.9751832473272
535.0048831949649
529.3969262134632
517.2215645831482
510.05608913686854
523.8835162308764
520.7269942366153
511.4832098642339
504.8549693955982
493.01232818564137
491.2490272155348
509.0713425260985
511.6420347001381
523.9371685257883
503.29788912456814
496.05743949914586
486.22699187632304
489.51328111552476
478.5149263839397
462.522076048407
454.0141603164886
450.7323120743454
454.2676168801361
445.6115873507797
438.6634873085202
435.7199004808013
436.8669559183112
426.616087623485
429.0398900344933
437.95204222604286
453.92423597984
450.6905676695605
467.2852778755489
460.28599669010515
465.9798564407924
475.85569381029103
477.0649794954219
484.4575013384842
502.94473779961726
500.4834254493967
500.4265180846674
488.00473553131764
490.829467695955
490.2980192879471
509.2829434116053
510.4509515963896
508.66941121496615
510.47845078064375
518.3104047578094
521.4431132811083
534.1794757401686
552.5859249187351
550.3152648825719
554.9285801910182
564.6319935357554
567.5185657660986
557.6177482766201
554.3202518124552
564.6515908451437
552.976204649203
545.1589294323309
542.3123142328766
522.9278803817965
504.62290409837266
520.1752700834113
520.2580763548544
500.876153515854
514.9759542270665
514.8878639655936
518.641584042987
518.2240977085032
523.2821820713712
540.2541754179068
542.1130883303434
529.0109695431058
525.796541677001
520.3573423863637
505.52067871638997
519.2727079667102
501.3025087071924
487.3291961758556
488.9969524368101
482.64216199605085
488.78024554880574
498.67843388570725
503.0431740630092
484.47285392397174
485.7650182092457
485.0968226460648
488.8508241080864
498.7903188188573
505.59861650900615
508.95403001237213
504.057658425928
491.86675802472456
472.4150810535598
488.2375761127959
489.34980521013813
489.8122821976873
501.70893536194546
503.4640760018235
504.55720543942675
492.22643516706654
506.75234691834277
521.5859405799563
521.5224365966127
505.6395689763599
519.6969956532319
508.3375510505013
507.30095671012737
488.96144749766245
501.0365367029235
519.1039563208328
518.5921945708525
501.8682435316103
501.37974758208816
482.86151150554326
466.6401532165335
469.71133787975134
483.69312659958103
474.63031694377
490.79303702744113
483.5145066905255
483.58895806869026
491.7301320514592
503.3562918134552
504.0235826843449
504.9071345029883
502.5832123010509
508.75163736526224
511.20468374729626
508.6896149906134
524.2134815596762
524.0946246735085
532.475488422055
535.6741157447824
540.2824654895543
542.2047326499544
543.2469005038416
545.6759635343118
533.6866056674056
524.8569301733781
531.6797140989438
512.9936179886947
506.1954097663126
504.6494375260093
511.9387824721831
503.71744414493185
485.0685534292337
485.35689142305387
477.13092644534936
458.60587124110316
447.77179038481023
451.92987800765883
457.3992880412299
461.61254799386296
462.16078960660946
474.0089694912069
472.98884976065017
478.58685149234327
480.5147553342915
472.729596959175
490.0273948728638
479.2493426632021
480.4332676953365
473.7236592297205
480.87153450089716
493.634024418398
497.05733275514103
515.3052617094908
532.059230646846
545.8818066566901
561.0243922742067
559.7011776273905
566.5009483761511
569.4451713682386
589.0979640877193
582.319233060874
565.4230916335405
562.4465682278809
566.2392415893487
549.1366375282629
564.486191350371
564.3005033945748
579.8962660419204
571.870770616218
557.4582153526692
555.3102289202462
544.9896246714369
538.0548389881832
553.0624456596703
547.4401078802993
526.6767484256279
526.8576500238614
512.5940755346398
494.9879681379992
482.2490537172442
492.19200651245046
503.7728806557703
504.0120128423191
516.0408494225827
496.05859987609693
480.8754946209135
494.3497374008069
491.1134268235626
491.66215122647804
504.15996862273903
498.55360332677316
499.22746071397546
516.579237822933
515.3277160162138
509.54551855044474
494.7583528074654
508.75143639304457
500.22541322696003
496.8581440526607
503.73255863254445
507.8030656383756
512.5196306509893
521.7966943222056
502.53864113553175
492.49040926646796
503.6540874275028
512.4223117900252
511.891916655498
503.2046120180799
507.0549770027715
506.89117187128414
489.18920164045795
504.2819711647234
500.8432121568338
513.2648482778435
493.0450931394819
504.63545689046396
504.8003948977949
515.8317983319365
523.2523076281743
523.7099036148892
521.3863753019274
526.2861022259515
520.9001356416034
512.0944448467014
508.32264680229264
508.07942148402793
507.76323566243826
505.75279170043456
505.0809451373352
493.58539063420494
482.56878494894136
479.2989217218374
462.8945749059761
463.1882512608699
480.8340195499941
476.2029346724395
492.27222361110034
492.2153682138943
474.76105971459793
463.36236715713665
463.0101317940294
449.82855203245424
449.9317120416097
450.9079652530055
465.1700061838115
476.00403821021195
486.2668380809861
504.3998526751703
496.7232539711778
497.0356631513818
505.8491862981484
510.017371146378
508.9784421334944
520.0321303822179
519.5103128194711
521.7423691805858
520.993127854567
538.326847096071
530.4619209556992
515.4191867750471
519.3385824723347
518.8281436259001
539.4444334981146
557.3192970054943
563.1844093283922
549.2138311878282
562.3517380974552
580.183413395519
594.0361954407036
587.1700758495557
578.2957323489474
561.6910064826378
546.3051850226449
541.8350149347646
540.3431210443954
530.7162807993919
523.6883981721653
509.6434295297188
512.0710909433199
532.0269996428085
530.016473292524
548.2884329881329
548.8840146824392
532.5223784155645
521.3797708099452
539.0187970352321
538.2953579133692
525.7994166733222
508.81970313795875
506.41816775714074
486.1429021523146
478.7460282262033
493.5283067166083
497.72365102012475
517.2101922345862
517.724800005319
518.2242449062003
520.9775628381439
517.6575923808102
532.9148558602428
525.4708713001725
522.1229777077383
527.0167904541736
537.6963201354779
531.3062865423917
552.3436602828681
539.7671692126765
556.520788474851
563.3718154108632
584.0890512862983
593.2321870530712
586.1027584904358
599.4642030855923
606.6765183413362
601.6967260500311
612.7401789539047
594.7944123766572
594.8564043898874
580.3713533630873
557.2853716726563
547.650309045987
532.7414646285558
530.9484077600692
525.5147033561301
511.4822719511162
510.3001428575204
510.4582268381602
510.27903024331374
523.3815732128868
523.531454229523
543.9786665908647
549.8815386447433
539.3486431999934
535.391213226957
553.5806217464508
558.1263168349426
568.8428455523858
567.8962515902455
546.1939264015909
528.3182913898761
511.528322237292
496.23883521240003
494.31461995210304
483.08012900788503
482.4304442423644
469.26253529088916
464.2692526913709
450.12807196898933
437.60654102283434
449.4024373076932
450.6794549519222
433.91414540945624
445.28603916202695
459.0544564950303
459.2763943838958
460.479607250803
468.1452577278248
451.1836708733746
458.7210457328218
475.8490058844623
491.9386933599156
510.9420947332502
529.3279982296983
530.1493618163042
531.9276220731618
531.7647307688906
537.1759449927326
556.4566495121131
574.9934299212472
579.5944425779921
580.7760493623153
580.5225380778583
583.0815566648328
595.423459197959
616.3671312226958
605.0825262857803
606.4750685893626
608.0452565948586
588.7698845277387
608.8953088694965
605.7619338486683
606.6709697355651
608.2900133623403
627.0774584151668
611.7674062401014
610.2215317852844
589.4946578738336
573.0561470507058
556.8840147758903
557.5032432061171
555.9536940612221
559.5245754930132
538.4005386143033
520.6300041646091
516.4563283391813
513.1278206215858
510.67280103335145
492.22852631946984
495.68855483182955
512.2848845679262
513.4409405353215
525.4319201034974
523.5410570108504
524.5538795851635
539.8819400159418
546.7709601391693
540.7496316268096
541.7512091031381
521.9392705662665
523.9857474499723
524.5778501127107
539.0997495793398
534.9199906000875
543.175732597319
534.7177734355147
538.980606381976
556.752680981855
556.8186491389148
564.0116105935427
561.9514708110762
552.0880257785514
547.6081357047599
547.761509585458
556.3259340960726
571.2986662884346
574.3221748833903
576.4512417838265
568.0606420402881
560.1480247650186
566.8992607278333
559.7307878791889
575.2983870657131
575.4513652819729
557.3240464273136
539.7654168332949
556.3529424445442
561.2572835838141
542.8028272047834
552.1447748845743
546.9003187194023
547.2165753044344
562.9642419088683
547.6979218740444
547.6233737605733
554.5173736094237
561.2393729189214
548.4715030639894
556.8884536239356
553.2036072456234
559.8918348305292
580.4459112184794
594.0726140312678
589.9303823619465
589.585724664788
587.8748898512881
570.4008542119041
562.6515413465215
552.4053374274571
550.638645238116
553.05323733161
544.4851150059347
529.6843770700336
518.8778679181905
533.257298392976
518.1518899980626
530.3722674484516
542.8549367953718
543.8763398477786
558.416322670701
578.9166551419244
579.0599739602825
577.538278237733
569.0025832135307
559.8255574532604
552.1286545156554
560.993267675732
541.513002314257
528.523375149702
526.7940498406151
524.766483411417
529.6167619205405
522.5201000939522
526.9356883490104
532.8392129742888
551.9803932381816
536.6468476381918
534.339701007109
530.1929544647237
520.2801718968979
518.5907744613725
513.0234856024019
513.7328698616584
501.2051853431548
501.6597638749769
495.1972034207514
513.6130477501296
524.7708407692002
507.27646587577743
513.3365602999892
511.8663617946217
510.59830512949276
496.2973175686076
511.07071014624137
512.7438985565202
532.4208360793713
537.7029527974418
547.5599171761668
554.4488791544273
552.3491888152956
535.4564078206884
536.9042387473135
533.2301420380265
544.8560253367534
565.0786256297107
574.3629493951299
589.0189180412333
593.0550521737225
569.7878126992956
553.5786618913739
569.2448707473729
563.5287648682499
556.900905725547
562.7888961222392
541.6645930144409
547.0144631260225
568.696858459164
563.3211541111576
577.5730926259639
588.413049949871
580.0383129196574
577.0725823233497
576.454257920533
559.0623493207603
561.8540144851687
561.6998124602588
545.4204117839603
536.722403220498
527.3701771949451
531.6081720194912
537.7338408835785
541.8450396752488
551.4904915281131
534.1030159420981
545.0609285351509
528.7252437625159
531.8527403938115
535.1695938218871
544.1635961343846
534.9049878991594
550.3327339363539
554.2449492070325
551.543398245947
560.9789532294043
544.8596735975334
557.7181659469921
557.0011621446494
577.1562982521009
572.3999788182545
551.3465811887502
549.0081704705142
544.78278186301
544.8388332201745
545.1018595283492
546.6503083695911
532.3137710470969
530.7047865908803
513.8089003616433
517.9394405569071
514.7941330987879
524.8855536902156
523.3229197123679
544.1180578022211
532.7135528736316
535.6928013751282
517.9838470593011
527.6490729760445
544.7235521691636
551.7588869100808
565.6184347670287
576.8608231200134
578.5160230247405
578.5750851572508
595.7641221374267
592.5337772543602
589.56307879078
569.3523139856663
556.0102563498472
547.1980770268199
528.3636781715593
526.8301875053331
528.0897924024529
534.3297230737203
534.5711462561393
534.9531398769094
535.8105732217585
534.7134612477028
547.8620706276823
530.7714195187637
530.8933829841267
551.4172287355681
551.8564346900225
571.5431780000036
567.2644230592343
579.3736954996165
569.6449982553255
572.4546111587443
555.1608393131651
559.9498638902471
564.9499457489118
559.2023832926984
564.5784786952963
579.4111721745301
579.3527483671811
579.270310672596
561.604435511922
555.1228189102577
553.2848187488403
543.6065184510303
539.7134774595852
534.4109865809944
537.0244251189201
519.2263679677691
514.0662897355007
520.5462587604649
521.7465652044423
536.4411375517877
548.2262336284005
536.1981321882761
533.5100759616568
533.6310456219588
542.7685717753664
543.67282201683
563.8681554220902
565.6798838619345
574.2874281938288
553.1435344344776
554.8344235446615
552.328773899674
559.0301505225831
537.715944532171
538.4961995685406
530.4616685972322
533.3699550653023
551.5353691352169
555.8659868407058
556.5585918212317
551.7658460722412
552.3929287408932
547.6412348758973
546.8035526322178
562.6042110375469
564.1775219025586
574.8987243216609
588.5384063594314
589.7583546032984
602.0886524890072
622.8143702535509
600.4394353847003
611.6616138421188
611.4060361000819
611.3210208841574
612.9632276381552
589.7311554402186
581.0834946161102
577.6028858503006
567.8779912990036
567.4026600660118
567.2762379356807
559.9695334307264
541.9197756218429
540.296719313608
555.9771582496115
548.9781373764138
549.2921041220346
541.4533223214195
537.205379417251
553.5873911846099
538.523332419654
539.2346616418533
545.9644187237311
558.6432864923743
559.4333341964644
561.4724354676762
566.3591403644801
572.2335818812159
583.137896099633
581.2597796622586
570.3749590896001
590.8770648772472
591.8501702906863
593.7089379757472
594.082263061101
593.9788557715391
590.6441670104774
581.9728727068432
598.8680153143757
600.7940594516466
611.5719407871042
633.5981037939331
637.6036740586245
628.5806539287524
604.7026722310105
602.1360357901144
599.5551187769314
591.9276680941387
596.6593813903269
598.5659292566576
584.7762119311118
582.8398598737659
582.210376888449
575.5660777286287
576.2453432778879
573.1223191222668
557.4089716249015
554.9911944066661
574.6104869172179
570.3881385740583
569.7164266463926
569.6564067054675
574.0147641359841
584.8280083842162
594.6809524200969
594.0626322623273
594.529360373858
587.9699544092447
603.9759367632449
600.7318119996148
590.6814576366636
579.6340597873314
564.3512829919575
567.9583785997555
548.2392051070708
546.7560008490033
545.7021751743323
545.0382592301002
540.2357605088692
548.915936360498
568.7779202653287
555.0610074054391
536.5762990004218
556.8660304994573
552.3997424939472
573.8917335556835
583.9614055331925
573.2333711417543
553.2970802515395
565.4676290137936
583.580548844407
591.1510002416487
600.826467550295
597.0965893690136
597.6540309269292
607.5145333121839
599.712799964694
602.344585776314
606.3306296683097
607.5804697525933
608.5091735527484
609.390677722927
611.2003347916437
591.5636156841039
591.9249515794364
590.0003668953858
603.9781545383391
580.1179902671016
579.5063822469046
567.5800494059705
567.8855733118942
551.4632445560705
543.2476966452446
539.892147528455
539.9783945331117
539.0269464657976
552.0571280674299
539.3896080553967
549.413740038163
555.331475432434
554.9219435255917
556.0096369430869
576.9313780477935
556.495787029372
570.3931426840809
588.9322745895173
592.5189611918659
606.9226411429395
584.3976979552407
584.896067537733
582.1022498663043
596.1354160170212
588.139335387047
590.667777392202
567.8563580435721
586.3594915845943
586.257984976922
591.0546020835867
599.8614484020391
594.0355141238072
592.7489203206836
584.6142497158493
584.2048982146343
585.5243289412103
565.4257998637066
565.2521736470799
561.0959711216128
572.731360870729
573.6941165207176
586.199328655193
591.0952103703848
581.8161542407776
570.8135094037854
577.8149785116615
570.2685049762883
589.7996367924029
598.2152882296407
586.8696776562891
593.3532616494875
580.3216546229776
566.9598475866004
576.6239507847413
581.1761051069465
575.6400134930367
574.077087367872
573.2397756047565
574.4447946753472
561.0982031054566
575.0730467998529
571.0766611186086
587.3436574828028
585.5098009325536
574.4047257816113
