0 0.0
657.2062271107844 632.8651611350703
638.2746508839016
639.791567668064
662.8962585924281
660.9072840725966
644.1256120411423
653.4516213016379
662.4666543969304
654.9173178480606
654.321953111553
646.3505735717199
621.3131977015561
608.4910241353173
611.7954724415537
625.6273900621275
648.4303252059188
643.7300431109903
662.8579202790518
661.6886386781803
665.5635787447457
658.7928578707167
658.3192118066175
666.1353307722704
684.7686208645426
684.1549769287723
676.6787481600475
661.8744698021605
673.0711864219863
666.5268089351392
666.5994538979232
660.5886960829215
639.9456101481622
625.491123150237
628.356115094718
627.5473548125789
629.0404469587414
614.0178759461794
618.7570380366154
600.6843860523796
606.489421369365
615.642965320304
610.3240168081945
601.452058315497
589.4430670620395
581.3539710855588
572.5105949857892
576.5037706451047
576.9091400365743
576.798474048519
576.6765337386378
589.2905697044214
607.9173955137818
627.5575592417317
629.8102408565479
616.0864575677292
606.3741495410374
629.5636107944886
628.2359290290914
616.3109961031342
627.6645583625916
625.8800386921891
626.5963569161762
604.4951418171412
588.623423969884
589.3639869856877
592.640811963235
591.7041591724046
594.1372193422712
605.0856019595767
615.5986054455775
608.9390147883179
598.985327209419
622.886551748639
640.9124905972354
623.2321336850811
640.2159192248023
648.0871594561412
664.2413665098271
651.8527736230026
656.5273356088195
648.6039190782753
650.508888633574
649.0809381498909
671.8645741764587
682.4783481139731
689.3349182887368
662.6620587551976
687.5736924379353
701.6889041364454
689.1559460215504
678.7768125529545
660.7933083250778
655.0511225979051
641.9434296231308
629.4676748393246
633.2716099204102
628.8664959440968
630.7223787896653
614.8968877915648
637.0343803904615
612.1208072189778
630.2050549741508
628.8217626912209
625.52178779798
634.3141995675094
618.973963300995
622.8252464453385
613.975012679738
599.6486681426329
604.2613582810162
627.6604358030612
636.4521125268648
660.4385744976845
646.4117569005399
652.18212361238
664.8311611096417
663.5108922741725
668.734463132746
652.4266048439008
658.2558026567201
663.0932297752179
638.9946598912852
663.0203360056655
638.7178222033793
634.5604717362417
620.0485304478298
621.0105469556426
629.336023787301
648.2759546021447
643.7737646265496
633.4119860835294
634.0106253882561
610.20596263653
611.2138221746002
612.7183268299353
613.6391236259592
591.1565597879579
597.4045198369186
603.0947698927478
596.8631232964661
612.5077026053748
619.5779515713351
640.8815196858841
617.7020878544961
623.1461606339784
622.533713896852
625.7660097334252
630.6321039227441
628.6276377472582
652.7945504046697
653.2125857123419
659.5971496137737
660.1904739281473
634.9708475617047
640.5669869358413
656.866259029824
642.7340288814405
623.7878744321712
630.3594741692406
620.2242351326922
615.5271297292807
622.759656197505
644.2174297065051
640.9734527016351
653.0630152083218
677.260271778629
676.6882052905771
671.3706659529049
660.0264877556721
655.7185080672713
638.9149882785586
635.9963665973959
633.2166444158674
628.2754255709535
627.7503438768176
627.3273104449294
603.617844074536
614.7725491263355
632.8882084270471
618.9259504733827
629.1913832950024
647.6324842076443
636.2104393367182
657.1141971203568
632.4951298324886
636.7355967729533
618.5852635546287
616.799412130846
602.7347613775711
624.7007689477832
647.6399047994379
663.3968016734976
672.2083678373372
684.9332917132639
679.1278346804828
683.7582380169847
683.5712890143119
679.4918272079674
669.3534003711111
648.4668915372858
652.7311103593685
655.5667294397516
647.443877024683
634.4937420136403
648.4636033435828
627.8138276974057
629.944541623968
611.239317829788
632.615590428459
643.9340053229603
648.0392715537332
660.4863526551011
662.0503350900015
659.4313740703317
659.1519896102178
680.7417388437729
677.1396485196746
675.2343407530228
666.6621595494158
657.2764803519881
637.1456123144058
635.6490666277303
631.0056791538793
632.2993911447027
620.415801526628
606.3500866540757
621.4741473107592
624.8502906632563
642.6286283729471
667.9572890427937
642.6340028054211
643.9429431296647
643.2688069811061
628.1530800967647
643.1891953755102
647.3272501301748
647.9838528965113
664.3168196611671
665.6619733157537
664.904780603503
675.908454994442
673.9338420101956
674.5683495516762
669.709485081331
677.6778969355673
694.5522231981236
691.1025558013281
718.7377751581396
711.8802471628743
712.1465500052784
703.3802274388916
680.8216173236739
685.9493744303913
658.7393518066126
685.0111995204788
682.8754232933513
679.1758886222525
678.0981671426432
695.9524162343197
695.49998285653
713.8104717444032
707.3338290998626
680.5456432201381
679.7442271985337
678.3963724484533
673.7002859746016
670.3577383259707
672.3988013095797
657.2288510425159
637.9544320630408
620.9593017819893
621.0290126065938
615.0503243384635
611.9254826273858
604.1694203879962
581.0351867378498
587.0995505080097
590.9733667788646
591.6266770422841
598.9082950829466
609.4333913484154
633.2174365611784
639.5276215339318
639.130351089346
635.7425849846561
642.5662525046162
636.0123005747485
618.8829400231069
643.0849630262096
646.5827970019291
651.9014107810461
640.1318906756185
638.6193205689872
635.713045637536
617.4584303324033
605.2896338710511
594.5186433627235
594.7386283844058
605.5975456281101
605.9735427828223
611.2092283762654
613.5541754127922
614.113542828811
618.9582034233382
628.1418204380768
633.8355033051396
628.394236340453
629.4481216479558
630.8474896624607
651.2474931061694
638.0528034945748
652.1512273857776
659.090569107406
659.1704348274452
659.5555280822034
657.872661091483
666.2998683999742
676.5030723953314
678.6923382756922
677.9074025680465
667.2084651145976
667.105752722198
652.922265684419
636.4337126076368
660.058019969246
659.9539098102431
648.3756664240797
647.7050094899429
668.2391415816239
653.6908618368407
654.2047717844996
652.8453616219862
648.7327864148592
653.4691835439143
654.2110707387898
632.8275590228924
634.0154796440363
633.7031893239467
654.1459323614703
647.5881246333375
670.0769422184006
660.1726688754326
667.1507151093689
659.0371107943033
654.6093657711536
632.2332420024333
631.7148527463361
628.4276555616248
628.2756724244339
647.9478597579898
624.8685680239621
618.3318696919287
633.968299145357
614.7539914330155
607.9274439272876
598.4187145603827
610.1292544667286
608.1674676347238
600.3150285897242
612.6755388641045
608.2169220244014
611.2092363959581
617.6220211968026
619.503740286253
622.4037712543972
602.2959602303272
625.0463911952901
613.8052435666617
609.0946767659682
630.9764337102484
619.7674057360591
609.8517657487834
631.3526890716107
634.0126567729988
654.4379404186243
673.2134748499144
683.6217477526893
682.4576840922797
694.3150142349937
668.1769850084125
659.1589460537848
661.8266895349088
674.8047882043793
671.0125465338494
661.8795836991287
658.0211035632441
651.4158632414503
644.9268092370984
642.9383054929025
638.8334523027004
625.9452275843971
619.7763308688728
596.1342918546067
607.0219317583145
614.2832941490644
622.3273748442781
623.004213035157
633.9579180532213
614.8996163338213
615.0714543392377
614.8313491559712
622.9463734238909
624.4536526343414
637.6135468373153
646.7247241109374
647.4454874329795
662.7543897889093
667.8530451083859
674.0406502908468
677.2707512552678
651.3388488421762
651.607287369209
672.2368608211507
658.8294913479108
655.5507741470157
641.5322424398023
634.3991005256428
610.0162287426955
632.9914286554687
623.4012220907068
633.3224975260866
650.3458949285209
647.8242688361249
655.8507371902101
655.5301381100926
670.643933667943
669.3261877873756
662.44331940651
662.3031717467213
665.431258772318
665.5924511719174
656.8767827985058
656.1036122336459
646.0042558925352
648.4604565501648
648.1515856090363
649.0170796422472
649.1952039048213
630.4174339624848
626.7376128617844
607.1560530529769
613.4833760610607
619.3306177005711
619.2267003199994
618.2390544256655
622.2644710682874
633.2681460281729
618.9042297579144
618.9877275595487
605.6245518790596
592.9688244982458
596.0038951235035
597.2481584611304
603.3351198822481
603.5361671088907
618.362612281971
640.9618150585407
635.0659447071357
620.6889618871056
642.5767788046949
619.5234421116706
618.2591307049815
639.1833255926068
636.6238875985478
624.8635093881563
623.4305818011519
636.2230683284864
634.4958186803877
628.083589586425
625.9837120679913
609.8580906058033
610.5477236038768
605.6299592474488
601.1285141973017
614.5233915066941
627.9717926871206
617.3881021540506
635.9023026959626
638.0304669537862
640.7939353420935
621.6343148914509
624.8535177999006
628.2100666344006
612.1434930378784
612.2397796659467
636.3850963079581
640.9176780497221
654.5300833386773
680.7090652541755
660.6400417005449
663.5721109815488
656.107865975811
647.1908404205833
628.2993698050412
652.7751475954793
637.2883377391025
628.7283443251603
638.4331420689141
644.6362803330303
642.7254470695419
631.7577737188376
648.0071994699704
624.9483305867645
614.888450275733
616.1220978172719
620.4593718185769
638.1442099135843
648.6053521222882
627.7467645118109
616.2368602121244
594.1376183787299
593.7901362993342
578.2578132265074
590.9986118877141
600.4212372085366
607.3883113408127
583.6547267581734
582.0432879262919
584.2474388920616
600.7501773911247
606.2567923658578
607.9447418955468
614.6693097147304
636.4785598938057
628.1219032867372
635.5223313432202
656.8592961247614
642.4195083014703
641.5917838245348
637.5131787298819
630.3095493207837
620.9719365961214
630.9444293617331
627.559936859029
621.5398600838836
636.7778501313132
625.2582452595337
604.3173448838398
589.9899564799389
598.4294424573521
588.3502794423352
592.1634403634141
596.161263287243
614.9054100063312
613.8528978730023
623.3707850743687
630.3446304021772
630.0710068413204
623.4460594697275
607.5776444941331
609.5193950419033
611.5688272872342
609.094802617163
606.5536188151069
616.8623161125487
617.9525343766696
631.346376832364
623.7349853920715
631.6444691102673
626.1821538176321
623.9575800142109
611.8851810527074
616.4494007691212
614.5610462819941
610.0410877807044
621.9334947200331
618.8500696121822
620.5236403935253
617.4556125978171
613.6188779727711
636.4633927787693
636.2435648286179
621.1770505403581
634.2890544025081
622.3080097391346
641.4842809515504
654.5854426170961
654.3884047673351
652.6766467034695
651.986047180309
651.3977798979143
650.607811081329
655.0117125020001
641.6913747925032
633.8938548382893
635.0187572934049
619.1009495102186
618.3080090941372
618.1648431420382
629.8853244331501
614.3384917188629
604.8650503354258
628.9112281732879
648.1453274485384
623.070795885433
622.9462873284683
630.8077330193237
639.3349220160281
655.4345144755201
654.6917379690926
635.7816603148506
653.4208168912935
646.7283548919397
665.8181606235244
679.8732645126736
681.4404416299001
665.4305320958498
669.0418564574742
658.5079981928941
662.9177785577589
678.9576533859764
680.1447647757141
673.4424114444848
699.2519104803845
709.0830201828286
729.5115054845876
731.1770711085126
731.096895114354
723.4198340467533
695.7539381859231
685.0752187516181
676.6719324299456
652.4606388007156
639.9167311293795
633.3970832597987
610.551697146375
630.5046359499984
643.1805836313512
650.600055296149
653.6654335716477
671.8906096945589
653.6009766757641
639.4374984544056
626.0554513692089
651.0412316479208
651.389986938391
650.9831549657214
653.1665060035174
665.2350239766732
672.8583367452463
678.8574089533911
681.7779629246066
680.0024181780567
691.4808664401348
691.1253839563469
679.4910639859149
670.9206615558875
670.2192041067532
660.7558425993496
641.0129167698594
638.9217195594478
622.2587220430598
618.0423599382395
613.286477167751
622.8354070364879
636.5956209920515
624.7242632878041
631.9763849973555
646.7544953041851
655.6436969393168
651.2706118122526
662.7665468584983
671.8503541378213
695.3284954970392
679.5703807465753
679.2396058492207
684.0244148065657
660.7293215636946
659.6967943461176
661.2354331197206
637.2180841369217
650.509774622161
650.3590555751165
661.1720793254003
654.7340043672561
629.3466961679242
648.9541796123661
670.4292827248638
652.5657076238044
642.1103051224668
645.8705905759948
644.7629964082004
625.3243722104152
609.4544313508284
612.4382395293811
622.3778068010347
615.1034410409472
624.6580032639753
612.6498993243797
617.0566563821034
612.1145220917865
619.535522759452
621.6346755745508
629.3710714091411
651.9258810915599
649.15989921897
653.7512330138501
667.1784733027025
675.2480421440529
659.2988703787004
636.6745562951486
618.8436092221779
639.4866194187019
626.0986373665087
631.2173348108371
639.6843853434253
623.9602296482035
623.0848040408932
644.7201611387025
640.1621934079237
647.8381933037269
654.8803244856894
680.4564358131198
703.9159739314038
695.9138200946092
711.05620792809
711.1277374967549
708.203722539113
687.8364170363222
672.664966623637
671.1365959559391
670.3374185027988
671.9356707745602
681.8794523398908
680.9857309197349
660.4992035299282
643.8355789218434
644.1657174996216
619.6043059230346
619.687553161217
607.0431953971074
615.2948877211934
615.4024882276708
627.7194622324092
625.1319553065146
625.7307498543917
627.783012934781
643.2539605832867
663.2706799833784
655.2138243734022
652.0082230560025
665.1067711798813
691.2917645342915
674.0881929757278
678.2760767124943
683.9492486019383
681.9708771410146
671.8613663597073
681.3662128874867
677.0676859764084
674.4363208431927
678.2815004926498
661.5147327685828
661.3772472536042
678.907154858428
680.3796627388391
689.7420650386766
700.9133213402864
706.0951761722463
705.6292952623561
723.7047549714573
702.6285321411181
728.1036490025961
727.4734944596086
723.7644011136397
743.5659907030174
764.7108116532911
759.331725429228
737.3228143356664
757.790616029881
739.8392595896707
729.59491188789
741.4025167774574
739.8036649484052
728.5965017783999
719.7325095796416
707.7960186171553
680.4153332886483
659.5281057753158
662.2209078600221
636.9611648914424
634.530175834353
649.9953876915984
650.7902728078238
631.7728049297905
644.5495160336579
645.4737151676544
632.1389398475658
635.9565108620902
640.2979770193322
656.8914839512114
656.2459440982759
666.2604618719573
684.6602560634864
684.8285494837446
692.8175477506111
674.685202044039
684.3369333824021
710.6261929774321
703.4199110314568
720.2233641638863
694.3186023955578
713.1229398232499
718.4422870553237
712.210964977447
710.5807254611243
694.6146227194592
720.0806493691795
715.8683922154481
718.586290584183
718.2713463190008
696.4366009306195
695.0045865244697
678.1031901510999
654.2860171877161
646.8643371591646
651.7513005587225
648.269683706456
647.9017046568847
645.1839307311146
655.2525561000027
643.5864282313466
643.6570746420788
643.0228790158843
637.5372001127753
647.3098725617376
668.5994107369529
693.605320955503
669.3333611156055
660.9972479381222
674.7709621315825
679.6588963660428
678.2286404390708
674.9956282112826
674.238432074791
671.8347452020175
661.967818708664
641.8074791757975
631.2957122929304
617.4656046061708
630.479465049579
646.6633365958417
653.1890069855652
638.4071972712356
640.639935139561
646.1016343678344
623.845160674361
648.5263728298338
651.3415012191399
670.3284860105912
669.5291440459555
669.0184695008126
679.5125311246678
689.8038826724598
693.159177940823
692.5724195357109
692.3843435121664
692.2446531770748
703.3695174122954
713.974344902679
740.1176969891168
753.336618815352
747.7491272227134
741.9814119496584
758.5720316311251
768.044802151419
744.7887429044293
739.3777550361086
739.4524193582554
741.3499748668687
739.4027732446161
731.6180173599118
736.6350343251233
733.7994395710894
730.8753574934626
730.2270245832591
730.0359067394212
728.3147591363871
718.0614713080124
734.8365124199146
740.0495396807266
728.3268311425082
708.6277795664756
708.4378209006197
691.7187863623884
692.839002733459
684.1714844192815
689.7049048783061
688.24036041228
663.1179173930602
642.747146288542
621.7993508128139
618.7466418043574
608.5137806160554
617.7417905254696
601.0536844997608
612.4229840787143
594.4398563044227
582.7645148256465
572.1732909093356
592.0082702279083
586.0705089549846
591.0231807092957
576.0715110735991
554.2281263746639
561.0767116732382
560.4826390331845
576.5123468942003
591.9983784595121
610.2352837320618
608.0658047045283
619.7859483208883
622.2662620919268
627.2874906194377
626.0101657683376
633.2609518626659
616.8522371435892
617.3347725756278
635.2362469617078
623.4019127384726
630.1760176897745
647.915177991134
648.4825745441559
660.514186126599
665.8646629649628
667.0620574105207
671.8306329539652
688.7401927566768
680.7209243428346
693.4392403809151
687.5114566808024
700.1522315038765
699.592050891432
712.3061019642191
685.7925276418816
669.4624324276326
667.0592687831409
658.9731563600418
660.0460364371772
663.7102848896602
661.7890306492861
655.6650159686748
659.9420110652577
644.1804661559336
631.1665936498916
614.2863082314376
636.2285772904256
625.1324319153902
640.3542331007395
640.7002937896359
648.8820143223141
653.4510378780639
659.4096834762144
681.626671104353
701.6304808161151
707.8413490418089
720.0221333875533
741.7104797018906
735.2222560770509
727.9139320370257
726.1295170512255
725.8497116148834
705.5474164419471
716.1903564311659
703.2107350149297
690.6540524285389
685.2858940603547
688.3498830761826
681.8792946565391
671.7111983493533
672.8918750369922
660.9429364319143
661.0583397793303
659.9041483094373
635.9398389244913
625.5788875922423
612.6501831359819
604.287479275821
619.8134388135168
619.4750643980618
615.1221568351629
601.4930152340405
593.807704563842
594.5195257564466
595.7182171897158
615.7141067414908
628.5717133687615
628.7141622224885
634.0361670943627
646.6513486303513
669.5035028645697
667.5889521712919
655.8629229772946
665.0823472616918
674.4036070717495
680.857055902518
681.383315542979
682.7622667437
692.3202675556333
684.4109561232551
695.1990420047053
689.176357442957
685.199037764833
685.2868455388814
683.3516161515818
683.2422233769697
685.3697946022783
688.0908281614535
681.8852550797525
659.7808757749387
660.2285971675827
685.0805856786324
684.5514126290003
704.2243466927014
719.5738441518769
716.3038609015534
693.8854313113636
686.7758473772806
663.5209724127023
653.799271432482
646.4573564586623
646.2648896700174
650.2915832805099
655.6342972284923
666.0205288757032
669.1385491140252
692.6305074254043
691.5204455210377
710.383239350636
720.0923576949712
714.8542328283411
729.5977912055214
733.9114213830053
740.5949970273733
718.0053653365619
709.5042347080854
708.595169575184
696.7855173128366
694.9822957722951
716.6983125234751
731.9929926274708
718.4691429535521
719.7283028462816
719.2188594516722
701.3900554243135
690.1670223791813
671.3293606257345
675.5196669568352
674.3482220955996
672.0124040067907
666.2189347803821
668.6445299515888
675.6013658465328
700.188724541418
690.1740052533612
710.3003094715592
708.7643830769255
699.040204942423
706.3510863111269
679.6221642434978
668.9979452190165
668.403377205394
664.2359813073247
672.7900505444363
672.8583815203457
689.398148342664
685.9284477525892
675.0381824775397
691.9010836241885
691.6783695779637
690.527647371713
682.0466643086525
681.1154839774108
694.1211061646179
678.8405626341547
691.9271550669839
678.0322277479761
662.0086725028891
646.43165384002
626.5802756772306
627.2571387443247
624.3890620065223
623.1065186329819
611.17626609014
605.6094226465126
606.5362794812797
608.5920746635791
608.9889214916878
593.3001054259595
614.2137874086404
626.6232113211173
643.701022583471
655.3065010885858
667.5185824911185
682.8037200233651
671.9057335655184
653.8163193380861
669.1743045996769
659.8240870484757
651.5565132697319
669.4616595336165
668.8919809067544
676.9130893614814
687.9099813539489
689.0383183842516
690.1084312629283
705.7208893618749
703.0230525217978
699.3720929467377
720.4377619453498
699.0661019902784
700.4168679329814
692.9446861995638
702.5569533951847
707.548066281147
693.9085887238829
670.6996993777714
678.7143628312575
694.2410924780178
687.5794468007674
685.7364333206107
673.8857767627964
651.0902654304872
636.3912090780786
636.312116129984
642.0450127580434
617.4394650169195
614.511003636793
597.1950910157683
619.0114174477003
631.9929484786876
625.4485223071297
637.0415991239529
653.9701945359341
629.5910275421902
647.4934841973602
653.5650160631639
639.0885484177111
656.8994778759982
660.4322804615042
646.9625983437852
660.6866605059174
670.2600514318285
667.7022873286156
668.1317702096943
682.1252166026817
663.8220242131245
667.1899424074887
689.1192517427278
703.5582598589338
692.1044874277192
699.8316020271483
688.5643014961506
691.6565827459543
704.2085148494112
714.1420541365161
716.1525432309036
744.1847447191108
726.5781260419578
727.8273283666309
735.0407875130179
754.9220904295381
770.4640894595299
800.5328412908374
806.8825407102329
808.3795759102062
826.8304938289222
839.8710157765084
835.27022506957
814.662784988725
792.4882380740077
776.8244581233913
775.8958574156331
769.1673590724672
749.1267114094894
731.5720476849854
708.1317556585568
702.326098615738
677.368355821417
657.3720291499197
658.3273712474827
638.6152460473293
639.7039917411198
653.0128251230183
660.0592460435125
661.4533601193774
662.3186445919904
673.9378678009367
647.6019661404339
647.99960023612
629.0925547612096
623.8672500724592
634.4689586844696
644.7790927376493
653.0724400670471
678.912794078333
695.0953947237039
669.7829064874596
663.8176259532906
674.9793636101863
660.9172904694993
683.5446702158544
663.9598979256402
647.1173704418982
664.6854098170224
664.5513122683328
642.2353871883714
642.5719604265063
666.2740498718015
677.308716181512
686.2224793497029
674.458218625844
665.8957858716553
675.2307550100643
665.0322632782423
670.9907745283147
679.2188331654479
679.7112732517121
683.9491801741541
675.7343415639
695.597684913509
679.7868421462102
678.0578195045711
700.1487127823146
701.4804275759504
700.3054697895594
693.0459494931026
698.99233256321
673.2801311993472
672.9694268880681
675.8769390800625
667.863424745489
684.0049784981535
704.5715293443042
718.8748336133993
744.6276119791722
733.4324352142444
711.8915268774128
719.784939509615
707.0998399209674
707.0133768790615
712.9052794366726
718.4354498555017
741.545156185499
760.5809996552059
746.1593551072835
725.5673829029848
746.5302071031879
754.565922625065
784.6376381488865
766.5044387873535
740.8368677543235
747.7519704746746
730.0076300128271
717.7654450954716
726.0838621784575
719.7959231017924
719.0109695609169
736.2558146105046
727.6173361137311
717.5239818758702
717.2272133656636
713.1002831744485
717.0481679702128
714.5199602332362
737.4644905134869
722.8381662734262
719.3102366302074
706.4037458447127
688.9190300112834
686.2285108022809
659.8829769371166
662.9630146760976
641.6929303666769
639.8587070953035
623.7888961230101
627.7849831730167
611.5401778630015
608.0835845566509
601.8818829197544
619.4101980481007
642.6014076980572
637.9129072321257
623.5634081820156
630.9101217647806
642.2416257946138
639.6726266237742
650.6741985346265
644.14611751829
651.8290302601315
656.5333785723471
659.0265615810592
685.0617209866222
678.0125392409099
673.1698248334664
699.3055928097565
687.7319601731409
686.041926595765
702.0977984978508
713.1880284281898
701.4417026392482
681.3013253922924
686.6415675160723
692.8864797007914
699.3234752511389
711.9430623899339
718.563999658093
690.6407381785062
694.8278084856394
686.5915640192533
693.3549327667694
686.1418407879036
671.60954714919
681.9810732841729
682.5041481711764
709.3416332681098
710.8633115509152
703.8742181504439
697.9368212131116
694.1016332530289
669.7068619485277
643.6046577408171
645.0395062289824
644.5826384921135
656.2781380123579
630.25355556019
632.2656268876331
655.2275931529932
644.1310705253875
659.6457606580784
660.119221472261
637.0374056292812
639.4581936248898
621.8782883724449
633.7330722109333
636.3239980849734
638.0690898009148
638.13512868403
655.3699109577452
671.0240504687797
686.8901975356221
664.3884716841133
674.8694165984916
660.6215978470158
661.6551386775859
672.6508970193514
654.2915734267204
656.7308633861089
663.3503812375985
666.244984567949
676.3326581683309
687.8718882646732
675.0114553116565
693.7374312148322
696.3845435135725
707.0968656700816
707.0247410018433
682.1779893204827
698.9775566749273
704.152482987824
728.0212548692482
748.1939094610319
748.0763845570929
740.3681116801321
725.248117714535
736.5167182617377
716.5375267132239
706.6707596504447
706.5261464308144
701.2195702470514
693.9952213759549
687.7147784604509
662.7768817822455
666.9667582204477
664.8039183361763
656.5260346868577
657.4160368711347
663.0397460360316
685.8251455861077
673.6035542071379
699.4306284655496
716.8007292565167
744.0343996919621
743.2055108911575
741.6891964920153
766.4046657627829
775.5824091832663
764.1839075051897
780.0128927325973
751.3988947698944
750.906185505765
768.0881859752784
767.6052272883151
770.5400779232351
764.5978823204225
757.5657488414561
755.078637827645
733.6497946623449
731.9450878995342
716.8498804287703
714.8340247577272
