0 0.0
504.70130564082257 508.90836806365945
493.14031650352626
495.36984474963486
495.652526105724
495.32762524025
512.1724832221311
500.1220358706778
500.80599989353533
505.6427243713932
507.72620363489574
507.0738237493379
510.89444519071264
508.2466575787007
525.5775116931688
511.34296758936483
496.45698009311536
508.2154191497118
509.41005925513525
507.5120390217838
499.09868487365134
483.13148821461
487.88549798198267
493.7827830117149
500.2766165604943
505.59647177362814
518.1352207701635
499.06106291608074
513.9977992406174
530.6640173817898
551.0874070366432
572.5004799882788
587.171932607622
583.0368510848149
599.6619519076442
608.6794090478957
610.5414612882008
602.0948667387884
592.9292494625964
596.0255227627673
578.8388744572599
587.1867792418195
584.1458991207521
574.8310292856403
570.5206869422728
572.9939393575576
586.712993048492
576.3385401530924
560.0710317456519
553.5949850194974
557.3738440813959
555.7984362721769
544.1500429047607
534.543033826657
527.8210834566073
525.9077052146274
507.41127870800824
494.9328166740918
485.7534564268386
473.4681718987889
485.2947295320613
476.7579841846836
481.49802337016456
463.32044015380154
464.6193979308416
461.13677475384213
466.96351825829976
479.3499663521631
466.6068327787975
478.17420494628584
488.46294414665977
497.6269432535998
498.51846413296107
506.6123612777477
515.8107053467988
528.7728171321577
533.9766116693211
516.4049778908434
517.0616077685092
517.2864697443217
520.0713494237017
519.9661240658116
499.4426089523075
516.0578847431315
502.3673504562466
495.86192727863266
482.433998677317
477.04553863827977
478.24273136827924
479.31969685820445
479.76265095402465
480.82710071744725
496.9736692300939
494.3804646405152
494.561053161762
514.2631428639611
514.6828210917135
506.62457288954175
506.6962519956384
522.457269958228
535.0069355672817
539.3213651452362
546.1547813719105
529.9896869106085
546.9653597537398
551.7401224811899
550.7585339516977
548.4756671936786
564.2691937603865
579.0072202678654
566.7001009741163
566.9333047523936
569.5195119795136
581.2980196540141
582.3558569944805
597.3965705807374
599.1302488611025
598.6043049074998
602.283042652215
607.3204573100528
585.5667917109979
598.5558393602864
606.7826278175512
615.7945448769682
630.3759843963982
631.7830304529095
642.2063133574981
625.8616325553522
626.9334161318062
615.0653983620871
598.2028761109871
597.790541086336
577.4346921933377
570.5541160398644
556.7326537823758
554.0107591300327
553.8312046058674
535.1966910199883
538.9525491782019
536.2423802183831
526.5645204202513
547.5392720989469
535.2754521030593
528.9883461100708
528.1403537634085
542.0657026845545
539.0674636034468
537.8596945107745
533.1729330615124
525.5003852647834
523.2424146741063
520.7788228395394
541.6299285323022
543.8379633704005
538.1337446027431
517.770649775596
518.6353964380961
518.2251696006565
529.1038846499804
535.5182119140695
531.4361813274829
531.48983773927
530.9667298087134
537.897017985028
547.4137389500378
560.3157085094626
561.7399920968702
561.2685866410721
543.0851021942481
546.9298509718725
564.2406792503417
562.7464455329971
579.7796606669019
566.883318032702
565.6884117107426
569.8158004014876
561.7119057148284
560.1739931119993
542.3362940185679
536.7970705522779
536.0024677485259
530.5514919053285
526.3988666226127
508.46505018381475
506.64131459383765
526.2820129030192
534.1663424872802
538.9812908606037
557.3414973614332
544.438428211528
537.9823117775054
535.6452808115936
530.795982411562
527.1785567708458
531.9139873663239
518.5669208819874
513.2831499282017
512.9433298754553
513.1916955010518
527.8983388381482
543.7418611179671
528.4766582561555
507.56557110354765
511.55950876551265
513.225535404787
514.0466998911529
531.3777853732353
526.7226052396677
529.3428800071048
546.6321969852141
554.8436460420221
562.1550473494364
560.1430532227952
567.757326932001
556.0551279255357
548.6699504955517
562.418363382363
565.257265700043
553.5539477766227
545.8700768398996
559.4244325528517
573.9712831158869
582.4594067895971
566.0575370884133
570.9285013973396
561.479044522541
576.6353780754657
588.592835307964
588.46669841111
580.1107996132181
579.6672627344669
569.1701815456644
566.8479323048209
556.0290470409841
552.9219383383534
550.9734774231081
563.012391179435
562.3328487005386
555.3812113432303
554.1450328898586
552.92985688024
563.8318726646777
583.7231014868531
569.5145510746551
565.1112025339847
554.6693372892156
537.1270994682703
541.7546716700266
543.1579475937078
533.4582809987885
530.6531463861431
549.4095623755946
539.564352373776
529.2756676356421
516.7029966815554
519.6157061111537
531.1424802103538
535.1337969020249
535.7556221037698
539.3611187802272
540.631497215623
534.8284995542919
540.9363302913116
551.2172980809614
573.2117576660398
573.7587890911576
574.3582579880263
563.6633465816733
552.2469625956757
573.9535618873277
572.749966665603
562.7919641142471
543.86443283574
544.9309521360616
546.7324151011275
549.7791510381239
541.8439519609502
548.6051273896443
547.7478888842861
548.6930542275799
548.6229736957637
549.6478031401696
549.1241730529814
549.0628577850198
535.6142419259825
555.2061381840416
549.7604406702403
540.40509186556
538.6100918178879
520.1564691053456
521.984763799279
501.7070514405443
511.3017135743715
529.8746266860204
523.322536380617
523.3915378875665
503.8127645671015
520.7749257542893
523.825754679225
519.5332075345353
499.93816577945415
481.8343158652965
474.46303136034595
473.06610479496106
485.9114177045059
485.8318947934402
487.3325375914731
476.6767475780989
469.15002827957784
454.6876302128093
447.014082501731
455.2031893706928
437.93562151842525
441.08729671503716
441.63611501638707
442.0182301851602
457.428388581463
466.11820752930817
477.2694711905369
485.0751183928784
492.6912944586021
496.3221488804789
479.01191277980917
482.23366528338613
488.46385326105
504.207022429746
504.9601453563374
505.0711933596011
508.2270910510861
508.3124410367847
492.02936871727337
493.1282775900743
499.7485103354495
515.2353651118489
509.26125416706645
516.919270796818
507.1684872922363
504.28125579384164
506.81937911101585
525.7280594868149
523.6330384229584
528.5967707657469
529.538158076707
526.4698451490458
536.9760893256166
537.4880417483672
552.1297821493245
548.3015382456731
554.4993766949231
538.3552113946598
538.7216678052998
518.7518635522741
533.3868710408657
540.2910514812297
540.0636965663382
551.764137287712
553.9766271803774
537.9235280062811
539.4855343357581
524.0877830591227
514.1894819690291
517.7081802676236
529.7394556051089
537.9392196984905
525.1628353642858
531.4389368446818
535.5102406627622
543.429475677999
547.472711630209
564.460870678145
550.9688739902156
571.8286622900646
579.9959244174113
579.9003034016597
580.417381060131
589.7771538797925
590.003816222027
567.2870310018827
555.0304381144944
535.365603271315
531.1015873582296
527.8921562420458
539.198571011858
538.9063196937232
537.9711966704331
516.7957974885136
514.627313338041
522.3952803755625
520.7383410143889
509.2704043257424
502.867268173901
505.1516296239406
524.3168364892845
516.0171139372306
513.4496816323502
508.00612398687616
517.561161377387
519.0433611428317
498.6007188073498
482.3455018960518
467.06532755798384
469.57130695904783
469.3729791363993
466.3185175568437
470.7459025674635
457.3447812127857
439.7369106100647
442.7287665950865
447.09427002563626
447.3428660902211
448.2858698836279
465.21629320000187
468.18298939510487
482.47135563213027
476.75331284319964
477.733784264358
477.79261659427715
478.0505320057483
492.08630792801404
492.150798534494
509.10526317613414
504.5349089480669
511.6432186318948
504.22916133615547
513.7784354075858
514.1083023110873
519.6681012933248
526.9577198717863
513.5978639325114
513.9667183023482
526.2701416916898
522.5954330805114
512.4926063825417
523.5050940568927
513.8596934135019
519.2102989867865
505.2865168551137
512.2884327243574
509.53823038367483
517.1356263244513
536.5867385880669
522.5002290850446
512.8054847741356
503.06050797360984
516.2565146176119
535.7217829605526
517.7396957318654
505.10648857916453
507.619473084841
501.4292789684553
506.1014531542441
515.1170452141355
526.9047210694536
527.1070232881102
529.839286593691
517.4405925334232
535.6798654188696
516.3094999232287
513.8636175897934
510.75818683494447
501.0465845951764
493.539251297823
474.73212202035006
476.4332834081051
482.0374700606141
497.9900929008136
500.18537687492795
501.7388737183909
482.1136189811005
492.9933404624127
496.8909222844086
497.3484643246313
480.2679663753959
483.1477424798458
496.29334054589157
495.7427378778796
480.7688279716353
470.3612322045889
471.50166582583023
475.3811758199027
487.17823752969167
488.728737902681
496.97370452175574
479.4170204009783
481.6629628264663
484.1413795550586
490.04689187813307
489.68198587190676
499.209437250787
515.2870023874262
532.2734890558093
532.6622689997544
531.3724420738647
529.1715448623655
525.8576440150613
536.9288003235094
536.821075466328
524.4475091037928
526.7052053168394
542.4762263401212
536.8721850542896
534.4768204724812
533.0309280992207
523.9646719969822
528.6845640634317
529.9144220851571
523.0653903090074
509.76633469278835
505.0402614316332
494.33289691071076
490.0942708820372
483.3491680870596
497.013913039031
499.3594733905918
503.5655345061848
516.51373445853
511.1151363943602
511.3925326369277
528.5351081320579
522.2934907216304
529.3068994452709
534.6691515015875
538.5899234191705
533.9580087060502
524.8618088134912
535.210794839707
520.5285576845359
519.5245807845453
510.5518521973681
503.7263305616688
501.21328748987526
498.4668999747678
511.63830824044476
523.7581723873253
519.7362736431385
512.9380239518143
500.97361666385007
499.29618397935485
506.56049083321386
506.31238120707445
489.5343783847324
485.29937084628045
485.5212684496239
471.49551682751843
476.33931495885594
478.42567651816864
466.5652644961994
484.9056330070261
502.95576850995167
492.3702689280117
490.448865946892
494.03359336306005
497.628845779418
497.53926581074245
506.1015741555694
513.4938070191942
515.546747863864
529.9449288321473
514.0316078137496
525.7311127805955
532.8021847456948
518.4357064015079
529.6694173680216
514.0180451227527
511.54910677197046
530.5075841276215
549.4713740678751
547.9329239409911
542.1368085053113
527.5457475384562
527.4388222113816
513.3761828330778
517.240523587996
508.6313880940634
517.7915514336433
511.50640006897464
510.20928962331095
509.821439516693
495.5682094554356
477.63069504490403
471.35229978123436
472.1724201203852
490.2861674577594
472.3003904044214
474.4097682085897
470.943917150657
474.11201776748806
465.7951414986889
483.35248410808885
496.9637726805938
501.11139866527174
494.5510000679999
510.18802356554676
511.83906194024917
525.0978803292678
527.3678235756764
517.1035066045656
508.9162397967215
515.7888178605759
519.2432444183113
534.4500975776642
539.7076568211583
523.191643299345
540.9194612107697
542.5062844066648
526.3068431785207
524.468826220799
524.672912446033
512.6352252051653
517.2516157014393
518.9659456289103
510.57473639939934
518.1959377159287
502.7765611928355
518.010877513208
518.338322650099
523.5340305764279
517.2045337039755
518.0346728976141
522.8884622018907
528.0887766623335
522.3862517301084
513.6282737179988
513.3050633368442
531.3783078265755
523.3461073338874
519.2647243997512
517.859074799334
517.1671408091676
505.8835533717867
506.31631319841534
507.5990352923852
506.6350951709268
497.5101507577609
505.2275067348609
489.93837438660063
491.1334903638056
497.04254097903373
488.4930713933436
491.41098818034527
489.6634032159456
490.9390255559486
489.470892459038
489.66525895649863
498.91219960780603
490.8458454368068
492.68245589506813
511.53561492668626
511.4150786002411
515.9228164577154
519.7142308415476
519.5563986843099
504.4206886820437
497.1123504583796
511.04626868252114
527.193302670017
514.2579378683346
513.931709747405
519.3079448645708
519.7286463705095
519.8041710767478
510.534934182203
512.8413533164725
510.45591017126947
513.5420453717682
512.6153860841845
508.2908204995827
512.2379517099557
512.7502597986348
507.3384414288025
506.19523655261287
498.3376501696729
494.0463249163707
493.7364177340928
481.302736756677
479.3510378168839
473.9747393790065
487.2242898254053
488.6920552742314
506.53607705573745
493.5083130914411
495.95623772096775
498.4860593672993
502.46941903236495
490.39606732073855
496.02465907899256
496.8533274274506
503.6882296638789
510.3602807530836
527.2800740856702
527.2012685138011
524.3545294135134
530.2369843400328
540.3787806831281
541.1984663145921
559.6728542975679
563.5455959548696
556.3175066350312
542.6288413364678
528.0891149488726
541.523413859849
531.937283474618
533.4203358896534
512.146573661178
509.9509020575121
494.6831543758743
488.6652613436053
482.0670022846317
484.88979325721664
488.9634349539075
495.90861734982775
477.357307318724
481.3862443169509
482.07162391206094
481.1475975739302
481.2393504586008
483.4171055652442
478.89503217237547
480.0294710120816
483.9230167173483
484.75430095002866
496.4855112455546
495.9820236722186
508.2789952351087
498.679711010219
513.9031888695766
505.4821402557855
504.14664894320913
505.93081792695324
492.13840428630994
505.7809049109607
487.58232878299793
495.5025335563207
495.68054725864226
497.7523546309312
489.42448618235335
498.26861515736255
506.51481842338103
515.6057065084225
509.5139172849605
506.105922303589
510.06301164225795
512.1756753746846
532.1603238484659
551.5935739429074
549.8890656041498
545.2633526554334
551.5591501766789
548.7122423203543
534.8636944691855
530.2225660138669
515.7780271631165
506.9701635652168
496.7872366185514
512.9043337086866
529.0630489803946
531.1380861215148
530.2656851603908
532.5170366041278
521.0036736449392
530.056318993459
546.3520198385345
538.3364959937734
533.7408088442086
527.4112333249566
540.2487465464982
529.3111715214981
513.7427099947295
517.9156519630103
517.4170688656416
506.28010012472294
506.0300950374713
504.5921665643886
509.548170215378
507.3737296899109
512.3663308596159
512.9847111710658
499.31596271879965
490.37024996430523
495.5206022632823
496.0552485011835
494.49068163180243
505.99946831498846
516.8345233946525
520.553025008484
518.9259193708898
539.3114914073202
518.3530007678071
524.0656679957617
523.8830790096083
507.018809516135
519.1929587482684
532.8421249929146
518.513520234666
501.41360137825785
497.95495986992637
504.01985256769376
505.22456813835504
501.9453922907804
500.24432266041094
503.873790528887
485.10803573988
489.02108465522343
481.87505512342636
488.9091963708413
491.2623307291154
496.37911735865976
497.1567944837492
477.73201565985823
488.519253798212
488.6238937762118
496.12589022311687
496.7205468105457
497.0663615280124
509.8641936654324
495.92520926739405
506.4770245386752
513.8500699311189
514.2325825849014
534.0067535070227
533.93205500639
513.66528465974
509.60108042179877
504.4925813704137
513.5414749384493
503.491971821412
508.02050069909507
490.73355696704107
498.05319750690376
492.0785411240053
497.57728740222126
504.5586990381981
504.27316268044336
490.9551444330712
509.69646640743315
524.1933544628664
509.24227790972907
520.939920452044
537.1689915146264
548.6483855696722
549.9262324008515
546.9477346666321
554.2385919367744
557.2431569048625
539.2719021814097
536.3472816936414
537.7620279093994
540.3905534033911
539.6454826140302
520.4915674080241
517.1172818908829
510.7245505469541
491.9867838738838
491.2099606938273
490.1697432621712
489.75395984461824
477.63411563445015
467.65271135685225
483.07530924818167
482.80406937562543
483.1036237140604
487.51729898271185
498.875305653564
510.132793932878
509.97174416613234
509.2338758478603
508.82222487175704
497.3289976952071
478.6373471549084
489.6064740384068
495.050811251867
495.59756204493175
498.32281647419046
498.25296406689955
516.7260862457305
516.8110692898803
519.247495511161
511.4326419590541
523.66075251815
504.2646266891294
494.1395240812755
497.086623753776
500.7399252644892
498.4536768707669
495.48372854484694
479.17926826832763
483.7096632844586
491.9747904983896
502.24700952382415
493.77527771998535
505.70045579392223
490.0767313998016
500.9668340684691
515.2794947171054
512.309595270074
524.9722643096568
545.9248544109945
558.7325977347908
577.0382479458843
568.5936021258526
562.4656794248236
562.2764203815983
548.2336114121923
566.3430715195223
552.7229326942893
544.0156840334906
535.6537068164512
526.9268575850228
506.7693766120013
505.06262004714574
499.6326832304733
481.43726455504316
480.87809630330986
480.24895653434817
480.56736083936624
479.2505353991749
471.4722789196364
456.631698211427
452.3189454430828
452.18878844508083
453.0411090111232
447.87993791307014
448.1608070066818
451.72945761370045
440.1577767788169
440.551469766516
444.1901368345725
444.0509726762055
451.8521962089166
453.52993604232324
462.2885806445946
471.2934567491913
471.6080685394807
471.729574442468
470.6547953443729
463.82093035254593
479.02257170954226
487.6049101264098
488.7793933896058
500.6674542808782
501.1974781944506
496.9400542090403
489.88841735327605
506.3500357017905
509.49975233069017
507.43892002186186
525.7291715284629
521.2356297896121
520.2051795157658
524.6969796451071
540.2086027076704
535.9751842814362
529.2775584041402
519.2151030633075
509.1699744386
489.6251033773639
489.72426377973585
471.3181584424432
477.1177544750235
489.90332601862235
489.3438028426481
486.5141079573456
472.84995829388083
474.51622387200996
471.954219955156
485.69423650742885
488.77375016198005
490.8581188656131
483.25881262772623
483.3356110505965
473.37182416008187
476.5322350822273
477.1731439104685
485.9424013217998
489.6397826432233
498.408019855759
503.90209540290897
506.4390599168577
506.145603476814
524.4374207293056
518.7565889743178
506.0522241805473
508.12252800876075
505.73299975486043
504.79389740676567
503.01124628176774
494.61608170194336
491.3199804978515
490.66888547613047
487.54389230904326
484.58523108788097
498.24070253944603
490.4553861849632
487.75143647703027
491.49254793640205
491.99814246179136
490.82620405023454
502.45752914175966
487.1279891726585
489.9682085177892
473.12920498434795
459.8442556047428
463.6393581293367
465.4802788526899
480.46683101977425
497.11028213277496
498.26822292250404
501.2855090535795
501.98897581302094
515.8935956997136
501.0717987098215
515.5589783183597
515.4953465841797
528.2734993035718
532.9734435828975
532.7347199270457
530.90584069177
519.5526311354486
503.9952674180225
511.79842457861395
510.79503555757447
505.89974137796463
501.18823458299124
494.4110537715192
510.7543250455337
511.8762400889466
499.7851025951121
484.2197152158183
468.13014777833524
467.2205671436853
470.19048585777244
464.4853861581244
472.3925972547078
476.4812575847171
482.36095543685775
464.12549159724966
464.291845172482
467.5897618559608
483.2991069544285
485.5736290868941
475.2553842032287
475.4383866205772
477.64671281079563
480.95054650544887
484.9001806411962
485.79130006343127
499.68943745667536
515.8965195550629
517.6595341985126
499.3934688091782
492.2319270804664
494.93474065999715
495.7736085890616
495.98741662575264
493.5264036934987
495.26637481996613
487.91084008745156
487.50566411374086
471.2286222383767
457.2416248892148
474.24235201523067
466.0173867517577
474.70048083289583
473.6677170329263
470.3302868453773
481.35023469828303
489.6826092243108
488.12121115850385
480.5787900606334
465.9696535271368
455.8370365850285
456.1843230228115
457.7247169991193
465.1557441911045
464.85308712357426
477.993580452814
492.69942454722104
495.7593290588333
494.4868617746052
508.12636683237344
521.1057532325035
513.1514132440178
495.71423140736033
512.3694277925946
520.6366468493605
518.7685376342563
513.9751456290671
505.23112238154613
505.1584509476863
503.2100446030571
501.36024766253456
494.6695228450052
480.43684244211045
479.15599273971094
474.1227781345763
481.819472365068
467.9307983740731
478.409858959856
477.4583346479176
462.3610605769579
467.84143218378136
480.96406385326077
487.8394960445818
490.66900131712663
505.57295690999496
502.9927923523383
506.06792202146363
491.50320056516233
491.2307102523675
478.2886222910754
460.3487380204446
462.3674309375339
455.1002648835204
448.0653031372382
445.19355176603045
439.64235791998715
450.5593330337289
442.49017233969346
452.2407752205367
457.9850624326341
474.9461492925914
477.06232084099446
480.4011186915357
467.83887656604793
464.8067837152383
462.24738340201657
463.6031815939055
471.6589840473322
488.77204980625316
493.2075628741602
493.71493253806716
494.8162820012786
478.6110380907999
489.87160438667667
480.99509046122137
492.3455113697076
502.38553216992955
508.33961362006744
517.8468402897962
508.8444312193145
515.192683221469
515.3388203955419
498.59601071269697
493.2437057271545
495.9641591591307
494.40020642091014
482.55531693636834
481.7854049171862
478.7518560095921
469.92726491138137
482.75465178215114
465.9901329118099
466.6953585568006
484.14277787931445
472.26056651276434
464.5889034120419
471.350660238392
460.1353715520241
460.8363297729622
448.52421869119115
452.14929979866287
460.34459080273115
456.93699792230905
458.1049134547566
456.01025555541867
464.72697697972933
477.4693407467147
496.4406261786751
513.6388527364464
516.5829890642582
512.3969389021306
512.1711356698316
503.1258775557599
500.6520765328126
509.72331897346885
509.61913282663295
496.0168192570638
491.1886724954227
493.24794464001025
510.5455881584935
518.4149952395758
515.173212836356
499.4389803411134
495.0582109255686
512.9536765863285
501.8161958685252
509.9573453552633
504.56744013378017
500.46650993064276
519.8888055230791
534.4191302328339
515.5931684006606
507.90174065505005
505.94745093847837
498.5077500858461
493.4558765056517
481.6948057000299
470.63744944778284
459.2330858153182
476.91175888907947
458.8415844976723
459.7889231549311
459.06319323665673
475.22593802399854
476.5846348423511
478.60806283985835
481.57624317734496
469.2651975671545
469.50895233033174
471.08285970845833
472.6498045631074
471.27611931947376
457.1545502982573
469.5393855608745
470.6784606585647
467.2402266357698
483.07161877488005
468.7127418298314
468.6353553315094
472.4289846963458
480.92222735161675
481.1985591784276
492.40141010494193
477.6488469857054
462.55009095614804
446.4360646755894
439.66154745761247
424.10667355874875
438.26869973473856
444.68360797802615
446.1733282895563
448.77113722234185
444.73733439711833
450.9940169038731
451.89472594077245
458.7514671294853
459.86446492781226
460.76230906921165
465.20832149485364
470.2972652300328
457.6932221944318
469.5348340742238
472.5131228221419
465.3993217384943
480.33036264501953
486.1603607430542
483.24542210884175
482.902470718328
490.4935884639249
489.6229943336688
506.31500773429104
496.5901787294604
484.6899550913705
480.95393107384285
476.0625789605193
465.9786613322153
460.5798105631942
452.18408011802944
455.38176795803514
458.0669653788426
466.3005728819143
474.33229016105076
474.6939978709053
462.9930213555282
477.45503538978494
489.20230447258115
490.509897557524
477.7222123751911
485.35636216585107
475.03003657324757
476.3937045517353
490.7923985427025
495.86063988233315
501.813017312953
503.9334839228227
504.5803584700146
503.82937548530623
521.9752785584801
542.6808306733273
532.6416405558494
537.5223943588179
536.8703498205973
518.6492433183373
500.7257006162636
500.12989249793225
500.5320927102545
488.9863935985687
483.4812557824146
483.38927465294466
479.9685965253583
487.24876534238297
483.9102583265406
482.7570094618425
477.81522220858034
473.59827827453773
459.76801079009675
461.2212385887265
459.30762216790475
461.0916612880871
455.3587772223549
455.5304912703975
472.20105225265036
462.7133731808622
477.63988097523145
495.0924100512415
504.7000296444597
500.79702701177627
492.0132273679747
473.1592979616567
480.3301644747278
488.7345525050281
490.07713933604794
488.017261408165
488.8436241235909
470.93751481835295
467.3554610684953
467.05539719089626
480.6056717635075
482.8439757358226
484.0023311893459
486.48387359135995
501.2518800855152
505.33253776137263
497.3449216091585
489.42572559658686
489.3598526893332
490.5329036398782
489.32971168372217
487.1874576185406
475.86739125893496
464.40929695422034
467.17897649823993
458.7000344317127
446.89722692648996
447.883344384528
435.6991584036155
436.597316914053
435.42584607375267
450.5555645080796
457.0222795873414
456.5107379657897
465.22732818813944
461.5940948003021
469.4337845988501
477.7685176847569
492.1005709555583
489.403990505132
508.06911720645155
510.54698391686094
519.1254836708664
514.0892601100367
513.8898026344906
506.7536732491663
514.3548998418744
512.1154804129717
507.774499733958
507.0382076780459
521.4569544555246
517.0208102843037
516.205644942598
500.9320968196067
489.72006211546113
498.4019984937745
513.7396758960463
499.1399162811122
508.62493917467947
513.2868530699069
503.70851890261883
495.99740899064415
477.7288451687986
474.37862650450364
477.07774690276284
468.81132949152817
461.15428078988805
460.24612899519184
459.34793699133894
453.3385256102479
453.57075127218104
463.9050287056747
481.2264451318615
498.03707992769006
479.0323903765792
483.7785445679421
488.5984157825901
475.60100424926867
473.0170876617816
459.15100628713816
459.8056746957205
461.13239606112353
443.0683912318525
448.93745873542923
448.361214798011
454.9508103453046
455.7553053030102
467.4257489011352
468.5533165681976
469.09618466396364
470.1329975758596
470.4049491689262
461.7147799604178
445.13849203583027
445.37860524237783
