4 0 0.0 1.5419774922213683 91813.47857153625 2.55
604.0142231377678 588.3477601865181
592.5787888555586
572.7438413074933
584.0077934506365
589.5015219184505
599.1401274264975
599.2054894378894
577.8390152939428
594.9940621919576
594.8747323607471
591.065077378816
599.6122414624886
592.7864767303386
610.957435229143
608.0402938327079
613.8971068827404
619.2427932735011
624.7618743385533
632.8481657115029
632.928793329247
650.8419885535453
632.1782686942536
611.170965478236
630.5230400282607
627.5639971611358
609.7719070196633
611.6478394187353
605.5456431954727
585.7514818315825
585.9515506149943
570.3360111759886
569.7342006894609
569.8587388674928
569.4626526090676
563.2674736224501
554.0814741327797
552.6971460660035
561.4874707479395
561.175385192923
559.2776819114634
569.9550317762801
562.1655380408323
563.7337419892046
559.1713147261427
536.9397706442861
544.6354376423436
550.9733503241364
545.3515079300098
545.0993917095283
545.7680970733414
548.6155129415516
554.3600398786169
533.0549715183079
533.6592042820773
536.2850692859823
537.3657993496195
540.7926175256432
553.1767111152872
554.6004067897148
562.9047954237511
568.4687999419482
570.9838585896091
577.4987375036857
594.814800819482
597.8737836084404
600.0012377348448
608.2094665506598
615.2102343263681
604.787242411853
604.6671156739179
589.2941929289134
602.0721085647352
581.671760463387
591.7569115387126
589.77068666153
576.590614926965
567.2061129508
574.8784179176463
568.8444600643256
590.0703492943151
595.4890737005172
598.255715668132
621.8588360103697
609.583685023444
628.2329866250358
634.2795153599511
646.5942815579916
644.6119779747136
641.7976410093976
631.8780249199864
629.205345040156
620.2866134214031
601.6841998985266
579.5104867716694
572.7205226929186
569.489131243459
580.5449730259242
596.1385951209763
617.5170870800494
607.6639002028734
624.6056040908963
636.6270827873994
622.6784439398843
621.7722602215616
602.5714796922066
598.392757587971
598.5583256422196
618.1429031217393
617.1909823002549
618.2380420595996
596.2630992693299
595.2056731790858
598.5367282949895
606.6884921061454
606.9757107610096
617.4433586352252
603.7993894809381
615.6459948566313
620.4547809497824
620.344914576155
614.8931451990562
623.7321287855864
608.7226612306888
593.9669105580188
592.0734049353664
582.5069574020321
589.0491565071436
593.1149283776056
589.4782233623922
597.7907807016327
588.1880673392949
604.9999865315528
619.346772630463
600.7312586406472
599.1206454394444
578.4425104422875
567.7339353073644
569.2465893706865
591.4736457996808
574.3206133075189
571.7821449803939
563.6430089594833
564.002171414574
573.8052393395001
574.6574017631293
575.1672071006946
597.2446591884425
579.7717743565166
581.0077936629608
602.8066237516555
584.5567948402286
571.8877987655653
571.6254070155263
558.5549684222071
573.5232440542542
566.834620955276
559.1556878704939
558.088076573413
557.1478546762991
566.375965008757
569.9787541016943
577.018676850455
555.8431553058414
574.0695764537161
587.9110214644132
597.9120688157918
607.4294842672458
625.3769796602438
625.5987213003059
619.0284788668514
617.5803355237501
641.428269990673
666.3853856072845
655.9195522681069
642.8746961775996
620.8761352059935
601.5941565332726
599.7131702394723
587.329898684225
586.9233207633597
579.5454219772546
578.8628590787272
590.2900847408304
612.1555836349742
610.3413211432554
602.8458467314032
590.0285495374274
599.6588645801464
590.7200545099507
590.645007197281
567.1940778544435
583.3400868832716
606.1375548249271
599.8188211139693
594.080208700015
600.209968280338
592.4840056511865
587.808856830771
585.6545933637698
572.1225010574049
569.0070354005904
554.5223183912577
553.8577679608306
567.856538037693
586.4019055122883
582.390863791754
586.8108437044865
587.4071034718838
587.2458237363855
599.3381205811712
605.0447771651461
607.3759047777213
607.0430366912983
604.2265818884173
592.3638089528251
593.2507870119531
592.6570068182065
589.1736645591255
609.6551182504669
598.5650035479695
601.0769397889349
601.9110543173648
600.6999769123538
612.384160612013
599.972275827112
583.4998660520521
583.2882270292002
563.6587458019694
558.4480617496531
558.5707363013083
536.5268828201735
543.9717717623516
529.5340056483811
532.2174051260711
526.5538398061047
533.6837156680257
548.2850874392794
556.2961029883933
561.7302157673331
571.0764286114929
574.7227486449475
573.0920269140646
573.2040618887861
574.6195736203708
591.9598790773817
615.5025030247516
601.3377913054532
595.2803440376766
609.0757729396285
606.3146070710412
617.5647313491938
593.8321565932623
594.0262154259073
583.8475071687299
602.6456078047443
582.1957867660274
581.7286057247891
575.0534453830779
576.0716604037651
584.3174577082696
583.8575779534381
607.1651652562657
610.2943840840067
607.6348244878711
607.7391742668783
622.65034120813
623.2638683737275
645.8542720086032
626.4031390371074
629.5395487534084
628.5685024635313
627.3041929214907
649.0927895448737
626.2363809217278
638.7100309367883
664.2918680256414
663.751161773251
644.8428212902687
651.8347690407925
641.281451507219
641.7962791813467
619.1189011167014
606.2080050712764
615.3466604252992
603.4481777336438
581.3214303027247
578.2614178678348
573.9561699450807
573.2518866934597
573.8574828870641
567.0096523054823
586.810888706368
578.5178913198922
576.3930949590258
583.6121347978724
580.7990767154035
565.3133185821972
567.5621858370241
558.0851834836174
559.1204835617324
557.7984272949902
574.5979768028895
591.287462570213
598.5065725554113
608.17638163546
597.1010604560515
584.106120490966
585.0751070226029
562.3619511798049
574.1889099917216
579.9560969898557
601.9486787808783
606.4238211278581
605.7975325139524
604.3446824210923
608.3413050900542
592.3564200989579
583.3148447145066
570.85778589895
571.0330493707119
571.1341683966353
575.935080216991
576.0990408791188
591.9474457549945
595.1147088979923
587.7900705868218
590.2357226032616
597.1182900309668
596.9703570820157
573.6050614937728
559.7265484125473
580.3052034119862
598.887507960916
578.1256307307262
564.8893806374464
573.7539877746234
579.8352702555297
602.6169706351554
609.171835978051
592.6862478569165
603.2232660665983
604.8702390943614
596.8656302424614
596.7644594429538
577.7141815840153
562.8297662470427
575.7077221058289
565.1560904699995
572.1137713248788
584.4703165203452
584.7787421554502
584.9362526040233
583.860235288884
594.6192234528781
608.152259153352
604.2341687343337
600.4495364705084
608.265090681013
587.967806616501
570.0238014738376
565.3561408291283
552.4015007441182
560.7823475949524
560.6712924155928
549.2552290834743
536.1397379894362
537.3910862299681
524.2684263831338
517.1269911894818
533.5330848221032
515.3155298184266
518.7551322544987
530.0042701978651
545.019550900908
534.3541082343061
534.6541871753014
515.6040527803658
534.3220040201778
550.3125594154204
551.4564654489903
554.6783649565728
572.996385184153
576.2531362661551
559.477230709583
560.5625550003153
566.0895965999123
568.3979515901384
557.7883373062825
575.219476035502
580.2432348814809
595.9956676134375
618.6092251805466
620.0244055011724
619.9412341170915
610.9542455498295
608.8120639305437
593.7856679020996
582.7887739767735
562.1302042238592
550.0935306879239
570.9105088435085
575.8580053137324
574.4238767639945
574.3046142116482
589.8394838534244
600.5673257622352
584.8946167409275
578.5223711158519
569.380114516851
586.9231293085529
581.2513599803773
565.3592526761923
544.1906155483227
564.4221244163808
570.1255837916144
547.796412869237
557.5434713174733
570.081401236861
572.97750314114
554.1443203332034
575.3319993143333
556.2181324228756
572.762631669095
557.9075685670256
558.7391960689083
564.6272667997579
565.13701961725
576.4233443560511
583.0416272699813
593.5387719483696
581.429709616401
600.1733303833702
600.2373418964057
576.9103569702502
577.1947898964072
589.2596295646453
586.0535841357824
587.1119168196267
588.5920395150348
586.5122288769667
565.7697354277893
548.960193499008
547.5933580723294
548.4505963482019
548.2685141670034
548.9282531367452
537.5203839009952
548.8564857996008
550.8798259655575
538.4676029815407
527.0350516893172
517.6938798171902
518.5060496748109
499.3975451042054
515.4045552555051
513.3002102394878
524.6264728210097
518.8301182099784
524.5325014911531
524.9254726974581
525.4738945849879
529.1889646651291
535.387012546336
536.3814385358288
525.3472036334211
533.4003873708061
537.2979832410022
545.1643322930233
558.3510215332261
574.5501425370826
596.2039664055351
619.4175818553807
638.6913729247779
651.4148230366159
650.4236303504113
634.9863945075678
634.2155000941785
613.483708646673
603.8879029005292
601.4757505172669
596.8003863460393
591.1621994238908
607.934491530611
601.4075129444504
595.5331218823354
595.0543091405679
591.4225398705446
582.0025502460957
566.6187610594857
565.8908555734723
555.8304275493704
555.7720721031708
562.1554017893558
539.6382261454238
524.0079627787502
514.0146306221471
514.3769589434897
512.0406216192645
513.835274592386
516.7824361678558
516.8431268287588
522.0669807942228
522.1194004444609
525.8413167477295
544.3152237263171
535.4763857196031
537.0963380266579
539.1244747125999
523.5733850348024
525.2794060800001
538.7885363464045
525.9303727514714
527.484851338083
546.1667685025076
548.4456713292751
550.8280233161771
567.4306248565952
567.8560196746846
576.1216945097934
576.2285351320352
580.4395625331649
565.5487913510981
582.393133141094
582.24616324711
571.2717374008663
558.4990278883688
553.9330712751866
569.8661052411846
555.0733296407997
545.3801748970952
541.7064111362562
539.1925974596006
557.5905131857112
556.675019120147
536.6928034222917
543.0148345686081
554.2078579500834
569.2900068537763
556.7360669657189
557.2168106035757
564.2859064627282
565.5357918068866
565.4161545942252
574.2465928739136
572.6948174083808
576.3671524894742
580.3936441055658
567.6272582585493
565.3751524364702
573.4218542086136
562.416274263331
566.9926281774241
571.7710924760695
574.0126209967617
575.8838407783064
598.1670384726332
590.8288188903451
604.616173602499
606.3005910138226
606.1610476434865
610.4112234568513
611.1762170503833
610.9473205944367
618.8771184509369
626.4988964836906
638.7258856587355
653.9526650196835
658.7865717165257
653.7563659554617
641.2299040108978
641.1422909956556
639.028678796966
625.6294057489545
603.2354005162028
585.3042412474733
607.6079522089827
605.7952594474517
609.822521409038
607.2162686502244
583.3388676699662
580.7700232517609
569.7561428382621
550.8152633026986
550.9214996861012
561.2261926565122
559.0779731669787
547.6008482433364
550.1299771114757
555.4373906515956
552.3152010390972
570.8211703231548
592.6553077093218
594.4091330071653
597.9385441448087
602.5272921616462
607.1484574663976
590.3200473422959
573.1703164872798
571.0934050048622
570.3170897965047
549.8237275484289
550.6168435466799
552.4317086344297
553.5388051955637
554.5809855392106
548.0361760765538
546.9712542152998
533.3154990617473
550.9816823097858
541.3230828973989
524.6643423252966
520.885180180185
540.0319938947019
522.9230898737391
514.5367751045575
503.1708243940759
490.58507813528024
489.38255328886464
488.96921488853155
508.08340367135196
494.346460714943
496.94656277468965
498.9879125611215
486.98342556910114
498.19437340963975
500.2648583446361
517.5014605457316
533.7960794998669
541.2311333930251
548.011476509142
550.8941664885489
551.0192745487881
557.8574701179069
554.2445306283199
567.8060533781982
564.2836120445683
584.9079480362733
581.6273417091958
601.477857762633
613.3580687846479
630.9073781025556
612.518611918209
612.9048923619276
607.104812790273
615.126777656671
637.6855248526433
630.6849598069078
612.4265736477768
616.2155348234933
614.7057103651764
638.1553308605502
643.5347936645431
632.4955939193737
635.614758287608
645.0778230367963
627.4992672574155
632.3927930774046
627.2994096022193
643.678258556113
651.4602632731181
670.5018524933538
685.0155914847538
661.8439129118419
672.4053144552856
653.710297972105
653.6422793234412
654.1634431257265
666.12019259246
685.0321103705054
684.6261309715384
672.7214746764806
671.5794361763152
656.0030299183769
652.0935125916342
651.2881913611201
643.580009734527
635.941539321054
624.6795103799333
610.092150935566
602.9491928538629
602.3321135756299
611.4554988666677
611.8592610191924
592.61987862643
574.4278081677119
585.9699485895926
595.532900620722
605.5209286342514
610.177067968334
586.7487405107278
589.2749547239727
574.8887202463472
573.261389260865
573.7004757582746
553.9326589453165
552.7863557450603
562.9340911303958
564.2793497383566
574.775846634582
576.6790207841128
587.3440822571412
590.5360541014154
582.0654886060446
563.7132692063705
573.2960223575307
580.7184064396367
580.0006030289434
593.2738443514463
591.4265178550065
579.2700280947546
588.9379288285625
589.0555103145747
592.2274266914909
597.7108993760231
608.3225558902077
600.8990355679294
603.1100431584754
602.2314848965193
597.7103321589124
597.6420625568076
595.3802180155125
575.071150687349
567.5876239910647
571.0210451692353
578.8827866930285
559.27338583093
571.3666859487541
571.6418581042495
589.9699497509886
607.145207236721
604.0101319071837
591.1686493870851
595.1631423695854
608.6971948034363
605.6240793807336
600.9121408447481
579.1683629714197
600.5886713473222
614.0764919191142
613.3874884640437
595.612505594675
572.4319142161406
574.0580627593162
578.412088731435
600.4474389114997
617.0026001244419
624.8341680356914
624.7696831828965
629.6139107796267
628.5726319693399
624.3377806105855
616.7219797607623
596.5292931433003
576.1040684565005
574.6791088830759
556.5107198246952
556.0252329109743
535.7949065469517
531.3681271863983
547.1538537171573
537.5412432365383
547.2552284251274
553.8678432209651
555.7741565353787
572.6896216719826
592.9234907473817
607.6890869170752
598.987290996899
583.0036125924006
580.3545171463927
602.063673946573
609.3101005323915
605.8859157070935
619.1396492362261
623.6977969015257
639.1002153064217
629.4392647012921
652.4298959111724
651.3577721470559
646.0650561291736
639.1819170804789
622.4249784594429
614.4412530053304
592.5550231323183
580.6498352892664
578.7071901911968
561.9370275131026
556.9349027164112
537.7242720950464
538.6746820741379
540.7205742842903
520.3208925728889
537.8347024740189
523.8003370829185
540.0203812966786
544.4374790830967
549.0907128677597
536.194508738502
541.996476613734
546.3213175867448
561.7442112109841
565.7255382316625
569.4330532233998
570.233712998804
571.1247419167594
572.607780064258
580.0116077837521
583.356147978429
588.7554410644246
588.9005241252125
586.6258666413255
571.0570268920239
577.9071537253609
587.565181772354
606.8863921657617
612.7632117901861
596.2527289442019
580.4630554814354
585.1840672163536
581.1222015840307
562.4334378608196
564.3222743846399
569.3340772927293
570.1322068634125
578.4077843858646
596.7014262064898
600.1924261644898
585.6408237203398
569.3124856524842
562.3320307710541
566.7961254841762
560.4095374845941
555.8327604094019
571.0956223787599
554.0017632805228
543.1713201293212
544.2019762016921
536.1919340544654
529.3047009558198
530.9033349821742
523.7391190885137
523.6143904678435
524.2424870613467
524.9365453551571
539.6235984928796
556.3591550588553
556.20400787057
565.7779122182048
586.0680363704805
600.5341139104861
604.9083725500532
603.6765473102306
601.0671786087213
620.3246387654095
636.2140190520976
627.6546764548617
617.0833722400552
596.762699335011
611.314654470765
610.0844014542469
604.2738327569241
598.1431253326724
598.5630915343663
585.437032560739
574.8280466235373
565.0550990973114
569.792896422967
573.6390628670312
555.9102025325843
567.6269718773297
579.8694724632777
576.3400651159053
572.5860583671094
573.666213175219
572.9939616777856
572.1366173698543
568.2937937956592
551.6526506222798
536.7361361611536
520.9088370234379
521.7122377621148
513.1784893971061
514.5929294735129
527.207696476916
527.5459378030795
528.1272700932891
532.5869675101982
550.2792319121937
564.074548477566
564.8510878583453
566.6178232595718
545.2629698443233
558.781379738678
537.8591231911591
543.5326741423049
557.8792687740821
561.735655779426
575.8682680356748
573.2333342167583
587.2220900648352
607.6313488655768
589.491600302056
575.416697557919
562.553046668741
554.0419398470397
551.0093569010559
543.8611596902575
558.6871966175592
537.687502236167
534.1801401716094
534.0495616478757
532.0878833026198
543.0757915113174
547.7121376886621
545.1591261781159
546.9473023278255
530.295383475859
551.1752086240718
568.8562312911795
555.0547463300679
567.4636978684485
563.1521812346575
549.3441358267027
562.0663107022199
578.2685472927475
592.4638185185124
585.0349679714014
607.0106272594284
606.1972298722416
613.5445302345929
628.7536852723169
609.7588751378842
612.3591321280818
590.8891567038775
605.7314965139597
614.1424865873871
616.654490044848
615.6739352114594
621.849347128638
613.6510428704514
631.0112473060614
636.1661829525545
614.6154549142673
612.9921612314026
604.2396330600409
582.1104566088085
582.0214245293685
571.8368362196179
571.2442176656344
559.9693558296727
565.108054045753
585.5098713759646
585.2961673690552
564.9745544180184
573.0598326787992
554.90624306606
550.9426568150242
569.6588364301056
547.0206022710961
538.2208064631562
537.3812879316823
536.0055337571921
515.2234346807136
519.2374159374748
520.2201021552979
520.8366581432273
523.0798852065149
536.9792943721401
551.2775396542247
549.2166610485503
554.2174602787724
547.2136965462016
539.1259095944914
541.0898437779057
556.2479062814177
577.2844396216285
592.1423999088488
613.5379932044342
631.4151908198162
609.9130306011874
606.5101092042293
594.2978433418408
582.4839116166863
567.271493726735
561.3832665844872
538.9497715591946
555.2639734231794
555.5767350508952
561.190417470494
561.4207900020854
562.96948801489
550.4646401991471
551.8585149135
573.6521730832395
591.23406019832
578.4990822789579
577.9100212381946
574.8676594029212
571.619864675558
578.5570093190606
577.4614176079351
590.2158503732633
573.2185561997934
595.1344543420065
586.3361145877129
590.3871527513567
570.6323498484868
585.8963800004468
589.4570572523304
606.2981529648237
627.4891337417823
627.2927287335565
617.1737605292334
605.1706848906716
600.1675686029478
604.4041333350657
603.046791522263
585.3580562355885
588.2206091589978
583.9686573625045
581.6333832172643
577.4064021789056
577.0156457363433
562.0734752073046
555.3589573708014
557.2493899396163
558.7674820240888
578.4397928887145
588.9719263715491
572.0635857361025
580.1638418525152
591.3763836526833
590.6868665012436
568.7644358594979
568.6926360478238
558.43534431578
556.2560325145545
571.2062390902238
563.6927821136259
547.4503035183964
563.5176372790959
544.4689980507468
543.8984310944405
543.0370108674579
526.1509538593858
530.2479322965581
550.2504513258468
553.2867212777455
575.4029575390136
574.7543753677047
588.2055625927842
607.173967875987
605.9251195947065
610.5643438969788
610.6575995072036
607.7093666334638
618.9093763419845
617.5403970236925
641.0291896028947
653.6896231074691
668.518488007656
667.3889867063543
661.0748011306011
646.1874525170085
632.1896742564762
631.6696166292647
626.9103610370153
614.576000171202
613.2855658411993
601.7386925578647
582.501251660865
564.4355191299009
586.134143448274
584.0407568305434
591.1537474522571
605.1122630887835
622.6308613235991
642.9551447800775
633.1979771525406
632.9111288097079
624.4381362003401
620.0421820753511
605.5530058036959
591.4330179886664
572.4818521342672
572.0740256859955
552.4733700895324
555.2959086501371
559.1018954398942
559.0102955464986
577.3811470409969
588.6460830421032
594.8767268487379
606.1009835060715
609.7634599977191
592.4065984375954
584.2167442490198
585.4237199554603
603.5425409426005
598.8167244042481
596.3728837749446
610.0554635050597
588.817826924474
606.0969050834904
619.5587296386966
613.2454973771268
636.4906513724544
631.8031366114278
630.5880648237033
626.5164041461564
625.7494805701763
622.6658916462976
614.5121578937616
608.5221301910486
616.4360339977578
616.2390837409625
640.3162320587103
628.2484966567777
619.7079905066682
617.5135809779962
622.6405253435753
623.1807690198781
640.3880352776338
646.5752253766882
645.9417859869386
641.6432418491452
660.3582599008628
652.4413789785785
662.5721804393534
660.3064634019036
680.7113465555933
677.3872713094256
657.8517332489286
651.9097675296495
647.7118473111976
625.9628475133046
604.5951243894555
612.5239222106852
591.3412953103963
614.5362239199605
600.3612647936685
588.6719232656735
586.9226145167448
603.6139519303052
604.4768687522336
604.3286093390104
608.9076877069656
614.8026145867639
624.5294957372392
625.8256507176792
618.33139118935
623.9287350491084
621.8988084960291
597.8766577720777
609.3842908468495
624.5014351093708
630.991434482396
607.3065970535558
628.3195916845546
628.8790736966099
617.7795410382482
614.3708719728334
612.5007960704119
621.3470011813199
601.7838457723008
586.2714220864608
595.1110753846485
604.6449336014696
601.818170811772
612.3953418247999
607.7033387577769
628.2369743424352
628.0647450941196
627.9153494830153
617.007282179116
594.1590463418142
570.8612445275356
564.7493816047219
580.5737326477391
572.5134630405104
573.6292373504091
579.7265227840066
587.3352639947624
602.3211971616548
582.8484601456225
585.9341952170745
587.968817780399
568.0003525874098
575.9495690993244
591.8764123100594
595.7372276008537
576.2291310898834
577.9609632430904
600.1460156119455
592.6377036085587
593.996038265082
572.330213258941
585.6789816832261
589.0523710490173
591.3924842332385
594.5865477743492
583.5199851346767
576.2890820485708
580.0566087141132
592.0018448129752
596.5118077484068
606.8640889423558
605.2098909341753
583.4592725141969
560.8832861771853
560.9464812280753
581.0077549850664
597.4446490281503
609.3687374585194
607.6959912071243
601.3464129060437
590.2337088670848
591.1287316280419
584.8563146693841
607.9069936797567
593.9672064121138
578.329412189255
592.9987938297528
579.8487469512522
584.4770091962087
584.9571410415699
601.6866422566859
593.8384027370031
599.4449601376189
589.8783646055168
608.4303929125416
590.6104068273829
599.8128924859672
621.3527210292749
636.3246359894865
626.1286334860879
608.2139420493335
607.2198509069184
609.9594608411902
609.2771041034671
589.7270998445316
567.0578423080113
567.1439650995652
572.2797335986446
563.1435873625026
580.3592423731919
557.2027671675
564.9714087137405
577.1194398671468
579.268637617337
584.580764623811
564.9729672919885
566.2461735955693
573.7787676877207
578.6251268677662
579.6503827696375
592.4636031119653
610.8187351535516
621.5092723212658
626.1238004109055
623.28063080981
632.1024377573262
651.8424666096237
672.1410727952682
676.3047090165302
656.2284735496919
655.9359310469813
681.5896147331223
656.9165017727854
644.3386251256372
646.7060414833498
621.39834438592
619.114436558944
613.3225432602387
610.561093540383
610.8105884466733
591.07387325016
579.6842978649283
558.8845567271472
548.7959205402844
566.425683825869
549.4008218104776
569.2620079063919
574.4400627724084
566.2875785743539
575.2395499914084
575.7596699135132
562.9373192695443
565.5384957489764
567.8653742334621
587.1039114827405
594.979044724371
598.5397472060929
610.9568317610248
631.9648142666124
621.8582608607014
622.1720773798429
621.167944234252
602.2638386317881
598.0510386086593
608.7890353365423
600.9062263570552
590.7806514410144
597.8983804775768
605.2671420134408
584.9607396673199
601.83942866674
599.4071015678817
590.282988099738
598.5026174242416
594.5559886953902
584.2485771740248
579.9464805048001
581.4431694548674
581.0043408221892
599.8774396939097
600.8661156990448
610.8562762065202
611.1660487976908
611.8237110352464
633.4943058602244
649.8058267597557
631.220164764786
609.1744315741722
633.5741970988656
651.5284253687014
635.8257667514564
627.5478027961191
615.2483122173621
606.5335795670949
606.6082770290839
583.4271659635452
585.3268041339518
591.7616104273917
589.4147960066185
607.8372984951908
612.0521984929745
622.1671710277101
621.8874081207299
624.7426908780404
636.3910876206643
643.5915667907105
639.8049479161825
637.8440448191927
637.3760311451382
654.2018473158494
674.7573383480207
672.6582138869994
678.6290858935067
663.9389137177944
663.4528515593767
648.7487275205679
641.0825040176354
634.9697692461026
630.5258323811897
628.9146241666125
620.3478338963836
601.2226793000625
600.6531644101974
599.7624559707144
602.869312269599
603.1743399455441
588.5166134693138
595.8790282276941
595.6163396785956
586.0778587538964
589.8141596234346
598.8959836872309
620.0279003703581
621.5565330456593
599.4859189922354
611.5332947968891
627.0477416295525
626.4269550140139
633.2433217979786
615.9084701759125
605.3829713900103
602.8097157612311
601.9237160101353
600.5680833691337
613.5350883674645
628.2931801295408
626.7282826993955
627.229213409131
627.3444137432531
626.278470738094
621.495284434483
607.0963020710147
599.3055808936357
599.0792342451738
596.4914241271032
618.8415902821422
618.3164190373271
613.4038098359879
608.7388688698327
607.4498469028404
610.9533808150671
622.240913370745
623.5918166439355
622.5992564578374
635.8450598093082
660.8182520401664
