0.8147494985812165 0.7500013401417103
0.7500013401417103 0.7599656954637186
0.7599656954637186 0.7617914022281699
0.7617914022281699 0.7696733188620153
0.7696733188620153 0.7381305362642594
0.7381305362642594 0.6804644254241169
0.6804644254241169 0.6848044580717476
0.6848044580717476 0.7272783671494987
0.7272783671494987 0.7320429771729152
0.7320429771729152 0.7785855129018372
0.7785855129018372 0.8139589718379355
0.8139589718379355 0.8030252216039774
0.8030252216039774 0.8659147133807032
0.8659147133807032 0.8655535521949177
0.8655535521949177 0.9074489822721097
0.9074489822721097 0.9564554403404653
0.9564554403404653 0.9408320240400135
0.9408320240400135 0.9986281556398817
0.9986281556398817 1.0031314255644885
1.0031314255644885 0.9335528889327663
0.9335528889327663 0.8722036784360321
0.8722036784360321 0.8709039532767512
0.8709039532767512 0.8876401466200617
0.8876401466200617 0.9026328131306186
0.9026328131306186 0.9128395255356798
0.9128395255356798 0.8413324352942235
0.8413324352942235 0.8534332685860235
0.8534332685860235 0.8837945830673023
0.8837945830673023 0.8899943446936867
0.8899943446936867 0.9081328427999872
0.9081328427999872 0.8926052418876336
0.8926052418876336 0.9015677097626127
0.9015677097626127 0.8430245253052218
0.8430245253052218 0.8138048349140582
0.8138048349140582 0.8162765147199793
0.8162765147199793 0.8124495896842072
0.8124495896842072 0.8572943052507834
0.8572943052507834 0.8824972313658901
0.8824972313658901 0.888207911735136
0.888207911735136 0.9501918729447749
0.9501918729447749 0.9500806494127931
0.9500806494127931 0.9695543903554085
0.9695543903554085 1.0044453585296447
1.0044453585296447 1.0242071822358985
1.0242071822358985 1.0223963505149105
1.0223963505149105 1.0021107038894839
1.0021107038894839 0.9961339112696551
0.9961339112696551 0.9930228210562686
0.9930228210562686 0.992805473672887
0.992805473672887 0.9227965792612945
0.9227965792612945 0.8721693943584221
0.8721693943584221 0.8649361902866111
0.8649361902866111 0.8446803154291646
0.8446803154291646 0.8643269943181329
0.8643269943181329 0.8851059968460518
0.8851059968460518 0.8925039181604101
0.8925039181604101 0.8568535505859977
0.8568535505859977 0.9189370897998345
0.9189370897998345 0.9498230223528152
0.9498230223528152 0.9988658794943104
0.9988658794943104 1.000323235906521
1.000323235906521 1.0205735930792865
1.0205735930792865 1.0767519205533587
1.0767519205533587 1.0743878520886443
1.0743878520886443 1.025935007567906
1.025935007567906 1.0120431274300865
1.0120431274300865 1.0459341406665328
1.0459341406665328 1.008069250863644
1.008069250863644 1.0374886183336889
1.0374886183336889 1.0373759311996964
1.0373759311996964 1.1138536457767891
1.1138536457767891 1.0843489919032046
1.0843489919032046 1.078384603196672
1.078384603196672 1.0386010806934423
1.0386010806934423 0.9804568156133922
0.9804568156133922 0.9769595496226177
0.9769595496226177 1.048260966153754
1.048260966153754 1.1267301943311196
1.1267301943311196 1.2007655901772674
1.2007655901772674 1.2199754123956545
1.2199754123956545 1.2242798386323617
1.2242798386323617 1.281862810291994
1.281862810291994 1.2572960177126589
1.2572960177126589 1.253292795659314
1.253292795659314 1.255792395713367
1.255792395713367 1.2556498423245843
1.2556498423245843 1.2224403741067746
1.2224403741067746 1.2227916127573693
1.2227916127573693 1.286546951487551
1.286546951487551 1.28160416109757
1.28160416109757 1.2857529431821217
1.2857529431821217 1.2215278802564637
1.2215278802564637 1.2209833130202965
1.2209833130202965 1.2971752942610038
1.2971752942610038 1.250019174520609
1.250019174520609 1.2484527642403984
1.2484527642403984 1.2420765078343414
1.2420765078343414 1.213091962776879
1.213091962776879 1.2119021901064295
1.2119021901064295 1.3087392054316407
1.3087392054316407 1.2811033622489467
1.2811033622489467 1.2321213958754402
1.2321213958754402 1.2178910473541738
1.2178910473541738 1.3077754532003978
1.3077754532003978 1.2715370218927
1.2715370218927 1.328691392308096
1.328691392308096 1.3355465946557468
1.3355465946557468 1.2813125845439286
1.2813125845439286 1.1854194065133368
1.1854194065133368 1.1584015357733923
1.1584015357733923 1.186435738524171
1.186435738524171 1.1912071881000723
1.1912071881000723 1.2584047899376283
1.2584047899376283 1.2854460464756516
1.2854460464756516 1.2892436538435603
1.2892436538435603 1.3218336881109245
1.3218336881109245 1.2596284651653626
1.2596284651653626 1.3040159000260814
1.3040159000260814 1.2801055489952238
1.2801055489952238 1.2790463436342547
1.2790463436342547 1.3230571025190387
1.3230571025190387 1.2556377607292912
1.2556377607292912 1.2405381110483764
1.2405381110483764 1.2334845798340213
1.2334845798340213 1.3272565676816106
1.3272565676816106 1.2801454185896155
1.2801454185896155 1.2545109133646724
1.2545109133646724 1.1835393643703824
1.1835393643703824 1.1836833674711467
1.1836833674711467 1.139881708585428
1.139881708585428 1.1956379118125715
1.1956379118125715 1.2521481547182176
1.2521481547182176 1.2585806108784745
1.2585806108784745 1.3491389962137192
1.3491389962137192 1.3627192322551815
1.3627192322551815 1.3808274171750428
1.3808274171750428 1.4338291954817521
1.4338291954817521 1.3755282013112944
1.3755282013112944 1.3128482476576964
1.3128482476576964 1.2486064902491407
1.2486064902491407 1.2894185665940154
1.2894185665940154 1.317889911953739
1.317889911953739 1.3929607822508878
1.3929607822508878 1.3662558923214176
1.3662558923214176 1.3567726181644348
1.3567726181644348 1.251068351179189
1.251068351179189 1.2065753445404481
1.2065753445404481 1.1165577698509996
1.1165577698509996 1.1373929243509315
1.1373929243509315 1.1156501555139313
1.1156501555139313 1.108606182105972
1.108606182105972 1.1010888650373722
1.1010888650373722 1.1033431920752605
1.1033431920752605 1.0571783135505497
1.0571783135505497 1.0593082701446745
1.0593082701446745 1.017710313023224
1.017710313023224 1.0260084668370801
1.0260084668370801 1.042527557843466
1.042527557843466 1.0522345691985768
1.0522345691985768 1.1155742702431197
1.1155742702431197 1.195846207055406
1.195846207055406 1.266965713059938
1.266965713059938 1.2701526859095897
1.2701526859095897 1.2721423618860972
1.2721423618860972 1.2142363547973045
1.2142363547973045 1.2134030517786383
1.2134030517786383 1.2629199885804452
1.2629199885804452 1.3042528417526358
1.3042528417526358 1.3093533435751161
1.3093533435751161 1.2356585777749949
1.2356585777749949 1.3311331006021216
1.3311331006021216 1.33220598781305
1.33220598781305 1.3437888379606775
1.3437888379606775 1.3805213724391374
1.3805213724391374 1.3245479967016036
1.3245479967016036 1.3006847121575038
1.3006847121575038 1.3221163085055452
1.3221163085055452 1.2626254056784536
1.2626254056784536 1.2945170899863003
1.2945170899863003 1.3089746232634365
1.3089746232634365 1.241092457559855
1.241092457559855 1.2666039804858102
1.2666039804858102 1.2670983027707354
1.2670983027707354 1.3236912080216774
1.3236912080216774 1.3241806762157304
1.3241806762157304 1.3943578892543171
1.3943578892543171 1.4310563643768202
1.4310563643768202 1.3561953035565253
1.3561953035565253 1.250789132472995
1.250789132472995 1.1830731118832003
1.1830731118832003 1.2464871585488646
1.2464871585488646 1.32090714859063
1.32090714859063 1.3243055171569442
1.3243055171569442 1.359139341630737
1.359139341630737 1.347419055798039
1.347419055798039 1.355617915443968
1.355617915443968 1.250585505751908
1.250585505751908 1.29547713138006
1.29547713138006 1.272612584369005
1.272612584369005 1.2724049562152382
1.2724049562152382 1.2767559129070905
1.2767559129070905 1.214251284330264
1.214251284330264 1.1919058008335182
1.1919058008335182 1.164750249959218
1.164750249959218 1.1748621121198175
1.1748621121198175 1.1872697099632459
1.1872697099632459 1.2070008570422635
1.2070008570422635 1.2148262937581655
1.2148262937581655 1.2229852150436427
1.2229852150436427 1.268786050211993
1.268786050211993 1.233132289815285
1.233132289815285 1.3068485891837365
1.3068485891837365 1.2973011540816328
1.2973011540816328 1.3821017779185876
1.3821017779185876 1.3805029337408612
1.3805029337408612 1.363006102472988
1.363006102472988 1.352024056768673
1.352024056768673 1.4210036830509567
1.4210036830509567 1.3704274373950718
1.3704274373950718 1.2842165226713649
1.2842165226713649 1.256110006856918
1.256110006856918 1.2253334140690235
1.2253334140690235 1.2667418591731952
1.2667418591731952 1.2347944929139756
1.2347944929139756 1.2284809872812612
1.2284809872812612 1.2277972570456153
1.2277972570456153 1.3092385738255257
1.3092385738255257 1.2980098084401206
1.2980098084401206 1.388059262068638
1.388059262068638 1.3122317489749904
1.3122317489749904 1.2977749471918427
1.2977749471918427 1.2523770481975591
1.2523770481975591 1.2217162793294656
1.2217162793294656 1.2179014835078281
1.2179014835078281 1.1990744444454973
1.1990744444454973 1.131209291459696
1.131209291459696 1.0884262713766806
1.0884262713766806 1.0406624983157282
1.0406624983157282 1.0394771759323134
1.0394771759323134 1.04597233946239
1.04597233946239 1.1012693599247938
1.1012693599247938 1.1518829106308344
1.1518829106308344 1.0807739496015998
1.0807739496015998 1.032110022309183
1.032110022309183 1.0753016501854267
1.0753016501854267 0.9923665965002235
0.9923665965002235 0.9960391446263274
0.9960391446263274 1.0576060655156858
1.0576060655156858 1.0632291887340048
1.0632291887340048 1.1481315786664903
1.1481315786664903 1.1487931651957701
1.1487931651957701 1.1520576956753912
1.1520576956753912 1.2164026136230683
1.2164026136230683 1.259569546308089
1.259569546308089 1.2468508316503648
1.2468508316503648 1.2871982591114708
1.2871982591114708 1.332434412127717
1.332434412127717 1.2595491656636202
1.2595491656636202 1.2612858969939695
1.2612858969939695 1.2094125111301084
1.2094125111301084 1.2870606369203321
1.2870606369203321 1.3755587269635339
1.3755587269635339 1.3271928979941956
1.3271928979941956 1.3569233609089195
1.3569233609089195 1.4049773591971653
1.4049773591971653 1.4981200258406433
1.4981200258406433 1.4986718992238717
1.4986718992238717 1.408337091269906
1.408337091269906 1.2958559409837895
1.2958559409837895 1.2056676945705997
1.2056676945705997 1.2521020486618273
1.2521020486618273 1.181469130165896
1.181469130165896 1.1083513478508724
1.1083513478508724 1.0789564480262328
1.0789564480262328 1.0793499288777437
1.0793499288777437 1.0812766862338472
1.0812766862338472 1.1639559912921038
1.1639559912921038 1.194653721012616
1.194653721012616 1.1753176305663562
1.1753176305663562 1.2571009504161352
1.2571009504161352 1.2578616889495182
1.2578616889495182 1.2607828948430868
1.2607828948430868 1.270733338194459
1.270733338194459 1.2802776273371845
1.2802776273371845 1.1812253807538857
1.1812253807538857 1.1993136453293376
1.1993136453293376 1.249865193633175
1.249865193633175 1.2993318688337236
1.2993318688337236 1.2291820778369789
1.2291820778369789 1.2728518581531407
1.2728518581531407 1.3251290663112612
1.3251290663112612 1.3874257676222062
1.3874257676222062 1.368086670009688
1.368086670009688 1.3633421145353888
1.3633421145353888 1.444316331214153
1.444316331214153 1.4346996122486746
1.4346996122486746 1.4311813437294545
1.4311813437294545 1.4259152986920844
1.4259152986920844 1.4162877884310339
1.4162877884310339 1.3711544932010995
1.3711544932010995 1.3268397993913637
1.3268397993913637 1.279471705787567
1.279471705787567 1.2654523652527012
1.2654523652527012 1.275881615266363
1.275881615266363 1.2216420468564055
1.2216420468564055 1.151896795590312
1.151896795590312 1.145045508817212
1.145045508817212 1.1320981465351065
1.1320981465351065 1.0530004026350412
1.0530004026350412 0.9995248822151775
0.9995248822151775 1.012415866201684
1.012415866201684 1.0776853116848517
1.0776853116848517 0.9970636844109511
0.9970636844109511 1.0234803523136855
1.0234803523136855 1.099232537159284
1.099232537159284 1.0516457352861797
1.0516457352861797 1.0518070306840042
1.0518070306840042 1.13098348735846
1.13098348735846 1.0754814326102866
1.0754814326102866 1.1539360623299049
1.1539360623299049 1.1776802286576715
1.1776802286576715 1.12479549783875
1.12479549783875 1.1367296151755466
1.1367296151755466 1.1375608796633279
1.1375608796633279 1.1309061982738506
1.1309061982738506 1.1938408805719007
1.1938408805719007 1.2199730786721013
1.2199730786721013 1.1732702627910074
1.1732702627910074 1.1111968991014862
1.1111968991014862 1.1494223042990317
1.1494223042990317 1.206189426609586
1.206189426609586 1.1521045806311103
1.1521045806311103 1.2273936619893357
1.2273936619893357 1.2872740537653031
1.2872740537653031 1.2870561380698227
1.2870561380698227 1.2313434078902787
1.2313434078902787 1.2323203693330145
1.2323203693330145 1.1590886574764336
1.1590886574764336 1.0714506332959906
1.0714506332959906 1.1334368631342968
1.1334368631342968 1.046062782786502
1.046062782786502 1.0623131151267795
1.0623131151267795 1.0483505468231251
1.0483505468231251 1.0593264864292813
1.0593264864292813 1.1318061809969269
1.1318061809969269 1.08874131617818
1.08874131617818 1.0389963599944854
1.0389963599944854 1.0148092675577707
1.0148092675577707 1.029648943362825
1.029648943362825 0.989779065067637
0.989779065067637 1.0335948815988805
1.0335948815988805 1.1029435629432305
1.1029435629432305 1.144850984084351
1.144850984084351 1.1374129032190536
1.1374129032190536 1.1500790302501576
1.1500790302501576 1.1148229185023444
1.1148229185023444 1.1196030078004133
1.1196030078004133 1.1783146712001218
1.1783146712001218 1.248422898540861
1.248422898540861 1.3472827831295016
1.3472827831295016 1.3234966080711634
1.3234966080711634 1.266193440309292
1.266193440309292 1.1715290743287328
1.1715290743287328 1.2169616262013765
1.2169616262013765 1.1387793045581345
1.1387793045581345 1.0777089364117298
1.0777089364117298 1.1019850597167706
1.1019850597167706 1.1141877352992562
1.1141877352992562 1.0781126563025112
1.0781126563025112 1.0879590240500205
1.0879590240500205 1.0593753374947366
1.0593753374947366 1.0528535549822997
1.0528535549822997 1.0786057436577483
1.0786057436577483 1.0593593102394603
1.0593593102394603 1.0482682134168209
1.0482682134168209 1.0650735541815384
1.0650735541815384 1.1130333163892152
1.1130333163892152 1.1237172893279106
1.1237172893279106 1.1469409435749265
1.1469409435749265 1.171609934343996
1.171609934343996 1.2248608481119216
1.2248608481119216 1.3222954796765531
1.3222954796765531 1.2475903747876858
1.2475903747876858 1.320006037688735
1.320006037688735 1.3094027270269546
1.3094027270269546 1.4074755781078787
1.4074755781078787 1.4100157673559544
1.4100157673559544 1.4186154208735333
1.4186154208735333 1.3381379997591767
1.3381379997591767 1.3033376234215348
1.3033376234215348 1.2998305431699875
1.2998305431699875 1.228311691783244
1.228311691783244 1.227286770404515
1.227286770404515 1.2214941717227181
1.2214941717227181 1.286147435313324
1.286147435313324 1.2565015808340954
1.2565015808340954 1.304267768348757
1.304267768348757 1.2644652780380352
1.2644652780380352 1.2007539411993813
1.2007539411993813 1.2529613127278514
1.2529613127278514 1.2635090099575896
1.2635090099575896 1.3423733191489773
1.3423733191489773 1.3550082848248328
1.3550082848248328 1.459987188517729
1.459987188517729 1.518615762101386
1.518615762101386 1.4940686394485772
1.4940686394485772 1.4460492271677932
1.4460492271677932 1.447313376971731
1.447313376971731 1.3946468513196302
1.3946468513196302 1.421732862284231
1.421732862284231 1.4219630041797722
1.4219630041797722 1.4194610637731266
1.4194610637731266 1.3208808694671061
1.3208808694671061 1.2871041438550126
1.2871041438550126 1.2631134142745453
1.2631134142745453 1.250264347961535
1.250264347961535 1.1531453957183508
1.1531453957183508 1.2428114518944313
1.2428114518944313 1.21564472975963
1.21564472975963 1.2301257737742666
1.2301257737742666 1.2925532527040806
1.2925532527040806 1.2905647114006282
1.2905647114006282 1.276475140054047
1.276475140054047 1.2841551380073333
1.2841551380073333 1.29825932822079
1.29825932822079 1.331011214956385
1.331011214956385 1.398397567183995
1.398397567183995 1.3653475822437633
1.3653475822437633 1.3937206531830986
1.3937206531830986 1.406967148277388
1.406967148277388 1.3249972423504057
1.3249972423504057 1.3091679373288665
1.3091679373288665 1.299574635230382
1.299574635230382 1.299161799070178
1.299161799070178 1.1974240869401582
1.1974240869401582 1.181841036612827
1.181841036612827 1.1830482704870364
1.1830482704870364 1.1432419665774771
1.1432419665774771 1.1731073321011856
1.1731073321011856 1.1733612759152032
1.1733612759152032 1.168749304067111
1.168749304067111 1.182282902460514
1.182282902460514 1.1855516190426558
1.1855516190426558 1.2781606353095956
1.2781606353095956 1.2914497625882364
1.2914497625882364 1.3027271012491295
1.3027271012491295 1.2637145145467559
1.2637145145467559 1.3066758748308882
1.3066758748308882 1.2279960512254775
1.2279960512254775 1.2370552066466083
1.2370552066466083 1.2450511235656019
1.2450511235656019 1.2930439673317016
1.2930439673317016 1.322136453802533
1.322136453802533 1.425812268174988
1.425812268174988 1.4294847122985632
1.4294847122985632 1.345802791614281
1.345802791614281 1.3866717873451389
1.3866717873451389 1.3522371427776874
1.3522371427776874 1.4294159337545713
1.4294159337545713 1.502419843435017
1.502419843435017 1.457626499249262
1.457626499249262 1.4344196155277438
1.4344196155277438 1.4821766350704055
1.4821766350704055 1.4730493072576885
1.4730493072576885 1.3633310678851929
1.3633310678851929 1.285786177554153
1.285786177554153 1.2693149339954282
1.2693149339954282 1.1991687580424286
1.1991687580424286 1.1165605717524942
1.1165605717524942 1.128831025732097
1.128831025732097 1.200136323018495
1.200136323018495 1.1897357612108217
1.1897357612108217 1.1645732841561485
1.1645732841561485 1.2529608061649096
1.2529608061649096 1.1765335320614159
1.1765335320614159 1.216123761868221
1.216123761868221 1.2977480159143042
1.2977480159143042 1.3934656487055257
1.3934656487055257 1.4865692366661896
1.4865692366661896 1.4864057824487193
1.4864057824487193 1.4809478454153164
1.4809478454153164 1.480788690831286
1.480788690831286 1.4805987806003378
1.4805987806003378 1.3656572435563064
1.3656572435563064 1.3701588430058185
1.3701588430058185 1.4505992819295983
1.4505992819295983 1.4797677255751065
1.4797677255751065 1.4658225997851673
1.4658225997851673 1.4131587571669604
1.4131587571669604 1.4133006358802345
1.4133006358802345 1.3092089094407928
1.3092089094407928 1.327214466623321
1.327214466623321 1.3164597663349864
1.3164597663349864 1.2790863255866893
1.2790863255866893 1.3228561285902902
1.3228561285902902 1.3849817232099393
1.3849817232099393 1.360567509788718
1.360567509788718 1.269373616356071
1.269373616356071 1.3194707959955274
1.3194707959955274 1.3980539229500903
1.3980539229500903 1.33295676261146
1.33295676261146 1.3433028426568052
1.3433028426568052 1.3428551637600907
1.3428551637600907 1.4032065821984079
1.4032065821984079 1.3375327528465735
1.3375327528465735 1.4412391645015676
1.4412391645015676 1.5015123901886704
1.5015123901886704 1.5815694119424535
1.5815694119424535 1.6293927971392195
1.6293927971392195 1.624231350930555
1.624231350930555 1.6446358111605401
1.6446358111605401 1.6434596765301153
1.6434596765301153 1.7723982872973227
1.7723982872973227 1.6957870175384389
1.6957870175384389 1.7238949543282518
1.7238949543282518 1.7891086186201821
1.7891086186201821 1.7611120295474714
1.7611120295474714 1.848882701182391
1.848882701182391 1.855646945411046
1.855646945411046 1.9840379056078137
1.9840379056078137 1.9550970428565595
1.9550970428565595 1.8415578735608176
1.8415578735608176 1.7815531096851518
1.7815531096851518 1.7655735196574913
1.7655735196574913 1.6990061005751884
1.6990061005751884 1.668349537294957
1.668349537294957 1.7390889682027484
1.7390889682027484 1.677909404550761
1.677909404550761 1.611019442544959
1.611019442544959 1.6140828612470024
1.6140828612470024 1.5521705192412198
1.5521705192412198 1.5307848557009887
1.5307848557009887 1.6275758175625643
1.6275758175625643 1.6280845717588242
1.6280845717588242 1.6308007195315175
1.6308007195315175 1.6638555816644676
1.6638555816644676 1.7105617510277724
1.7105617510277724 1.7875364810638072
1.7875364810638072 1.7729509382521098
1.7729509382521098 1.8646023282629678
1.8646023282629678 1.9178297529012343
1.9178297529012343 1.870244823960544
1.870244823960544 1.9353230297699695
1.9353230297699695 1.884994709119767
1.884994709119767 1.9112481712087912
1.9112481712087912 1.912612892250575
1.912612892250575 1.8084441213935467
1.8084441213935467 1.8200386316911679
1.8200386316911679 1.7355366091847249
1.7355366091847249 1.8595625615863773
1.8595625615863773 1.9470922033335776
1.9470922033335776 2.0155395759449566
2.0155395759449566 1.981528121153918
1.981528121153918 1.9433899615489307
1.9433899615489307 1.8253254036908013
1.8253254036908013 1.8026038053600555
1.8026038053600555 1.727468123329527
1.727468123329527 1.784664208748366
1.784664208748366 1.6527056434152163
1.6527056434152163 1.7843951945334802
1.7843951945334802 1.6952080005937595
1.6952080005937595 1.7838411555217317
1.7838411555217317 1.6525176514650257
1.6525176514650257 1.7693594113664217
1.7693594113664217 1.7103665280931661
1.7103665280931661 1.821304922800773
1.821304922800773 1.755338862154336
1.755338862154336 1.6598452544415891
1.6598452544415891 1.777465464976532
1.777465464976532 1.7024848395951608
1.7024848395951608 1.7446191618866471
1.7446191618866471 1.6727507886811555
1.6727507886811555 1.6720038566592617
1.6720038566592617 1.611049190118868
1.611049190118868 1.4979701049525742
1.4979701049525742 1.5420559708480435
1.5420559708480435 1.5124604101247923
1.5124604101247923 1.6235349394821201
1.6235349394821201 1.6141476262595051
1.6141476262595051 1.5710881526938614
1.5710881526938614 1.5749620470069992
1.5749620470069992 1.6450810320314195
1.6450810320314195 1.6274290649255816
1.6274290649255816 1.6639193869396371
1.6639193869396371 1.6608703374865714
1.6608703374865714 1.6632416557039078
1.6632416557039078 1.5960244166973334
1.5960244166973334 1.5160772136427645
1.5160772136427645 1.6361363935239281
1.6361363935239281 1.6162685054777306
1.6162685054777306 1.7125341968782894
1.7125341968782894 1.8284615005161013
1.8284615005161013 1.7309625963703446
1.7309625963703446 1.8179902296557957
1.8179902296557957 1.7405954846329375
1.7405954846329375 1.7733226679255965
1.7733226679255965 1.6904853173534418
1.6904853173534418 1.698158863298576
1.698158863298576 1.6629674254554077
1.6629674254554077 1.6711108465675852
1.6711108465675852 1.7118630992389943
1.7118630992389943 1.7765241287272844
1.7765241287272844 1.8217824080101717
1.8217824080101717 1.862149941512762
1.862149941512762 1.9155911893567523
1.9155911893567523 1.8095975302544622
1.8095975302544622 1.8600851667437197
1.8600851667437197 1.9233914210488539
1.9233914210488539 2.0397675317281636
2.0397675317281636 1.9658702644828485
1.9658702644828485 2.0085277824531715
2.0085277824531715 1.9289322006058676
1.9289322006058676 1.9101897322185668
1.9101897322185668 1.9842546395243754
1.9842546395243754 1.9717564569292336
1.9717564569292336 2.042984505531314
2.042984505531314 1.9803165931851712
1.9803165931851712 1.840637979305291
1.840637979305291 1.7734664213333682
1.7734664213333682 1.727055114697517
1.727055114697517 1.8590701330136337
1.8590701330136337 1.8898217009788634
1.8898217009788634 1.8513885255513505
1.8513885255513505 1.8090389121183081
1.8090389121183081 1.804188450132545
1.804188450132545 1.7902201419170551
1.7902201419170551 1.6702065978398843
1.6702065978398843 1.5756927033353145
1.5756927033353145 1.6950960957609857
1.6950960957609857 1.6693715287796964
1.6693715287796964 1.6696288856410706
1.6696288856410706 1.7563159933661732
1.7563159933661732 1.7463783923621514
1.7463783923621514 1.800164310157467
1.800164310157467 1.7046162021908018
1.7046162021908018 1.7738492465083597
1.7738492465083597 1.7128009723767912
1.7128009723767912 1.7208823300074698
1.7208823300074698 1.8521072007897055
1.8521072007897055 1.8339843571722283
1.8339843571722283 1.8353441561257784
1.8353441561257784 1.84737733926151
1.84737733926151 1.8571540316301525
1.8571540316301525 1.845685489198488
1.845685489198488 1.752956919217984
1.752956919217984 1.792786207250502
1.792786207250502 1.760641736415143
1.760641736415143 1.7521504878112366
1.7521504878112366 1.6596934620007133
1.6596934620007133 1.6677316710836159
1.6677316710836159 1.7316351591576766
1.7316351591576766 1.7757602140802797
1.7757602140802797 1.8225150093533524
1.8225150093533524 1.7317384654588308
1.7317384654588308 1.6106140610791755
1.6106140610791755 1.6866548115521818
1.6866548115521818 1.6926115335470402
1.6926115335470402 1.697694231678706
1.697694231678706 1.6980022679439606
1.6980022679439606 1.6270682145203899
1.6270682145203899 1.7466208012899824
1.7466208012899824 1.8379237432183848
1.8379237432183848 1.7181850461423653
1.7181850461423653 1.8191555726761734
1.8191555726761734 1.8036802338904943
1.8036802338904943 1.833452684232198
1.833452684232198 1.8120191979040796
1.8120191979040796 1.840333047681084
1.840333047681084 1.7335118471609208
1.7335118471609208 1.610160050802628
1.610160050802628 1.5260662791562172
1.5260662791562172 1.526833885653671
1.526833885653671 1.4983536516322602
1.4983536516322602 1.5043544998300713
1.5043544998300713 1.5691024473813364
1.5691024473813364 1.497806189778938
1.497806189778938 1.5063666054854785
1.5063666054854785 1.5927667665546277
1.5927667665546277 1.7154809723309739
1.7154809723309739 1.5867209057466984
1.5867209057466984 1.694502858841139
1.694502858841139 1.7171929065778204
1.7171929065778204 1.7716346997738701
1.7716346997738701 1.7316067032682108
1.7316067032682108 1.733971933799725
1.733971933799725 1.6976724603275697
1.6976724603275697 1.7281912575350318
1.7281912575350318 1.7484457132561293
1.7484457132561293 1.6262120874474149
1.6262120874474149 1.655722310433613
1.655722310433613 1.6679435802273923
1.6679435802273923 1.7857421853605435
1.7857421853605435 1.7149303959696223
1.7149303959696223 1.636709822106506
1.636709822106506 1.5757576294480962
1.5757576294480962 1.5768251465667993
1.5768251465667993 1.6581388429323403
1.6581388429323403 1.739534103819854
1.739534103819854 1.6326525878538722
1.6326525878538722 1.7561802557418529
1.7561802557418529 1.7459921744633031
1.7459921744633031 1.8815355108907297
1.8815355108907297 1.8320686762038876
1.8320686762038876 1.9741925614373712
1.9741925614373712 2.0447057293008664
2.0447057293008664 2.114412390227621
2.114412390227621 2.1104905155344476
2.1104905155344476 2.1130082842495095
2.1130082842495095 2.1062315167886463
2.1062315167886463 2.2275897418782167
2.2275897418782167 2.3421743728900126
2.3421743728900126 2.268697156123822
2.268697156123822 2.3847577241179616
2.3847577241179616 2.277629016149604
2.277629016149604 2.2354186612462827
2.2354186612462827 2.11405753511385
2.11405753511385 2.0343105241590327
2.0343105241590327 2.031699697018738
2.031699697018738 2.0947553407309902
2.0947553407309902 2.0510381251629
2.0510381251629 2.0053400512980266
2.0053400512980266 1.8809620911902092
1.8809620911902092 1.9649342039806432
1.9649342039806432 1.8091828276755768
1.8091828276755768 1.7177586013317425
1.7177586013317425 1.6856277618569968
1.6856277618569968 1.5640354869194624
1.5640354869194624 1.593736118936016
1.593736118936016 1.6044773120233007
1.6044773120233007 1.6325121768009587
1.6325121768009587 1.642408681782721
1.642408681782721 1.657937495550029
1.657937495550029 1.6966756223942392
1.6966756223942392 1.6415005017227078
1.6415005017227078 1.6589503904382232
1.6589503904382232 1.6757574816419925
1.6757574816419925 1.5705466279586486
1.5705466279586486 1.6294722548491696
1.6294722548491696 1.7005265581129008
1.7005265581129008 1.737405066137641
1.737405066137641 1.869736962926467
1.869736962926467 1.8056955544306463
1.8056955544306463 1.9496848787958256
1.9496848787958256 1.9445187245794127
1.9445187245794127 1.9296383185727677
1.9296383185727677 1.830956183566347
1.830956183566347 1.7706690776867482
1.7706690776867482 1.644110972343565
1.644110972343565 1.5913663315383804
1.5913663315383804 1.5153885262807718
1.5153885262807718 1.4061990821339645
1.4061990821339645 1.5074422419703606
1.5074422419703606 1.4121920721773205
1.4121920721773205 1.5161508292032662
1.5161508292032662 1.6250309821658238
1.6250309821658238 1.6660810761846718
1.6660810761846718 1.6949099836342967
1.6949099836342967 1.669412937917919
1.669412937917919 1.6880284503344118
1.6880284503344118 1.685708052734662
1.685708052734662 1.553696643721939
1.553696643721939 1.6128936668739915
1.6128936668739915 1.672927292659041
1.672927292659041 1.6565369635843086
1.6565369635843086 1.6556946810760893
1.6556946810760893 1.6275689119456629
1.6275689119456629 1.5270354775556507
1.5270354775556507 1.4433598113459616
1.4433598113459616 1.4584421319695364
1.4584421319695364 1.5384134957716165
1.5384134957716165 1.5014872705871443
1.5014872705871443 1.394482378198517
1.394482378198517 1.3506083626159358
1.3506083626159358 1.3810735322338927
1.3810735322338927 1.3807820915092184
1.3807820915092184 1.345704042641792
1.345704042641792 1.3489178716437744
1.3489178716437744 1.4319524399626058
1.4319524399626058 1.356698191683952
1.356698191683952 1.4364050806701725
1.4364050806701725 1.4916914946364959
1.4916914946364959 1.5191301447441172
1.5191301447441172 1.5182887111494732
1.5182887111494732 1.5740795376635712
1.5740795376635712 1.5675317492216307
1.5675317492216307 1.5678593652400932
1.5678593652400932 1.4695154652816196
1.4695154652816196 1.466395825872723
1.466395825872723 1.529411957463223
1.529411957463223 1.4955240480014058
1.4955240480014058 1.4446370296882824
1.4446370296882824 1.5347077582550974
1.5347077582550974 1.4862031060270693
1.4862031060270693 1.5156090502073514
1.5156090502073514 1.5240289482457219
1.5240289482457219 1.4993822730996895
1.4993822730996895 1.403027365674083
1.403027365674083 1.3518000923619524
1.3518000923619524 1.4348143283342611
1.4348143283342611 1.4104294368040062
1.4104294368040062 1.4112521504691267
1.4112521504691267 1.4205132748727431
1.4205132748727431 1.3382921845238611
1.3382921845238611 1.2679037143901537
1.2679037143901537 1.356880580153157
1.356880580153157 1.3490557422911895
1.3490557422911895 1.3456320882707218
1.3456320882707218 1.348421674081095
1.348421674081095 1.4163001635776993
1.4163001635776993 1.488387222908537
1.488387222908537 1.3974705316331197
1.3974705316331197 1.3139048468855505
1.3139048468855505 1.2139338314387156
1.2139338314387156 1.1453502696094313
1.1453502696094313 1.221516387534004
1.221516387534004 1.1858343449412037
1.1858343449412037 1.2675949874227044
1.2675949874227044 1.3002778073224501
1.3002778073224501 1.29967752134224
1.29967752134224 1.2930251612155397
1.2930251612155397 1.3593654592835622
1.3593654592835622 1.3962070675051146
1.3962070675051146 1.3661523043894936
1.3661523043894936 1.3109445769661179
1.3109445769661179 1.238416213949513
1.238416213949513 1.2722971077451821
1.2722971077451821 1.24819911531022
1.24819911531022 1.257400591564891
1.257400591564891 1.1774163030695912
1.1774163030695912 1.142802316550362
1.142802316550362 1.077714874065446
1.077714874065446 1.090686439608136
1.090686439608136 1.028315939505723
1.028315939505723 1.1088338176871342
1.1088338176871342 1.1355430871955539
1.1355430871955539 1.155195464351939
1.155195464351939 1.1972619572434748
1.1972619572434748 1.1133108842022128
1.1133108842022128 1.1261935906477318
1.1261935906477318 1.130182426330562
1.130182426330562 1.126765136188756
1.126765136188756 1.1650548235484222
1.1650548235484222 1.150971817044546
1.150971817044546 1.2116704484697152
1.2116704484697152 1.1223690799722306
1.1223690799722306 1.1881340302836274
1.1881340302836274 1.1495846576120416
1.1495846576120416 1.094410875247132
1.094410875247132 1.126553177003267
1.126553177003267 1.0849737803955082
1.0849737803955082 1.0437170541542662
1.0437170541542662 1.0631554191060493
1.0631554191060493 1.0992526036139085
1.0992526036139085 1.140141868985412
1.140141868985412 1.17119603995119
1.17119603995119 1.1418278164872377
1.1418278164872377 1.2169017167815483
1.2169017167815483 1.2274454085994544
1.2274454085994544 1.177405281621168
1.177405281621168 1.2691128953140007
1.2691128953140007 1.2811397327705485
1.2811397327705485 1.17969009530863
1.17969009530863 1.1962305196616736
1.1962305196616736 1.1793508012644742
1.1793508012644742 1.0986973892227254
1.0986973892227254 1.1146491669399672
1.1146491669399672 1.148406311636756
1.148406311636756 1.0756645280975774
1.0756645280975774 1.081169017935528
1.081169017935528 1.0821077207398657
1.0821077207398657 1.097605612232129
1.097605612232129 1.128899573492647
1.128899573492647 1.1901872546295293
1.1901872546295293 1.1536575294572744
1.1536575294572744 1.0836098637712337
1.0836098637712337 1.0621081716139924
1.0621081716139924 1.0512181820899287
1.0512181820899287 1.0575970583280998
1.0575970583280998 1.0620543254684185
1.0620543254684185 1.1236415266671185
1.1236415266671185 1.151734781976052
1.151734781976052 1.154087908191642
1.154087908191642 1.119785232341852
1.119785232341852 1.125245803525766
1.125245803525766 1.1186763430998439
1.1186763430998439 1.1868857827209485
1.1868857827209485 1.2078441170536829
1.2078441170536829 1.17335491703474
1.17335491703474 1.1964654665512666
1.1964654665512666 1.2192247605297486
1.2192247605297486 1.128599564671831
1.128599564671831 1.1179543664422167
1.1179543664422167 1.152010242726807
1.152010242726807 1.1294834601628485
1.1294834601628485 1.2145120297320764
1.2145120297320764 1.2146693735782785
1.2146693735782785 1.1559977247014481
1.1559977247014481 1.2403454812675787
1.2403454812675787 1.32761745729631
1.32761745729631 1.3070402188150227
1.3070402188150227 1.3207775174563208
1.3207775174563208 1.4054627416243854
1.4054627416243854 1.3504995744042871
1.3504995744042871 1.3459097254877443
1.3459097254877443 1.3410969439872327
1.3410969439872327 1.3418962929115468
1.3418962929115468 1.3136305549309484
1.3136305549309484 1.3110607145718607
1.3110607145718607 1.2357081080009331
1.2357081080009331 1.1441960793683692
1.1441960793683692 1.1896676627223937
1.1896676627223937 1.1901996194627371
1.1901996194627371 1.1900227316190102
1.1900227316190102 1.2010443952092347
1.2010443952092347 1.209877475074642
1.209877475074642 1.21389967981418
1.21389967981418 1.2810151892443478
1.2810151892443478 1.3481983583882873
1.3481983583882873 1.391633497490689
1.391633497490689 1.4525239879346155
1.4525239879346155 1.451220951362136
1.451220951362136 1.5123134547362427
1.5123134547362427 1.5567782941649797
1.5567782941649797 1.5873042209241457
1.5873042209241457 1.5627016698676632
1.5627016698676632 1.4823343919086414
1.4823343919086414 1.4923409003505568
1.4923409003505568 1.449453530017735
1.449453530017735 1.3450003526253405
1.3450003526253405 1.4477074455267647
1.4477074455267647 1.3919763095049238
1.3919763095049238 1.3046401983551332
1.3046401983551332 1.3962456122474076
1.3962456122474076 1.3896830991103382
1.3896830991103382 1.4155332347671996
1.4155332347671996 1.324846474665023
1.324846474665023 1.3831976957480048
1.3831976957480048 1.334145695809728
1.334145695809728 1.3725805123989463
1.3725805123989463 1.44425720459926
1.44425720459926 1.5085293956856896
1.5085293956856896 1.5079062472736335
1.5079062472736335 1.5226920704968934
1.5226920704968934 1.5281824024494222
1.5281824024494222 1.6323673974469861
1.6323673974469861 1.6264953585202346
1.6264953585202346 1.5496464420702802
1.5496464420702802 1.5746968220816586
1.5746968220816586 1.589858797996084
1.589858797996084 1.619321916213249
1.619321916213249 1.7404697958171624
1.7404697958171624 1.753470872882218
1.753470872882218 1.7232360166021585
1.7232360166021585 1.714173223015294
1.714173223015294 1.6309486301769232
1.6309486301769232 1.5735849294198747
1.5735849294198747 1.4677564481417866
1.4677564481417866 1.5796486381915011
1.5796486381915011 1.556980189085613
1.556980189085613 1.4590359207646215
1.4590359207646215 1.3642795656606492
1.3642795656606492 1.338113479425063
1.338113479425063 1.3903129523831523
1.3903129523831523 1.4878621698899392
1.4878621698899392 1.506692691505986
1.506692691505986 1.5504473468279685
1.5504473468279685 1.4893166414848495
1.4893166414848495 1.59789631631144
1.59789631631144 1.546555728381493
1.546555728381493 1.5560131726922735
1.5560131726922735 1.473415281586989
1.473415281586989 1.480353326901966
1.480353326901966 1.4866673325551367
1.4866673325551367 1.5475328180119878
1.5475328180119878 1.4635811843497875
1.4635811843497875 1.5445651643485099
1.5445651643485099 1.6207985978905657
1.6207985978905657 1.6243586069051943
1.6243586069051943 1.648310076150233
1.648310076150233 1.568486128197052
1.568486128197052 1.5245476502665753
1.5245476502665753 1.630634307767039
1.630634307767039 1.6743407332197688
1.6743407332197688 1.788165828763704
1.788165828763704 1.7642513549280427
1.7642513549280427 1.6831223914948223
1.6831223914948223 1.6065911738752219
1.6065911738752219 1.6027553056968733
1.6027553056968733 1.5794102981647449
1.5794102981647449 1.6064351270941795
1.6064351270941795 1.5891878515629505
1.5891878515629505 1.6265135188405966
1.6265135188405966 1.539519829639646
1.539519829639646 1.540755266063735
1.540755266063735 1.592919274893484
1.592919274893484 1.5088440225642064
1.5088440225642064 1.6061209402423944
1.6061209402423944 1.675405210380051
1.675405210380051 1.72011903818222
1.72011903818222 1.720318754283223
1.720318754283223 1.7200743128996416
1.7200743128996416 1.7504605092965235
1.7504605092965235 1.8546728999246573
1.8546728999246573 1.8065822255444157
1.8065822255444157 1.730479253015266
1.730479253015266 1.8515847659170925
1.8515847659170925 1.8399216652098926
1.8399216652098926 1.7411929188020152
1.7411929188020152 1.7364414942393187
1.7364414942393187 1.7644838919622994
1.7644838919622994 1.7000153007922216
1.7000153007922216 1.5894746274032403
1.5894746274032403 1.5759853489707094
1.5759853489707094 1.4956699097098218
1.4956699097098218 1.5151279182232107
1.5151279182232107 1.5216681820412132
1.5216681820412132 1.4438074148968063
1.4438074148968063 1.5398065367471385
1.5398065367471385 1.5059946893568579
1.5059946893568579 1.54750573305628
1.54750573305628 1.629334174539092
1.629334174539092 1.6857083453652746
1.6857083453652746 1.7036068358594707
1.7036068358594707 1.7125716870611267
1.7125716870611267 1.7038355630601456
1.7038355630601456 1.619185826821152
1.619185826821152 1.4938564219285582
1.4938564219285582 1.4729077528734527
1.4729077528734527 1.3839987936200444
1.3839987936200444 1.4129800519744782
1.4129800519744782 1.4370251779815648
1.4370251779815648 1.4778402743960641
1.4778402743960641 1.4862745359767977
1.4862745359767977 1.568381042781009
1.568381042781009 1.646176326106545
1.646176326106545 1.6431405556549767
1.6431405556549767 1.55790112934848
1.55790112934848 1.555613317525549
1.555613317525549 1.5215958946985948
1.5215958946985948 1.5883738966148016
1.5883738966148016 1.5545550058075086
1.5545550058075086 1.5560392914343897
1.5560392914343897 1.6435239170454812
1.6435239170454812 1.6773023667059679
1.6773023667059679 1.7270958102059633
1.7270958102059633 1.673736541333013
1.673736541333013 1.7939807854796854
1.7939807854796854 1.685956874610777
1.685956874610777 1.760011141090829
1.760011141090829 1.763829561680197
1.763829561680197 1.8338902545277975
1.8338902545277975 1.8321196032351905
1.8321196032351905 1.8297068369525644
1.8297068369525644 1.8552500321589755
1.8552500321589755 1.7704667898361162
1.7704667898361162 1.672121663069077
1.672121663069077 1.666910675719467
1.666910675719467 1.6452412510275265
1.6452412510275265 1.6671118121388258
1.6671118121388258 1.7394374382735216
1.7394374382735216 1.7388824417744604
1.7388824417744604 1.65110795016997
1.65110795016997 1.6783092752077216
1.6783092752077216 1.5527143278825846
1.5527143278825846 1.4442178707895856
1.4442178707895856 1.4120886105937334
1.4120886105937334 1.43478701438263
1.43478701438263 1.5016736541760864
1.5016736541760864 1.4951216275423918
1.4951216275423918 1.4981256711401316
1.4981256711401316 1.4649708331934206
1.4649708331934206 1.5016574311928383
1.5016574311928383 1.4438803234870554
1.4438803234870554 1.4342857114556709
1.4342857114556709 1.3599485618036158
1.3599485618036158 1.433650142468167
1.433650142468167 1.5302688615202757
1.5302688615202757 1.5627486224381038
1.5627486224381038 1.5604139757149538
1.5604139757149538 1.6730253362154195
1.6730253362154195 1.6113343924782173
1.6113343924782173 1.5825085585516139
1.5825085585516139 1.6771838600397393
1.6771838600397393 1.5687156807162752
1.5687156807162752 1.596094350927783
1.596094350927783 1.6847584038066143
1.6847584038066143 1.7387650287892404
1.7387650287892404 1.6498411003721825
1.6498411003721825 1.7151283816380822
1.7151283816380822 1.6181786624614753
1.6181786624614753 1.6870416685168883
1.6870416685168883 1.6604523930763833
1.6604523930763833 1.671318914048264
1.671318914048264 1.6415390421273384
1.6415390421273384 1.5910829660295054
1.5910829660295054 1.5788322560326502
1.5788322560326502 1.6563246005120844
1.6563246005120844 1.6982281444795788
1.6982281444795788 1.6679217555196557
1.6679217555196557 1.5765599656617788
1.5765599656617788 1.6380704184495638
1.6380704184495638 1.5292663118373582
1.5292663118373582 1.5399880667022157
1.5399880667022157 1.5798294412382188
1.5798294412382188 1.615759517092512
1.615759517092512 1.6283144216828855
1.6283144216828855 1.655581367134505
1.655581367134505 1.6497860769386943
1.6497860769386943 1.6453718524823286
1.6453718524823286 1.6525899114410663
1.6525899114410663 1.7034526552612894
1.7034526552612894 1.8202618747997754
1.8202618747997754 1.7739935635418587
1.7739935635418587 1.7731491110472444
1.7731491110472444 1.7450099393829492
1.7450099393829492 1.7055835615924861
1.7055835615924861 1.7533911654814336
1.7533911654814336 1.8759191584968964
1.8759191584968964 1.8623537957875111
1.8623537957875111 1.9184882931840943
1.9184882931840943 1.7909713180717723
1.7909713180717723 1.7706200978030675
1.7706200978030675 1.7772631330498139
1.7772631330498139 1.768801340819846
1.768801340819846 1.7020376572031979
1.7020376572031979 1.632943149887589
1.632943149887589 1.585192175185662
1.585192175185662 1.4683019565687714
1.4683019565687714 1.3718244797217758
1.3718244797217758 1.4296981894030745
1.4296981894030745 1.456081065021358
1.456081065021358 1.4683084597216876
1.4683084597216876 1.4736889230385177
1.4736889230385177 1.5566199745936922
1.5566199745936922 1.5758764024944287
1.5758764024944287 1.5939198449499308
1.5939198449499308 1.6704522310909926
1.6704522310909926 1.6975902262097617
1.6975902262097617 1.710300773536343
1.710300773536343 1.7147929779426205
1.7147929779426205 1.664320410292182
1.664320410292182 1.7216695204041312
1.7216695204041312 1.7876288844538437
1.7876288844538437 1.923402924154857
1.923402924154857 2.029538632383029
2.029538632383029 2.0184715152483226
2.0184715152483226 2.109328921570303
2.109328921570303 1.962928905748804
1.962928905748804 2.094063561633588
2.094063561633588 2.1048126342673865
2.1048126342673865 1.991659498073433
1.991659498073433 2.0052073222096696
2.0052073222096696 1.9235519296254218
1.9235519296254218 1.920207053326634
1.920207053326634 2.0436374284341268
2.0436374284341268 2.1610969542751013
2.1610969542751013 2.1549594506139136
2.1549594506139136 2.0508607622957005
2.0508607622957005 1.9151942383819704
1.9151942383819704 2.059650701880733
2.059650701880733 1.9771413933037698
1.9771413933037698 1.9976156235598432
1.9976156235598432 2.0517615337413075
2.0517615337413075 2.08118359155995
2.08118359155995 2.1690325417786678
2.1690325417786678 2.046508717494236
2.046508717494236 2.0666045142776555
2.0666045142776555 2.067321294415162
2.067321294415162 2.0619339300147446
2.0619339300147446 2.138341694848111
2.138341694848111 2.298075129706262
2.298075129706262 2.3746881321417352
2.3746881321417352 2.361956446449027
2.361956446449027 2.3627817189765334
2.3627817189765334 2.4445339515181645
2.4445339515181645 2.6305020541658397
2.6305020541658397 2.60147606828902
2.60147606828902 2.595444608680448
2.595444608680448 2.521131927597358
2.521131927597358 2.439043140969104
2.439043140969104 2.379348587509988
2.379348587509988 2.4108981757310364
2.4108981757310364 2.3074549975936955
2.3074549975936955 2.2275472223747026
2.2275472223747026 2.1592978236809177
2.1592978236809177 2.0955571706288523
2.0955571706288523 2.234399156534426
2.234399156534426 2.059109671813335
2.059109671813335 2.0993776833186
2.0993776833186 2.1063652761883698
2.1063652761883698 1.9778293606201354
1.9778293606201354 1.896672858286502
1.896672858286502 1.9619039225005792
1.9619039225005792 2.07833779714293
2.07833779714293 2.0810317803475695
2.0810317803475695 2.083684408635041
2.083684408635041 2.120129958496779
2.120129958496779 2.2666667202444892
2.2666667202444892 2.209456942547596
2.209456942547596 2.131659189324364
2.131659189324364 1.9858487063048171
1.9858487063048171 2.0609556026627533
2.0609556026627533 1.9399963063637942
1.9399963063637942 1.9443710646969803
1.9443710646969803 1.9675180568405166
1.9675180568405166 2.0995344964673803
2.0995344964673803 2.2045787286708647
2.2045787286708647 2.1800862908797085
2.1800862908797085 2.3159099617981074
2.3159099617981074 2.2496092206165277
2.2496092206165277 2.2378684472111128
2.2378684472111128 2.2183633924193265
2.2183633924193265 2.2021557260158358
2.2021557260158358 2.123186062391122
2.123186062391122 1.96371886197082
1.96371886197082 1.8876249922865207
1.8876249922865207 1.842650837491272
1.842650837491272 1.8465956318097316
1.8465956318097316 1.890369710523446
1.890369710523446 1.9208792093348888
1.9208792093348888 2.0707865518871693
2.0707865518871693 2.177649209833902
2.177649209833902 2.304928670225817
2.304928670225817 2.3792701890984453
2.3792701890984453 2.3880323410271433
2.3880323410271433 2.399360257535684
2.399360257535684 2.2202996382695703
2.2202996382695703 2.2928584791490745
2.2928584791490745 2.355799632437593
2.355799632437593 2.3231683866404107
2.3231683866404107 2.32246811786595
2.32246811786595 2.2928353036323257
2.2928353036323257 2.2681584976122906
2.2681584976122906 2.270065130203088
2.270065130203088 2.1099983292375395
2.1099983292375395 2.031863862710621
2.031863862710621 2.1331653110849924
2.1331653110849924 2.112551309581144
2.112551309581144 2.042922545927914
2.042922545927914 2.0229697399317628
2.0229697399317628 1.8675563220295823
1.8675563220295823 1.9271241699751098
1.9271241699751098 1.801081713007851
1.801081713007851 1.9297717184356689
1.9297717184356689 1.9843873544291224
1.9843873544291224 2.132196246231386
2.132196246231386 2.021476624478699
2.021476624478699 1.9776137031662095
1.9776137031662095 1.862470825591725
1.862470825591725 1.8704232327707693
1.8704232327707693 1.8375721592375505
1.8375721592375505 1.691065139890303
1.691065139890303 1.6952139767423275
1.6952139767423275 1.6950291191996036
1.6950291191996036 1.7127831249083805
1.7127831249083805 1.6263530335444514
1.6263530335444514 1.6303058228561225
1.6303058228561225 1.6485890967711825
1.6485890967711825 1.6112331790094563
1.6112331790094563 1.6115224318689383
1.6115224318689383 1.6049300435860683
1.6049300435860683 1.638964428617456
1.638964428617456 1.6805283234683865
1.6805283234683865 1.696685379958425
1.696685379958425 1.7140129871535408
1.7140129871535408 1.7136079716830004
1.7136079716830004 1.7024299091701214
1.7024299091701214 1.6123822881132404
1.6123822881132404 1.6078481873525556
1.6078481873525556 1.571343147295941
1.571343147295941 1.5920053256879771
1.5920053256879771 1.5933772695981148
1.5933772695981148 1.479971309413519
1.479971309413519 1.4812271693156331
1.4812271693156331 1.561180634003537
1.561180634003537 1.619842719217827
1.619842719217827 1.7405008051392956
1.7405008051392956 1.7316214245755022
1.7316214245755022 1.6304913427582717
1.6304913427582717 1.7171297171094668
1.7171297171094668 1.7029224996023293
1.7029224996023293 1.6619500449734377
1.6619500449734377 1.6560813645452812
1.6560813645452812 1.7238612980906483
1.7238612980906483 1.7202407309931975
1.7202407309931975 1.709911091039934
1.709911091039934 1.7296977830536766
1.7296977830536766 1.6837149704764558
1.6837149704764558 1.683216906256318
1.683216906256318 1.5834921144364529
1.5834921144364529 1.5941261353381304
1.5941261353381304 1.5425535450809003
1.5425535450809003 1.4242294820140207
1.4242294820140207 1.4025849093564426
1.4025849093564426 1.3927562357017196
1.3927562357017196 1.4484663433666745
1.4484663433666745 1.4030547160338855
1.4030547160338855 1.3800566553574152
1.3800566553574152 1.3964117793580095
1.3964117793580095 1.5072523249771295
1.5072523249771295 1.5622146278534488
1.5622146278534488 1.6314295214703174
1.6314295214703174 1.5124584596808581
1.5124584596808581 1.5333574007367508
1.5333574007367508 1.6030920111902085
1.6030920111902085 1.6079410695751046
1.6079410695751046 1.63547150605157
1.63547150605157 1.6353074645054717
1.6353074645054717 1.5111475477577503
1.5111475477577503 1.5366233744655073
1.5366233744655073 1.5394949173992079
1.5394949173992079 1.617827395407656
1.617827395407656 1.6080510797363692
1.6080510797363692 1.6004362507412107
1.6004362507412107 1.5778533947695612
1.5778533947695612 1.5668585135580226
1.5668585135580226 1.6128464661110895
1.6128464661110895 1.6153377450460762
1.6153377450460762 1.6958377417369765
1.6958377417369765 1.6872518091828486
1.6872518091828486 1.7607546000730079
1.7607546000730079 1.7671894861551867
1.7671894861551867 1.8142902109160537
1.8142902109160537 1.732265276373688
1.732265276373688 1.792050566854853
1.792050566854853 1.8273399947178202
1.8273399947178202 1.8364999037202572
1.8364999037202572 1.7267020185545445
1.7267020185545445 1.7271149540017345
1.7271149540017345 1.76532438680196
1.76532438680196 1.753811893807809
1.753811893807809 1.7340689241469176
1.7340689241469176 1.7837227835614264
1.7837227835614264 1.7414686900296488
1.7414686900296488 1.7850523203188258
1.7850523203188258 1.7843272239213674
1.7843272239213674 1.7074879744652647
1.7074879744652647 1.8391516470023137
1.8391516470023137 1.8388208263651495
1.8388208263651495 1.8741603218086325
1.8741603218086325 1.8733925049733793
1.8733925049733793 1.8921801546353245
1.8921801546353245 1.836408889383516
1.836408889383516 1.8413741297448396
1.8413741297448396 1.9248530265082837
1.9248530265082837 1.903038998715159
1.903038998715159 1.9470267778471566
1.9470267778471566 1.8619497282724713
1.8619497282724713 1.9633616775503926
1.9633616775503926 1.9745171401238324
1.9745171401238324 1.9801195085734953
1.9801195085734953 1.8980805647428851
1.8980805647428851 1.9665966784989182
1.9665966784989182 1.990083395338728
1.990083395338728 1.9040064609419916
1.9040064609419916 1.9908447594356087
1.9908447594356087 2.014030143092791
2.014030143092791 1.9389357973318262
1.9389357973318262 1.803392492673857
1.803392492673857 1.817144703913679
1.817144703913679 1.8158065135305885
1.8158065135305885 1.8067591135343732
1.8067591135343732 1.8154924085029813
1.8154924085029813 1.80286345789139
1.80286345789139 1.8012064799727787
1.8012064799727787 1.826470690442676
1.826470690442676 1.9711612073468188
1.9711612073468188 1.915728111441134
1.915728111441134 1.8502419927176785
1.8502419927176785 1.8446322234642334
1.8446322234642334 1.8360503308763614
1.8360503308763614 1.7432872680840823
1.7432872680840823 1.6227099953938153
1.6227099953938153 1.7243147349235384
1.7243147349235384 1.7240592249531959
1.7240592249531959 1.755001920290135
1.755001920290135 1.7561972823410823
1.7561972823410823 1.7574954957968423
1.7574954957968423 1.8377802020939489
1.8377802020939489 1.8061947162663383
1.8061947162663383 1.89817341432534
1.89817341432534 2.007892825512879
2.007892825512879 2.0122184603692697
2.0122184603692697 1.9874945156166965
1.9874945156166965 1.9750792764233516
1.9750792764233516 1.920590397786149
1.920590397786149 1.8949639016804547
1.8949639016804547 1.825636047717099
1.825636047717099 1.8253411303970866
1.8253411303970866 1.8282682225054916
1.8282682225054916 1.8772639938757787
1.8772639938757787 1.8906973692883196
1.8906973692883196 1.8702877359830103
1.8702877359830103 1.7765810900555927
1.7765810900555927 1.850110781432935
1.850110781432935 1.9682219181863227
1.9682219181863227 1.937316288652758
1.937316288652758 2.0209699047396708
2.0209699047396708 1.965857102426544
1.965857102426544 2.037181917772705
2.037181917772705 1.9191547844572587
