4 0 0.0 2.344199074151375 22.53969124337075 2.2407028311563475
1.0081229068054902 1.014333237137874
1.0869342293236277
1.0898765656701488
1.036404780435055
1.0964748097487278
1.1149637779095845
1.0685674899900823
1.1442538047511555
1.0738724602991212
1.0096364962652262
1.0073633012170473
1.0014478552336863
1.0657498280380782
1.0634289644498276
1.0330506093612692
0.9641105174228353
1.0122188283087745
1.0083329124933034
1.0559869386648597
1.0567989590231506
1.1167879671486716
1.112577557269575
1.100290743003534
1.0501271289418495
0.9765871018033493
0.9450986611968606
0.9495301888963685
0.934451731471895
0.9474051943682239
0.9479654409983679
0.964614493320397
0.9312792808271197
0.921526792119682
0.9230878316733087
0.9632692029385083
0.8888872297542593
0.9056072126701592
0.933197779098796
0.9029730822933498
0.8353928892869643
0.8492569860571995
0.8653622519359095
0.8662209774966505
0.9324238445440686
0.9321010301906598
0.8665148931088311
0.8599281121605846
0.8606960755198513
0.8265308915016066
0.8825797032451969
0.8814404546096829
0.8383198952559677
0.7925043018920522
0.8181932578648756
0.8269958654113435
0.8287255067450344
0.8759425680028246
0.823497001901951
0.8294465891370937
0.880817498554831
0.8236242465136158
0.8574673506264893
0.8957059311272193
0.9141424309756231
0.9639256479674705
0.9667039833173161
0.9679745476695473
0.9547989611373905
0.9833252787982892
0.9252361462056535
0.9098686893195598
0.8619271429433395
0.8457896669417055
0.8159960624386298
0.8583290771956935
0.8403604738979897
0.9025618248253264
0.8318243812990633
0.8146705110451399
0.8385168043990434
0.7858275095738527
0.8408711000196493
0.8424840504803058
0.8295507918006906
0.8701826219534593
0.8831640105084697
0.8943404846032177
0.8947347332589155
0.839842681417444
0.8582414742368079
0.8567761794624339
0.8500648912627615
0.8690931569352964
0.8578515013635987
0.9063231846537622
0.9062012454657813
0.9065119788649714
0.9117789334496367
0.9537727560291424
0.928714462159467
0.8879032346321756
0.8671389971232415
0.880539550329929
0.8686533685772005
0.842545097975175
0.8023389712344037
0.8024203868694697
0.8215993449619601
0.8493859916098381
0.9108730893613709
0.855873843048301
0.810500470361707
0.8128184960456543
0.8156623113767147
0.8629394576648508
0.8611886602889888
0.9186151582794548
0.974858688457811
0.9883878135222814
0.918207268740631
0.9320932335940071
0.970677433400888
0.9119606127527047
0.918892532032789
0.9182021105371762
0.8751433671022552
0.8714933968592388
0.9125778016240872
0.8766206506387098
0.8834524340541462
0.9212361810727305
0.906045955886433
0.9058940203667596
0.8334653676197719
0.8345141067069863
0.7800566806118097
0.7594829527898169
0.7693624339476994
0.7808462586081134
0.8377169897842414
0.8373356827287562
0.8775450249341308
0.8740413587863629
0.8348535465527908
0.7934400839351439
0.8325456903728069
0.8648404972207666
0.8678482177424885
0.9311618967632915
0.9727961812356715
1.0112823032639233
0.9720996162455545
0.9540328643566892
0.9822759009539523
0.9683208220532963
0.9647397961629408
0.8960769195439404
0.874729548858451
0.8335587165030138
0.8297884682544274
0.8252709834004003
0.819466192123031
0.7771113636017554
0.7741499833382744
0.7833446476250058
0.787083778191111
0.8477951938448735
0.9002980277005341
0.9261239510434949
0.9422801020793801
0.9560649053603946
0.9126081641793966
0.9060058027407415
0.9342213715238749
0.9299699052203833
0.9313596570803663
0.9116633197408665
0.8764699709524051
0.9139676322272112
0.9278006567473377
0.9881102549478652
0.9854469331258202
1.016863022256922
1.0148689278493401
1.049307981194604
1.1243122285059575
1.0582934767810481
1.0588355062368886
1.0510354933831336
1.0499909632701947
1.0575659755623128
0.9869150719098325
1.0003889579204424
1.0006134301957155
1.0114267636915686
1.061580448889592
1.1321092770839858
1.0752892625438344
1.085820811956576
1.0657758331273175
1.1045962162549905
1.089525138366294
1.0491374780187221
1.0488386216326535
1.0873240480539266
1.0089930466024526
1.0010912945998671
0.9520615637145459
0.9515923264917404
1.006475606614941
0.9983617466259361
0.9673300505211608
0.9654126798340917
0.9436945285411374
0.9166182181748346
0.9802081922063762
0.9287853570412102
0.9017154058594964
0.8609632874512754
0.8348074675807824
0.8962833243225531
0.8934445018914358
0.8274671661754722
0.8307321551105525
0.8363816682184851
0.8486815804601364
0.8569531365710565
0.9245421928807819
0.9259159297361821
0.9857583443008604
0.9690623790193158
0.9661298615271139
0.8976548270073758
0.8938042326907358
0.8734185601486144
0.8083497513520483
0.7785590832558802
0.7901767432097705
0.8130833619898455
0.7513924767837545
0.7772012695145969
0.7768571537040602
0.8198158342532291
0.7761221964324054
0.7680278413948014
0.7823971833690325
0.779653031422592
0.7681439576859241
0.7796679605130298
0.7698326897697259
0.7699226662945272
0.8198825177233671
0.8743666135024462
0.905805475768846
0.8728956120514654
0.8768774162255499
0.8926076890495802
0.9033702734877291
0.9200266597424847
0.9231119203169063
0.9535926048901993
0.9380480614398701
0.8962196863552264
0.8750195738696145
0.8754099354820675
0.8612223520059347
0.8719052778795157
0.8733885783446806
0.8745101809558621
0.9414705601643691
0.9777040267511382
0.9210471078917344
0.9096147450695424
0.8968200745889974
0.8979228459630293
0.8993942010748942
0.8752544727473454
0.8508158080131949
0.8157524039490691
0.8203367108602289
0.7963795761487041
0.7964701690972709
0.7977873545813777
0.7791046243911587
0.827784033263367
0.832446125911083
0.873671251494278
0.8951947780051429
0.9609875888508702
0.960504821405397
0.9469635733774295
0.9454491520831007
0.9268319850326344
0.9032128121504865
0.8370965234544592
0.8314739825622682
0.8429286825897474
0.841889299330844
0.7993357240304835
0.7944559629425078
0.8097998870482795
0.8102807213875227
0.8666938207533078
0.8969488871491568
0.831643105797313
0.8928388824115271
0.8547368680849725
0.8723435409127158
0.8749727221248957
0.8901969222633426
0.8715495642851006
0.8701458354814552
0.8687086499180753
0.799715469766428
0.8581643961198568
0.9029513848947491
0.8497179611821694
0.8867694172576349
0.8803335641677087
0.8307944252050671
0.836223413838381
0.8991181702839123
0.9505881730784411
0.8782642090710817
0.9392499607557042
0.9802465839182682
0.9253365007432474
0.8821119964848908
0.8911422001620442
0.945210577478525
0.9591602997398017
0.9737469210987023
0.9072132711689372
0.9169474638975607
0.9260956018857075
0.9206605995136569
0.9913706419452807
0.991258675452929
1.0475579488682554
1.0473686932294166
0.9770898181243951
0.9778740936668575
1.0276494001254046
0.9768916290695148
0.9739221791425756
0.9658251973530744
1.0198238602854928
0.9685231703635263
0.9911618642704657
1.034188538839435
1.0203488176297337
1.0912998755527858
1.129073886800334
1.1324001737931848
1.1332435464196702
1.1621384248396234
1.159614546619195
1.226885190366141
1.2228238696478122
1.233281346449695
1.1598150948279355
1.2230427971335138
1.2232211053110174
1.1434986931433075
1.1816452087255522
1.092895884500082
1.1343503062066957
1.1844579446323034
1.1739823235243139
1.1301592877742255
1.162576951815825
1.1055198977865026
1.1732464118726096
1.1675461030930592
1.115634203954722
1.0814805337442697
1.0616251915125738
1.1019242741570845
1.1157366801296518
1.146001147156748
1.114240311441106
1.112470087662614
1.0440623403843856
1.0420462878582246
1.044411790830697
1.0476125288363214
1.0473636039007375
1.0773225167969556
1.082269050598664
1.0986153327864676
1.128655797365701
1.1288245834272352
1.0776685602411311
1.092714591254581
1.102909834522196
1.1611063092124179
1.1530074955138325
1.1528287551498044
1.2182238082275891
1.2769507694983584
1.2480555234371606
1.1745596944711503
1.172505792626998
1.1760277996914155
1.2002633261219746
1.1811624843136568
1.197904905100466
1.194398266944934
1.2303162220169992
1.2453054628046782
1.2447647445640753
1.204638344295309
1.2463833720097526
1.341691806707879
1.267160948245854
1.3091575088145138
1.4041905103172236
1.4110592099261168
1.3010704110275781
1.3419854806066707
1.3674172679109384
1.3671481895452042
1.3478558513180685
1.3656324037218757
1.2912188768888744
1.2798965150246928
1.1866779766249307
1.28043736662608
1.2799209229093707
1.3482286770625653
1.340866697137555
1.332896412450059
1.2322247882620665
1.1589354746486265
1.230701168944813
1.2132552783349908
1.1911622032163602
1.2054680165422493
1.3015075329380488
1.3128665166487745
1.400919767154196
1.361554474612566
1.3988275184342591
1.416778377419021
1.4995767457992781
1.4780342862534672
1.4722927201358376
1.425461571036959
1.3574283936911509
1.4174640597939616
1.5098209852901194
1.4868432563012475
1.47860200065267
1.446624495639989
1.4361470216217627
1.4040679521338189
1.3758550778840073
1.3534934737903948
1.2639884807961783
1.2718846086517754
1.2993600984931062
1.220117799573663
1.1686329506539934
1.1192250643486852
1.1598971702473697
1.1644856903901848
1.1743260634929666
1.224769117560403
1.3158084433494854
1.3165325582193521
1.3950863958617372
1.4620066263700742
1.447128862803739
1.4707400495929095
1.4161611564432983
1.4213390659684852
1.5142500364121714
1.5078551953018045
1.4996955955853466
1.4864359308199793
1.3900248754538356
1.3881330028113799
1.387987922718736
1.3568762539183532
1.3321969569537557
1.345682235068509
1.345414903419643
1.3933740645234027
1.3084187226694515
1.2670209453419767
1.2671501718466704
1.2459112685214233
1.2767294233220678
1.3075700465086875
1.273184790259963
1.2794287977095697
1.210851911608357
1.212373643953467
1.2265181918371084
1.2318449954634596
1.181506478854701
1.1817293360084926
1.2069209646532606
1.2549960017411386
1.2672572003574647
1.2694826086482176
1.308699122949009
1.252019452436141
1.1651108422968675
1.1775149662113402
1.102506636710428
1.0807974945471384
1.1211942106393114
1.1209943316821862
1.089665435070121
1.1659519623947698
1.2449397446039037
1.233749420640374
1.2327494793976663
1.189123490530096
1.163895362108468
1.1859682249843586
1.1712453272850212
1.0988947169829297
1.083097689807853
1.0861841052774837
1.1022199422991465
1.1499164657666832
1.1268624710919273
1.041681254533191
1.0319012372358383
0.995069825821607
0.9646051114570516
0.9512795735571392
0.8918590432260657
0.9203993530888093
0.9475135237912149
0.9567760486405423
0.957125853378499
1.0062615675749114
0.947128697314987
0.9935990878644879
1.0505463960374057
1.0504383260957102
1.0526306363439422
1.12512650419725
1.1370716871788804
1.2159713623412418
1.2505314287664588
1.1843796432070126
1.1828004026475858
1.1313883107560476
1.1385797934126807
1.135870127460961
1.1112339437612302
1.1223223356274743
1.1564035569067261
1.1951739841229923
1.206526199620174
1.117766327769031
1.1408482789436103
1.0558487905425167
1.1092837621923484
1.1665585031846002
1.1682496359163277
1.2251639583745377
1.1873292325916043
1.1855441008085748
1.2285836557780088
1.1902613110703721
1.1965049028321422
1.2260581281029932
1.1995699655155736
1.268185418955328
1.2531568381031672
1.2659564363684466
1.2701758456672707
1.1819086646494696
1.1523580757031415
1.121213974642444
1.2105541967058653
1.2326867723144403
1.2511012108339952
1.3500775726140528
1.3496627572305844
1.3461860790738451
1.3469425995004292
1.2480885207637407
1.2379129685283747
1.2310811012811775
1.1467131880060677
1.1442354338988887
1.067889331799558
1.0456884539777038
1.0458079676911602
1.1269625455958248
1.1372953679550872
1.0744652507331511
1.1339847017748317
1.1504847687564002
1.202766006264839
1.2196726002123286
1.2660935299709746
1.1674897749865776
1.1690261818285639
1.2026732301189609
1.2817770199198368
1.1802293690462484
1.1831957600235683
1.183946717888273
1.142529921412279
1.1562926352809293
1.1302152079743462
1.2030933420285415
1.1726583631700942
1.16457992439676
1.1685222182457338
1.080174015202347
1.122318196390134
1.125768108420552
1.1226458605174965
1.1680189263832037
1.2116017753717172
1.1778999464711999
1.2360718863528035
1.1539112104437454
1.104882101257122
1.1815155396357886
1.2196461478612979
1.144224930441334
1.144523424358428
1.2290987871062407
1.2292627631018145
1.3099836511742933
1.2980080935651277
1.3176692769584204
1.2218023798371216
1.311490829118411
1.3119310976860454
1.3080793092754646
1.3419759896385186
1.4321421465753394
1.4261384229728873
1.4036565340216547
1.3114616461393909
1.3086728912706491
1.3361805567736458
1.4214337262996222
1.4466696066157891
1.3536588000311143
1.3228072587833268
1.3794059685590645
1.3431833605092298
1.4476617212272123
1.3677011739909817
1.333005444781362
1.3217514033923168
1.2659839972801135
1.3219260826212689
1.2561676273147644
1.2522485438382958
1.2573856680880626
1.302810413690649
1.3712953304454085
1.371712975892914
1.4051785819954543
1.4122156486208024
1.4046110075322358
1.2951393928325112
1.3717831352460799
1.3524615090503973
1.3983157421576209
1.4305320909399193
1.395235050939094
1.3094776952104281
1.3918532019138847
1.3870750553475377
1.341702468204042
1.335221025747513
1.4060444502676954
1.4767153236980153
1.4365921436118103
1.379103351409966
1.3222785944295576
1.220662146201496
1.124427693352
1.123124640423653
1.12906503504701
1.049317909357836
1.1306375340816814
1.0786384180763275
1.1028965354724443
1.0610008253659642
1.1119619228182074
1.151810336150801
1.1565046060667712
1.1749157860803423
1.2672956753152231
1.2461495581376483
1.2298363491390345
1.1932950725999154
1.1898575462034613
1.115307326642141
1.147390492043476
1.141574690191317
1.1835180646321966
1.1607919201547978
1.1585247570067225
1.0812312888551383
1.0214313078168429
1.0576754624575653
1.0528224571512226
1.0847967555349254
1.1161953885925888
1.1452131372257273
1.1627659867722913
1.173857892727488
1.0924774408764575
1.1590675283113634
1.1398735379903668
1.15466041700724
1.0879595095320984
1.1261219154422837
1.1698645085805708
1.141136575908219
1.1143844743750446
1.1896650830557938
1.1918978190919227
1.2314327786483121
1.2017741847991121
1.2410230186952627
1.252083645693292
1.227515648707419
1.153955998667334
1.2353014477695168
1.2859528417966455
1.2942565900793044
1.324216000416565
1.2420362254737123
1.2514686766936283
1.2564944714755675
1.2497772307259098
1.246379808068515
1.3422744904810284
1.2354117289795223
1.220118185554687
1.220503923217435
1.2252998519533502
1.2715131327046154
1.319631491534794
1.2717571683704674
1.2417164380686203
1.2457502308118953
1.2535400147838585
1.2884576346085024
1.3070079219260242
1.239854074394076
1.330324598019045
1.3122978028456347
1.3787365214939933
1.412306110749291
1.4193457247447872
1.3487344866874964
1.4034796310844848
1.4882785698210175
1.4187863393030766
1.416697024567018
1.4191209319387108
1.3787638200943202
1.3281576091815461
1.364186360721052
1.3451344968391092
1.4107708897665046
1.5096822009499853
1.5354528868906445
1.6163812870033505
1.5786688848860284
1.5478203671837505
1.4942796941811827
1.5899270614441974
1.5550732234083888
1.441557771310807
1.490256508284489
1.5079673886379716
1.4930832419482971
1.4763098721222052
1.4753536386949564
1.5068660942621672
1.5340609737763236
1.4973589319072902
1.486058314445802
1.5910417912131147
1.553939955698033
1.6045139924129532
1.503367306038791
1.4487254622406494
1.5257490854253961
1.5074287827479422
1.458174188258739
1.447971099822314
1.3851798586437338
1.3665871268289638
1.3889447366370824
1.3776892297056984
1.391267893292764
1.3751542559175152
1.3034881111757208
1.3836550791058317
1.2794362605009937
1.2667021487500645
1.3493937822443727
1.3492376855109132
1.3209399524400447
1.2812594965923711
1.287480753743182
1.2758254140952074
1.286539269103144
1.3605596583840702
1.449273958781531
1.4498607701358461
1.4473510718444966
1.5321953066441385
1.4244967122453653
1.522952227173599
1.4985885217182802
1.409453764606602
1.3921425047527929
1.5005130101891848
1.496033114546974
1.4059377771675625
1.3101682376208836
1.3159736278809777
1.362021328749449
1.3456853363519399
1.3320082699006157
1.2824461418119468
1.2745162881937695
1.274778319591953
1.2743999646861535
1.2742593596034453
1.303413906717607
1.348570584487883
1.4341263619518292
1.4558158556991565
1.348387927873251
1.447408220665567
1.5205686041161466
1.5172490454506589
1.481320017471464
1.458230376362199
1.4054625694051166
1.37817983694142
1.3396925170705531
1.3276813205129063
1.2722023818875703
1.286179687668585
1.2734992082383978
1.2590820660042523
1.2268707223304447
1.2538834683315472
1.237570822249872
1.207698288387861
1.2988197620485373
1.3076371488393312
1.33784604682418
1.3869720839549273
1.3629964892697888
1.2666235287192196
1.2526581883047179
1.3489226297462111
1.3992848808367353
1.3686562466924408
1.3901520418454407
1.2789614330539953
1.2868275161870855
1.3280470845626204
1.4299807236715103
1.424078534426553
1.4368209306818631
1.4454394587151913
1.3447070167112272
1.3451240896374599
1.3458027552307505
1.3463880183330268
1.3598649980852695
1.3528896416545815
1.389846472151533
1.3923418643496863
1.3046581667862809
1.3272114228131948
1.331626238587698
1.2746846099831997
1.2076895909092744
1.1864496510019038
1.178947087641198
1.1100053942677217
1.0978235067900226
1.1038401254152077
1.1319997612327632
1.0970317404956018
1.0939782409152738
1.0943091965294613
1.1049694545865258
1.1229846530968204
1.0558911594811293
1.073839668934046
1.0401709087584552
1.042723624045698
1.0480554824026647
1.061349866785803
1.0630074355832733
1.0831377161317906
1.1304645045657031
1.2070345542537064
1.248722145988654
1.248284769296966
1.2493073115793705
1.252475039070081
1.2995892713435364
1.2084901564330761
1.1445857686505245
1.1766152248020296
1.1114793268116412
1.118804205476624
1.1700018791393487
1.178068525967531
1.199663827192043
1.152836017870233
1.1928204085681198
1.215578569562351
1.1684927846078357
1.2352910532991503
1.2386748953148001
1.2317077587347653
1.227121278840428
1.2842392775580513
1.2686264090459944
1.2397858534539001
1.2165774091303914
1.2117408091859991
1.163131092343414
1.163826110834789
1.0940115218350646
1.110488787500647
1.1849992406124312
1.1039959969755455
1.1157702387993902
1.1733989705826888
1.2180645772787548
1.2342249165443415
1.1963672622159203
1.223135218195864
1.248066505677265
1.2165240726308744
1.216157564169626
1.2433883160166233
1.1588846338346919
1.143361716554792
1.1705113792928827
1.1718076367644072
1.222915459901601
1.2064743171767334
1.243836439553674
1.2512187623580573
1.2911769162544688
1.3739643189692763
1.3922404642483777
1.3504148850276707
1.4224745086625814
1.4251436017884778
1.4924277284832415
1.4067297410040691
1.3371040202483273
1.4125377849071197
1.4332319181932647
1.4624629226941182
1.4215048314578704
1.3875588763298494
1.4562828471197442
1.5574402370149945
1.5567355584815565
1.6268994955271248
1.5165121042924998
1.4252440571876994
1.331026649617217
1.4041201766130804
1.3313810028273205
1.3516047981948962
1.279575868699847
1.2494168114852737
1.1699992566796442
1.0961314972604388
1.0984825000079348
1.0185849816838106
1.0382136657859626
1.0177814903429283
1.0200425502269668
1.048895087563815
0.9815433185343085
1.0178605379104317
1.0323517583721695
0.9722331170426345
0.9764648402315662
0.9933883901439352
1.02282386618986
0.9515159840322991
0.9799534455193496
0.9817577230787181
1.0115431269574473
1.043539856582737
1.1033532488651618
1.1440552691863923
1.17782423060533
1.160918971367781
1.1607000602958384
1.1245317045549759
1.1159242732070158
1.1427903174665373
1.1218702647638246
1.112261108188894
1.0956463618506116
1.087462642307537
1.0869978948717216
1.0982723360144186
1.051584883651368
1.0495482307375532
1.0309640842124637
0.9813723649022614
0.9923794595537151
1.0031056354605077
0.9993973657527283
0.9626882274591059
0.9874761198216286
0.988640704746547
0.9927777491968647
1.0614993894916673
1.0367110371982187
0.9959541699510245
1.032799448544451
1.1127233808604207
1.1117568728235934
1.0757865298816323
1.0836612285316478
1.0853757743714987
1.01945446440067
1.0010793921983
1.0012503929076169
0.9981438376729055
0.933209220230154
0.9963022420957603
0.9966635920429515
0.9829411118119915
0.9462650327582881
0.8845379465640953
0.8673228499785259
0.8733892279679447
0.8332563674840997
0.8524844697433511
0.8252082322871487
0.8257428856450262
0.7963565599159218
0.7984499589941559
0.7550053573175919
0.7348282427676254
0.7665266532261799
0.7967912314211119
0.8149544677554559
0.7759026324987855
0.7971449278668921
0.8472896554205576
0.8476900506164156
0.8401490062864815
0.8743795627038881
0.8996228262493782
0.9514533706219721
0.9642320322948705
0.9630391270461177
0.9311629237257754
0.9878864170755982
0.9769525377154822
0.9519616506044645
0.9525518901342299
0.9714145211095389
0.98527498594697
0.9314073142853925
0.9306001814228937
0.9022745196208112
0.8362823671953759
0.883662666028011
0.8809070137191085
0.8491993847379018
0.8611101384963044
0.8816645375297718
0.8252499726071493
0.8815205056274527
0.8511694928827702
0.8211900629182429
0.8267962168344456
0.8913539902788342
0.8923796535646176
0.9199163516691116
0.9885763025663766
0.9780228225373133
0.9163183474059061
0.8812302913025232
0.9105069452084796
0.9188791032301741
0.9254922969840493
0.9468913623031899
0.9264252663066058
0.9188995191136167
0.9529247143214808
1.0219157871136495
1.0966080873869826
1.0168899437610996
1.0327546808240944
0.9835657155669039
0.956182008705823
0.9393583715101015
0.9260264998967794
0.9744135322549168
0.9646526260267754
0.9296152917401218
0.9143638423630286
0.8460607643992775
0.858899903678163
0.8992671368594831
0.9261789034394308
0.9989826073009995
1.0232957271094012
1.0220247733000356
1.039117389779771
1.033244978894386
1.109210094733543
1.1216588238845682
1.063611746122248
1.0869912829951855
1.0878314271516263
1.0394148211445797
1.0085964795091305
0.9575640013350839
0.9783781143136079
0.9952283273245707
0.9408203044187129
0.9600808227756955
1.0110367895704881
0.9530129081901141
0.9502861719127823
0.9483021362674616
0.9491845404063354
0.9598593567928564
0.9600111811128946
0.9093927636161269
0.8929558279778906
0.9296091456722347
0.9322582901317087
0.9606070803852166
0.9593574830478646
0.9309780256072987
0.9728918573286843
0.9496659171032882
0.941510967525851
0.9366892560972992
0.9395771857624133
0.9858052372398867
0.9612952330121711
0.965366799745279
1.0352413703754575
1.0501594629654438
0.9678287475888991
0.9451071185865297
0.9192445438054537
0.9223488538749002
0.9756225098562273
0.9210085076380987
0.9813211911857449
0.9731480169491117
1.0063066164559353
0.9832211855458274
0.9143213088348316
0.8716090845240322
0.805890805998036
0.8313029525265531
0.8404287395464791
0.878244814413092
0.8837608643546783
0.885286176757499
0.8444163291040876
0.8044857331676399
0.7611942134406748
0.789329810337833
0.768787269618855
0.7103004105949072
0.7404388841222206
0.7445077611975013
0.7446014715860979
0.7653595270741198
0.8144157487341924
0.8237365260486949
0.8450693349036359
0.8486520625774827
0.8484708188351837
0.853076587640849
0.7892481006157985
0.7992278047975754
0.7983425951850124
0.8080621286004684
0.8083146656808384
0.8155482809171901
0.8491213355005907
0.9131767373921434
0.8452583661556261
0.7820759740922414
0.8319561215261728
0.8792850372305423
0.8990615779841659
0.8432950540621938
0.903998411337942
0.9024066425158607
0.8672322589140001
0.8046820334577387
0.7837400085213602
0.7886723489690048
0.8120522218435201
0.7737600254449951
0.7194316491631909
0.7153022631109707
0.7718219701899928
0.762017748531593
0.7610839880892634
0.731612972306598
0.7391959802396567
0.7269135151401254
0.6946229082201061
0.6843509510709681
0.7364779877594776
0.7536815314490549
0.7529025247865947
0.7218699910732208
0.7428191870061202
0.7672582683513474
0.8076763692836267
0.8714530760399153
0.9185978144561999
0.9242792761505703
0.9188890036857802
0.9647909762782569
0.9799438287192905
1.0232508490510814
0.969001808019382
0.9639780777563977
0.9789682544386453
0.9654810088870364
0.9175777178620101
0.9174855385071201
0.9712328792963615
0.9084542874559628
0.906004536881338
0.966137584490126
0.9537338426012243
0.9315860810734993
0.9569753889505669
1.021739380617844
1.0124851591943973
1.0022453146651056
1.000895571356797
0.9697092163017198
0.9540477139475082
0.9263492398974568
0.8939741615117418
0.8574679038932779
0.8542296877984228
0.8282243321623486
0.8061794680935432
0.8060584950718569
0.8070093617804467
0.7745251361593246
0.8053911705672032
0.7853114535102235
0.7900818210553071
0.8166612001804634
0.822180366819357
0.7770926572427079
0.8086487295699489
0.829733619358139
0.8414305034048694
0.8401479296425799
0.8527088996783907
0.8705943832344364
0.873560891420925
0.8181291953613605
0.7692780874218325
0.8176282142314074
0.840539398133771
0.857805683990012
0.8477398757183496
0.8590613265287113
0.8494586715509209
0.9009798487598306
0.8844322430416394
0.8262193855814025
0.7827236377878352
0.7776456126756721
0.7918677739007193
0.8499680205152177
0.9085922908730952
0.9087054960393753
0.9744384959891219
0.9020420710719795
0.836543253233623
0.8424055359457502
0.8043545869979036
0.7998088379634153
0.8039448489231628
0.7671539963587829
0.7672383353756383
0.7792071479887023
0.8205582195890573
0.8419565886714258
0.8690418112156159
0.8707275610561589
0.847366881542783
0.8457350526613006
0.8056781501943339
0.7834456868729477
0.820291677212591
0.819309040211708
0.8253060150798874
0.7680524337154984
0.7926552062900643
0.7645768303325712
0.7617411879685104
0.8048274966132556
0.8455316492721492
0.9006518003889087
0.8753675383455723
0.9358609305208694
0.935483085703597
0.9309983179795175
0.9111321056818009
0.9112381680598136
0.9185466311855549
0.9653925455693103
0.9798069284177983
1.0494301129119996
1.0332528070216316
1.0965651290317824
1.118142560406874
1.070953881318847
1.0221722753288878
1.0191274463161917
1.014237696990299
0.9754456118518744
0.9108154759857915
0.9156293081574444
0.9164611635427802
0.9163625693328266
0.8562300126639014
0.8961554440762634
0.871367896684912
0.9321959873550102
0.9258493985328335
0.9589673819558242
0.963021645212481
0.9753125495054102
0.9905160770271549
0.9703774230242518
0.9961849313389951
0.9978315624194953
0.949999856307786
0.9493546423592489
0.9188090891853029
0.8962934715973538
0.845982933782933
0.8316081441300204
0.8322782099800305
0.8326632932288794
0.8260413642316651
0.8822830000397587
0.88924905583703
0.9182388350540452
0.9184112289697196
0.9262713136887021
0.9744720954659313
0.968911495833026
0.9258901620141462
0.9785684073478532
0.9319705607701773
0.9230443647253557
0.8773095660994386
0.8752159939291965
0.8597360539932307
0.8614050551616085
0.8551287726850461
0.8471167358418784
0.8985750937342769
0.9195489284886952
0.8860613726350444
0.8882240064636112
0.8575868856056541
0.8737063676803148
