6 0 0.0 1.2461640027554817 29.44473028076539 1.9539182856143114
0.9420533838968002 0.9448512432605674
0.9396026147849821
0.874377155250965
0.8415902768151607
0.8498020888361683
0.9104558799722652
0.9139294565429491
0.8806873192759286
0.8879694887946571
0.888820364199922
0.8217898681695884
0.8270963400935775
0.7892592887766503
0.7866880465219619
0.8422310922007478
0.849236009719004
0.8937783200502303
0.9057178265464236
0.9095600461847956
0.9445727074251932
0.9084052858119337
0.9261368609582894
0.9724982964555752
0.9375206497233558
0.9363749784256811
0.8942650451806162
0.844881905814813
0.8444108902043506
0.8439136765137161
0.8419161833639796
0.8478993829808014
0.8500491789069224
0.912708610985607
0.8587400890466199
0.8653239832535208
0.8779780449385138
0.8784694665410264
0.8943254228334093
0.9061319691370653
0.8979378796629871
0.8982002628416458
0.8942069965353688
0.8946004118469557
0.853032865858555
0.8617745725277204
0.8515326596758164
0.8800690497661103
0.9008136248950889
0.968213557175313
1.007070610169452
1.0036279882183754
0.9638274048912469
0.9642686178813767
0.9602857711040186
0.9043724412679051
0.9300770446161267
0.8789193069613425
0.8280465821946892
0.8734430118490214
0.8724822409180969
0.9142879301849477
0.8476969100755251
0.8481076260478287
0.856123218850355
0.8643627320846443
0.8692311895052827
0.9163658162354694
0.9641416558774785
0.9460483770358129
0.9465545830934442
0.9488647194482072
0.949691270483289
0.9593139274074617
0.9323133871218845
1.0015868678783997
0.9972135116053247
1.0000021163254575
0.979865490169246
0.990754468763345
0.9375238891432185
0.9882215452828823
0.9268484324722797
0.9322161520980308
0.9179494014498821
0.9029657758842637
0.8780712379016621
0.8817877683327658
0.9234730062753369
0.9330309906964481
0.861460087867955
0.8711675638112895
0.8740510568339931
0.8451241347053481
0.8754700814197292
0.8530326343037179
0.8577068800471657
0.8204802981671879
0.8370970092059375
0.8836625805107338
0.8476312811313332
0.880456060892172
0.8304654879617657
0.8804831076421687
0.8617842971755323
0.920002405748926
0.8614881149579076
0.8901546643533832
0.8984306413061963
0.9453362979843382
0.9632456617101748
1.021810336154698
1.0862579172224964
1.12373806225636
1.1347075746627642
1.1175916938966748
1.116870853148397
1.1480868912674527
1.1129675236165817
1.096185808425181
1.0846086497479084
1.0485424231069154
0.9651061656471616
0.9873970070573108
1.021250567648109
1.0614838080956628
1.0569305799436222
1.0545183001500988
1.016464644897983
1.0278941857251453
1.0791981003399407
1.087280296396862
1.1104359284994703
1.0661831174015908
1.0639515149078906
1.0458901103980287
1.0426231209595584
1.0423830395878535
0.9799571832812172
0.9071224172609156
0.9592729511086815
0.9698530762168988
1.0090671390135384
1.018374289760049
1.0203032884197973
1.0299869003133186
1.0153367644736253
1.0186689144226695
1.0315388081727797
1.106681762963695
1.1396030268469008
1.1593672910926756
1.1753624026841514
1.144817112829876
1.1514704885414015
1.0954416966271017
1.1027478016273675
1.0446450113825614
1.1091925112899346
1.179051955301677
1.186461353978151
1.1391863952347938
1.1215030567919437
1.0846433857791578
1.1029950283863876
1.1720599087446522
1.1987751757106138
1.1396172579768513
1.1332793711930156
1.1255882357428206
1.0406232366408754
1.004309298138709
0.9472586293745446
0.9482620232870966
0.9853555668394511
1.053897071336752
1.057255173674847
1.0868455798486967
1.0769860406354523
1.107323383852184
1.1059035951923375
1.1077568513898572
1.1083234689193047
1.0721357335886634
1.0790200914253514
1.0259075509847924
1.0233733848767321
1.0835696133797779
1.079239507879739
1.1012553543429924
1.096686302712817
1.1057660884388285
1.1250897827209283
1.1573062631015054
1.2345987386596569
1.2295192608701813
1.2619103150598343
1.2720006500068788
1.2748173264021292
1.2424244732449614
1.216891952996331
1.2717513547500423
1.2901987212624766
1.2748854641263954
1.2597961681210303
1.1906420773171869
1.156677669671249
1.2036138596646673
1.2028386032157898
1.1911387426519489
1.2063025525655848
1.1572928639034372
1.13029430165292
1.1249825702959442
1.1258737083073527
1.1665367852037403
1.1797516866422484
1.1705903584047812
1.1642045929692524
1.1283892585128166
1.048288270767777
1.047475528828634
1.0464372655155516
1.0746014673793707
0.9988365720326912
1.0778115409099311
1.1435064540889988
1.126420163181928
1.1722367806681295
1.0800965581796116
1.152766317170247
1.118617165460191
1.0529555433237034
1.1247650918116041
1.1431387694217803
1.1464377853966339
1.192295834300769
1.2071201117831973
1.196185175906529
1.2128284751165292
1.1786283884665247
1.1484610911478852
1.112045195198511
1.0545890602804093
1.046039723225864
0.9746028685895862
0.9142743811309226
0.9080819157039403
0.9101186512462816
0.9115908951255183
0.957323541036808
1.0339094891299718
1.1135268281386956
1.0870660080504846
1.0899238975399947
1.0420757395330345
1.1075682118131347
1.1162537648721367
1.146426401123807
1.1611926963953552
1.176031219646967
1.1517131200385509
1.1482239376777281
1.08748177766704
1.071662085586648
0.9913034877390448
0.9872928954782406
1.052132140372627
1.0815709686456318
1.0314053500520002
1.0754434837135725
1.056248696067655
1.0970515611640135
1.1018721126633637
1.097597476547684
1.0376143731325456
1.0389399146885476
1.0793165255793864
1.004852107318203
1.0680744125051729
0.9830741913246916
1.0298902387824747
1.103168411713737
1.1397007525890124
1.1518472907944661
1.087335796102041
1.0346150469723687
1.0930935069400975
1.0833802177096716
1.129662292111858
1.2104271586046293
1.1563765931902263
1.1910614166387303
1.1613947771544844
1.2150144609005031
1.214608269741117
1.1578981252746923
1.1978603093754674
1.198430353494044
1.1271216270894164
1.1370779602469163
1.129988897521856
1.1340030925677063
1.0648370365926974
1.1113018427602326
1.1614319146120105
1.068786423770207
1.0578926619019788
1.0711630733036888
1.0873955120662973
1.0608216115070264
1.064085869322647
1.06681891803807
1.0206797457455967
1.094769786332359
1.1117171745827037
1.0752906795295285
1.0988590500094755
1.107291844383305
1.1700822199018361
1.160897901209132
1.0817844809469488
1.0994016811788991
1.15472179066097
1.1101822622375566
1.1284664495944763
1.118076445079522
1.1943226422007815
1.241310703202315
1.3295983177575807
1.2627713464863852
1.1827230668985187
1.1829701667595511
1.1962720116168883
1.1922222207617537
1.2053976809945788
1.1628970229580526
1.1894155806161264
1.1836483529360855
1.2690404666671564
1.2143560718134274
1.2189728265025126
1.2077796812724195
1.2112519009946054
1.2114021099427599
1.248565662407688
1.2576726888830867
1.2406786011400581
1.20019610061286
1.2391625707710832
1.2340152712022354
1.2936547373193263
1.2086288437170043
1.1336442722702553
1.0799167281009368
1.0490596590759875
1.0491652249903833
0.9713051395579682
0.9996988528279733
1.0741044958685462
1.155442967420715
1.2117132429690587
1.2653991649102496
1.3468659612235367
1.3315377600285976
1.3985186520037471
1.4242176137798532
1.4021977257586735
1.3759396313449515
1.3074365535486676
1.3442327768033886
1.310730801946427
1.2869661571933682
1.2452701194291889
1.1808362359176359
1.147927216881704
1.12258313027451
1.0840903717144468
1.000134404238412
0.9272239816705677
0.8723507405239441
0.9072647421142632
0.8946217749270503
0.8640440116940782
0.8817829348509254
0.8343270493436705
0.8566184325498726
0.875987448662391
0.8365941217472841
0.8307333016911872
0.8742089500252818
0.9127545567282458
0.9213542604207832
0.9468104774024133
1.005046657723789
1.0467738984913593
1.0518017224418212
1.11408133206771
1.1146509257269246
1.1103079041771455
1.1203729445918937
1.0458827124163346
1.0442953716459447
1.0477875743008322
1.0374344545828147
1.0193294818023688
0.9686188002916055
0.9269388958302166
0.8604928783078865
0.8376774598992458
0.8674042435070846
0.8407436107273439
0.8100764405944955
0.8341453704312849
0.8294267992870313
0.8496542135399405
0.8433175740410409
0.868430209794991
0.9175810537996403
0.9827558628523994
0.9870332285272996
1.0079128140124975
1.0246896079210384
0.9502406458800993
0.934692286400691
0.9359826292438972
0.9911819374202337
1.0692202483153859
0.9905880574794812
0.9780933082717668
0.9733143953261106
0.9697558047372853
0.9997505236856977
1.0602581346225417
1.0092163657625262
1.0282052677664335
1.0209796686202923
1.0308096766574826
1.0421049068977506
1.0613121844036209
1.0422056046950352
0.9767711493112329
0.9552528488029859
0.9516739581057546
0.9667075258573948
0.9345784079418548
0.9877530309886853
1.006246017595713
1.0035999437101164
1.0411388097242489
0.9880540992706566
1.0039928321322225
0.9648991696433978
0.9401275212334733
0.9676121667773996
0.9657460157671931
0.9487496685656905
1.0203052486690134
0.9912958938314034
0.9860410239679491
1.0191077184327146
1.078277212614703
1.0441533887220695
1.0455036302730938
1.081855017437745
1.024348178180212
1.058345481552134
1.0910129474254855
1.0396855982075779
1.104486951035365
1.1048339350550511
1.1567926210944697
1.1199266499798548
1.1707125373431964
1.2034508064098695
1.299512019497409
1.3087257500448926
1.298533113722791
1.2858322300136464
1.2670344529336035
1.229026128027944
1.1966905829257852
1.10314468519618
1.094463644102454
1.0323148535768882
0.9682681141199246
0.9721167960821308
0.9347442621963775
0.9662287592123323
0.9790623071348806
1.0485841862422034
1.114893659938687
1.136235772283591
1.2108171006513986
1.1519741726260055
1.1639394717546543
1.1485916005605226
1.1609955166855053
1.2068204083116345
1.2208436614193927
1.1634416948320934
1.100421987818731
1.0164834550774084
1.0015792571219042
1.034531519871014
1.0899442758850177
1.0596896663031574
1.0218488050076069
1.0193479978168511
0.9655506093790686
0.9209047001866512
0.9211198272919122
0.9212546276854158
0.9663964170888081
0.9307834628421697
0.9588115130405099
0.9604834828136737
1.0052216544064534
1.051901652554856
1.0845080099732727
1.140364823661877
1.0918472969582338
1.0584056787204061
1.047271925220676
1.0978939313461111
1.115337092259182
1.1113893479808745
1.1109154740517566
1.1528042555118072
1.1153589835455893
1.1254464397424515
1.1353654902822483
1.1630240181351534
1.1618826429414424
1.1315697085411658
1.1253028175686766
1.13360777666057
1.0472479078993304
1.1013548296020386
1.0731646994527404
1.1475940382352277
1.1193263340045463
1.0719147537376115
1.1420795369524348
1.1605319772255343
1.1389264313698217
1.1470165580966083
1.16271097246198
1.1669683647448004
1.2302917794090296
1.261898955615524
1.2582097534753915
1.2987606886463858
1.2969288395762262
1.1990031797890799
1.255160551161999
1.2018271251924648
1.2429297043559666
1.1737450978312174
1.1571112098704095
1.2087221690823062
1.2031606014171896
1.1461688636515062
1.1117128695754082
1.179804819369636
1.1582627967763446
1.0763307287033703
1.0517558733496946
1.0291509806638146
1.0133464476101388
1.0407742885957147
1.0231390849657347
1.0179052887177547
1.0865868677957613
1.081316302695298
1.148504531262404
1.128519113891718
1.1184013507191928
1.104706168961328
1.1439499269701117
1.1425651961358876
1.1317169238188438
1.084744945011151
1.0568535547928835
1.0653763676262928
1.0566673311789154
1.0564340519243705
1.0278419927903242
0.9592000435253147
0.9036908893687094
0.9676942489317898
1.011045978817015
0.9337785362590285
0.8888113581469702
0.9334877972658692
0.9394923062122438
0.9650891312624678
1.033896164008902
1.0236400230260478
1.0922094316888729
1.1146145978493724
1.0901502213729066
1.0867989770550865
1.0809689650807655
1.0070513548749072
0.9693273132909237
0.968682638132001
0.9597724854636169
0.9641622105913868
0.9573439233867382
0.9013292649689337
0.8936419064869368
0.8450829337325019
0.8634781367202846
0.8172074737628953
0.8481681138237142
0.8391849734489322
0.8392754146924808
0.8369237708112508
0.8331332159369287
0.8050837541014503
0.7853232895805151
0.7831985453322255
0.7948311308358564
0.7978342580659694
0.7872341813104923
0.789377336952948
0.8305136929921445
0.8626480339190303
0.8080040101848371
0.8348020862395975
0.8063789551517556
0.8061582175901708
0.8071942048152237
0.7723041119701759
0.7846040531189492
0.7290578398461125
0.7305101856170695
0.7309306472381655
0.712360063096697
0.7575794910089904
0.7879220246606042
0.7898660045948513
0.7735338999388683
0.7717481360014625
0.7514434139610772
0.7493084186166876
0.7516494867979007
0.7241257856350635
0.7616860516042552
0.7665244657809798
0.7654584487263479
0.7741555269265419
0.8079345647850634
0.8279836528677856
0.8064987302625206
0.8445241814996585
0.7987628369165802
0.796631051605192
0.7720942102679389
0.7920276865413209
0.7705064575969243
0.7858905124928746
0.7361945587580583
0.7715692032123401
0.7886873180898062
0.7768163205973179
0.7745636195044651
0.7653952784225361
0.7055836823189652
0.7024510617895349
0.6550232167021939
0.6601370051454616
0.617757456204015
0.5737050413844986
0.530867593646448
0.5309635523669128
0.5683130819728626
0.5811274303091059
0.5713563272002387
0.550034310523791
0.5443221080981033
0.5738388587201428
0.58147765867635
0.5803770527376382
0.5982181344198535
0.6054466384514122
0.5587757722886778
0.5805352270253902
0.5617414518740198
0.5655466302631174
0.5610651904187682
0.5761465228178878
0.5809530875396687
0.581056766419574
0.5470190772046141
0.586420909575166
0.5487768677057077
0.554568148152923
0.5134011411902061
0.5202836404102639
0.5363826981103139
0.5646996487684635
0.5759774845195975
0.562707482226107
0.5783969085345755
0.6202427992842718
0.6185875064947168
0.5960609918940638
0.5978425346776172
0.6200761053495866
0.6372113049391704
0.6098401279323087
0.5980956567634894
0.623212505959664
0.6243607036640813
0.6414265634589696
0.6074370418313955
0.5779600587249406
0.5357094096923587
0.5498771735808237
0.5259338308724972
0.5395610794593376
0.5405757250341086
0.5449812598543771
0.580280409921058
0.5936166945392484
0.6357882641977337
0.6757324821252083
0.6515692144591599
0.6452599471445284
0.6455367953067811
0.6239594892477206
0.6449609850288875
0.5981796215425722
0.6083877391608592
0.6462555834097407
0.6484156561419154
0.6523316272562034
0.6682019360289598
0.6750988523434034
0.7053006333023552
0.6831937220193142
0.721730236103998
0.6963198073312842
0.7027658511451688
0.740572963234384
0.7438663009047202
0.700535712136985
0.7007183608847427
0.6524963113601909
0.7033909787662053
0.7442277762211279
0.7465542932582453
0.7347646960586606
0.7160559395332045
0.7590484525486954
0.81351661245931
0.7841078065945999
0.7895719683566234
0.8198170691947781
0.8351421400066159
0.7845182359696606
0.7258576643307062
0.7479423842133703
0.758761562658778
0.7830265456321353
0.7841244085042944
0.7371668511749441
0.7630810893257549
0.766825958733084
0.7632757133563741
0.7837922156165349
0.8290275366196524
0.8254853101453237
0.8727571764882914
0.8474356796466457
0.8532593002339636
0.8851838900648814
0.8848477636257499
0.8819483859950861
0.8516220566676301
0.8470989295558458
0.840842525359149
0.7888491416646016
0.7755780118135612
0.7163723944177717
0.7173098647837695
0.7044105861908831
0.714348769462737
0.7153874868980207
0.740402139278006
0.7385628506503044
0.7434832219596638
0.7495018585025661
0.738394944040458
0.7293434329440415
0.7303369750281683
0.6963511559667466
0.7176184376838745
0.7515020019722916
0.79218053339069
0.8321302427039488
0.8353954468107808
0.8958763120989668
0.8825946106880642
0.8567339356299956
0.9194628209765728
0.9699334843159082
0.9506682482032534
1.0101386049527836
1.0082181401111585
0.950813403755773
1.00966878065858
1.0606093211458882
0.9868979709341752
1.0134193711061288
1.0309980129974197
0.9576921870645962
0.9508413377288174
0.9003855712676014
0.9002948504961148
0.8425445341763197
0.7998020301770223
0.7470219760673983
0.7675805216008107
0.8043802407129527
0.8463060969326696
0.8935741073293867
0.9189576862469374
0.8716958025016597
0.8728719026446714
0.8181854703565786
0.8175772285822464
0.8577666002734708
0.7967451021218027
0.7983454477678816
0.7993402888177473
0.8020155324656612
0.8511942315149247
0.8480772125870419
0.8453244910260286
0.8205034729037899
0.83960372559487
0.8038590120686716
0.7404295631673966
0.7288153384284881
0.7856434021746781
0.7417361819687223
0.7716295888141407
0.7329763753063238
0.7294759670711757
0.7414045038298263
0.6960118142855429
0.6936495922178866
0.6911817515696513
0.741920438843658
0.6960765349856198
0.7375454415985974
0.7173232914451799
0.7153168914714145
0.6586013412265443
0.6261615898753964
0.6692883949437118
0.6477130266293848
0.5967857590582506
0.5860835702338959
0.5807004774927608
0.5869823164161476
0.6066323386603031
0.6128544441017892
0.6144390496286357
0.614282335709231
0.5967626486480647
0.5846878481994818
0.5492122305841085
0.5672452002993394
0.5832705760573496
0.5981527590895958
0.5986110298145346
0.6095852022874033
0.5750908304638241
0.5924485136236535
0.6038322052691156
0.5968085116939611
0.5690182978617211
0.5871336793758967
0.6070161834884901
0.6268852824871347
0.6764743584310435
0.7249266795856986
0.6878638369088875
0.7025565633091981
0.6861869985538529
0.6692586564005537
0.6372572448810598
0.647868679143525
0.5982239157161062
0.6107241975091185
0.6033567530586778
0.6073167382784188
0.6163073510324366
0.5993238854732021
0.639481100270343
0.6427733425586286
0.6330367161041478
0.6833032018067884
0.6836326070900655
0.6513085377851157
0.6502275257976013
0.6688782576282368
0.6550204648385393
0.6852043505786651
0.6802253730293373
0.6987907126228975
0.7349966311586007
0.7571802912572168
0.7907317112690171
0.842909117713684
0.7794715484859098
0.7279164517495742
0.7351447192053118
0.6989257845822223
0.6796693664014217
0.6315670249681283
0.6352970766597184
0.6840440355822719
0.6771263350195343
0.678553241941082
0.6262949635019783
0.6269413482687721
0.6627691230142659
0.6974054099745152
0.7126921133990034
0.7271049856824919
0.7684209367134667
0.75934448588404
0.7583692221486142
0.7801599884822795
0.7572177717786298
0.7699566393072511
0.7693599379166616
0.7878149496558656
0.7602051591521881
0.7607550907331546
0.7567052258021828
0.7285996380621926
0.7623585591626931
0.7398080390713714
0.7283626562990424
0.7278043080570455
0.7081002758547662
0.7358099801392015
0.7597201369731312
0.7623685862300553
0.8207928234825288
0.8303511616817689
0.8132283684080237
0.8360213143393972
0.8821889205244984
0.8892413213571677
0.8942825946362678
0.8701566325237493
0.9086192720711849
0.8808973624004492
0.8632416317165821
0.8705206904558452
0.9117271820471968
0.9111232507119859
0.8554008729948347
0.804967725879357
0.8415242299864361
0.8537339724754205
0.8393105187343768
0.8708771315124637
0.8372951498477365
0.8232635077954635
0.8241815219889018
0.8256838521940895
0.8432377994978871
0.8066053392692786
0.8229432506991042
0.8034280880744967
0.8078600581568012
0.8389288523165402
0.860170000981821
0.7973610380073942
0.8315609401668869
0.8461823114860428
0.8188220139610174
0.8202663279640718
0.8505600791780454
0.8537505642226281
0.7943257583036569
0.8176046026532207
0.8492197632464216
0.8720642229064847
0.8189644123329035
0.8750243175182677
0.9317013489180354
0.9319454792498765
0.8618113985334768
0.8636029461085112
0.8645119712608779
0.9095791898988039
0.9191361211291218
0.8685873005345874
0.8655885651447965
0.8641651446903595
0.8629399487539541
0.8653523494883245
0.8639856275692686
0.8526047948927744
0.8429307513459429
0.7831116470759696
0.8177062941527095
0.8316964176498702
0.8286147602496766
0.8944794730626613
0.8949081728345286
0.8845034444692417
0.8663176348991883
0.8443375173337692
0.8673541204736974
0.8375540990432647
0.8453177495090525
0.8673599347921257
0.8714619455825838
0.8591080513929477
0.8591963735313843
0.9215601825866071
0.9800266816634491
0.9870513129045251
0.9919650416100095
1.013138571708508
1.0188797313671076
0.9665551753376624
0.9619047173863301
0.9376619658406296
0.9352457922728201
0.9195855981493806
0.9197177987412546
0.9061964851579469
0.8609085944056022
0.8269787231613801
0.8265617512723635
0.7945075673852545
0.7725020789476951
0.789026402878418
0.7925514311607812
0.7958869750179807
0.832229875793006
0.8643722162092159
0.8642740999899414
0.9061105231350067
0.8989703421129559
0.8982199861362938
0.8995494486765756
0.914183626429966
0.9544203525860914
0.9550810700597641
0.9457757064433948
0.9940623099465622
0.9219069677729947
0.906036457605633
0.9251590091082705
0.9055705829036705
0.9445939977980499
0.9585788286816621
0.9755875196323304
1.0131547814338842
0.9992889788957565
0.9563774090580802
0.9277396263795621
0.8965102067308679
0.9348104748443671
0.9346195652301456
0.9258548693105214
0.8670861731718664
0.901564656359565
0.8379749420631799
0.8475567222162634
0.8106958329299577
0.8201251667211945
0.8117191741926385
0.8207444472060267
0.8257934731672367
0.8745377232739985
0.8579560247066453
0.9021264981029467
0.912349860668706
0.8433553188861285
0.8383280316570672
0.8688569331761304
0.8197805320299044
0.8150253264145417
0.7690207282099588
0.7454188434606157
0.7614910126872508
0.7988432167519306
0.8048513227820326
0.8104953278760735
0.8193439227893329
0.7861927689407396
0.7543332983116662
0.7787064939369606
0.7878588923498786
0.7934112803618351
0.8027263625445165
0.8177390647001793
0.8594846895685265
0.8713421426564567
0.8279561203863344
0.8340458795227506
0.8137935904400178
0.8748732057755498
0.8677678944307984
0.8362263103371766
0.8357500806471678
0.833631802638107
0.8205517512433329
0.8141541072894134
0.8165831608572954
0.7850831710236148
0.7729584805234744
0.730422835396072
0.7280695602230427
0.7286891499479718
0.7299878943731051
0.736129926243568
0.7883547094817819
0.8369532113032979
0.7873408886142328
0.8210118618143084
0.8708328957524196
0.8172845887410503
0.8248488117872536
0.8258879682532981
0.8393820655768289
0.9023456419255711
0.8736769630840554
0.8115890708799925
0.8504517570074527
0.8303102554743513
0.7650569560319347
0.7651835213534676
0.7998243981374215
0.8079408263156457
0.8065504751759146
0.8066640656129076
0.8170496602923453
0.7590124620668126
0.7517746733057745
0.7946631480143939
0.8146538830044634
0.8174289371200993
0.8102318170295273
0.8460906393443465
0.8925722639560787
0.8545962557495866
0.8422958755304962
0.844961855622588
0.8220757849133647
0.8229822584212116
0.8171589751124477
0.7871393888585704
0.7801786448052818
0.7677008956330509
0.7803704648741283
0.7806201153037572
0.8041259141615511
0.8338120722785839
0.8756574102988801
0.9395062803873325
0.9398402523153367
0.938996823648968
0.9383524245185095
0.9830934284386544
0.9952963882623331
0.9950437569365019
0.974425612038634
0.9787160833527069
0.9986961706091133
0.9658164493481483
1.008858403141265
1.0199650165253427
1.078271101838831
1.1225443108959536
1.1210375881934795
1.135496633964332
1.1802215621680447
1.1365685318556369
1.1238229020734591
1.1216151351508823
1.1205920800221354
1.1030665170840737
1.0905711581395856
1.0543345471686636
1.0005343106450268
0.967073546200025
0.9420473096950049
0.8862206192416721
0.8918019288867088
0.8893629366788015
0.839299291805054
0.8005663055581461
0.8568156443122792
0.8667061517801921
0.9235280497307654
0.8823859991920713
0.944128100860282
0.9548004011209412
0.8838226751435174
0.8955261142515164
0.9031293586379412
0.9740060825750796
0.9574679308174647
0.8990659750001645
0.8358837838570143
0.8593894299613277
0.8839939480002507
0.8160841468541903
0.8164962546497226
0.8334911704373308
0.8877955684187091
0.9182498242702187
0.8951342756548128
0.8625737329153125
0.9122188475781289
0.9804051725720271
1.0152561995797933
1.015540964424087
1.0154259113258843
0.9605545213430946
0.8998950763443203
0.9198134958646149
0.8760054532713495
0.8473230466181048
0.9131758284130733
0.8679793026795586
0.8683101803021681
0.8026209769545074
0.8288113982027305
0.8474028399684272
0.8200411690461488
0.7722793178735458
0.7972733540350592
0.7942467838057624
0.7377034729939619
0.7328207162876171
0.757463700153636
0.7806831154796346
0.7808202051938856
0.781796088665176
0.8322258175827976
0.85734096995595
0.8126836051233355
0.8235690335527291
0.8545027884426275
0.8900209561473877
0.9335618013953161
1.0018100848483584
1.0125592312344533
1.013877936754505
1.040682696692771
1.0427344122305773
1.1152752345377825
1.0681091838918655
1.068901780465129
1.129530899491619
1.1290659211533143
1.1302394162969496
1.0724555725974463
1.053463005226736
0.9846350198822684
0.9647305995784002
0.9655894712970978
0.9961654255000776
1.0055656015464773
1.0107692763831242
0.9436541453284615
0.9803569126705629
0.9494556030516728
0.8821844353182045
0.9103428637621824
0.9125647126488481
0.9394463042435838
0.9397159243803848
0.9498514786683646
1.0147494204027194
0.9636846853252624
0.8867993529388671
0.901083311434636
0.8565346055884648
0.8115808260399143
0.8422967853790666
0.8787515473441532
0.9416791874221556
0.9452247224721846
0.9007089329881486
0.8897250396804994
0.833465386821099
0.8388933612226457
0.8982968859663353
0.8338233888439789
0.8872176020113282
0.8862065127938865
0.8307323364755208
0.8828402198560733
0.884582795750725
0.8448478881085274
0.8840146038264154
0.9154465284255894
0.9190525642446382
0.9609471365806129
0.9610612304224178
0.8947441158670797
0.9071802878521336
0.9128685089304903
0.9518370454042256
0.9373167618818687
0.9929406112756087
1.0006616552679548
0.9750429306180805
1.0341714803816906
1.0681097636818198
1.0593651325029922
1.0678019981125357
1.081556382040254
1.1666227055599137
1.195632881465667
1.1765955554218823
1.0990073680015222
1.1307017160802428
1.0850720471009803
1.1090654342163486
1.1067793854843524
1.1192533226783463
1.1353185157739754
1.092134579789696
1.1100817841527086
1.161936576361348
1.2437855411813827
1.1550927381749847
1.1755953539511077
1.2145415661789636
1.248921645590065
1.2924003839269365
1.2774459349942886
1.2414521320596288
1.2424430315619155
1.3404956816270657
1.264882588592639
1.238081361288511
1.1664003190342251
1.1047812503875298
1.125685871969561
1.2150377719606582
1.1417121869366096
1.150152711929823
1.2121144417123244
1.214939894817204
1.2485223355985486
1.157077321265346
1.0846723940500438
1.0566586185770044
1.0417456094418271
1.0941029021779018
1.1003337928406283
1.1382946018601516
1.1451652312912182
1.1507313607138905
1.1666064291164078
1.167711025597168
1.1703176003706275
1.0946565140915299
1.1290004891489729
1.0576309844563743
1.111298349730617
1.103198772264985
1.1265445946697803
1.1013940528429096
1.0359271924494085
1.0589166243215822
1.1027649241394766
1.0935835442603385
1.0940019571349016
1.1424581510686194
1.142786679511394
1.2290228450214544
1.1440787256235154
1.1557831155743405
1.199963080561406
1.2242828363074985
1.236251718555582
1.2216426123162105
1.2316351690722207
1.3055861987208819
1.3415975501616377
1.3378423229041025
1.3028049742601304
1.2625652634971294
1.3241681003771526
