0 0.0
1.11929992209006 1.1747473112648403
1.1743400876900065
1.2654686158283817
1.3631727572371695
1.3664830427233172
1.2701741379810343
1.3660965173281718
1.2635602274640534
1.3211239176511194
1.314604861831024
1.2287962890119783
1.2509574713087315
1.1740790726133077
1.120802399903477
1.1860426985087151
1.2324419703797997
1.19652392455678
1.1866793067287735
1.275621138379757
1.2724851003817033
1.204664847661369
1.244365135657874
1.2878718183444715
1.2927646697420718
1.3019506861995183
1.302805911878552
1.2680657678342528
1.216815532100338
1.1404670721126986
1.2143635025147628
1.1639810674835935
1.1415287459038892
1.2232963911807746
1.1909584018417705
1.203930646987785
1.2121098766324196
1.1847330810538368
1.2529212982688942
1.1611485584792092
1.1873300449591375
1.2595457518400828
1.2031697405762556
1.2090055621337399
1.2202118625405856
1.2349012435674493
1.2423651734137267
1.2791543665730891
1.1945628366472107
1.27481072443524
1.3036990481055413
1.30227998400408
1.3075576095298218
1.2448253272972114
1.2952551672338741
1.3351200702295043
1.4097333339188791
1.3034368682134356
1.3976762518788042
1.4931567640475416
1.443025153387413
1.4279318608740827
1.4221540568525568
1.418831553957058
1.412005604307278
1.3816741423918304
1.309066872772468
1.288094493015097
1.3062616616889566
1.2155453313904705
1.2652444305559065
1.3215047952492802
1.2950037243731924
1.355750883067836
1.3655176807096903
1.2598308887927812
1.302336383297139
1.3488945564954944
1.25799561946572
1.2961173318920094
1.357320182003326
1.4205607095610069
1.3813962847294645
1.3346772850795796
1.3343983127785028
1.3387868765031707
1.2593086370304585
1.2661891046120284
1.326444034833083
1.4266791223773054
1.3352729125607663
1.439063461132773
1.4807967566454354
1.3725601009647406
1.3711306693566416
1.3162474913428215
1.3171805141906736
1.262263644979666
1.2626955039652545
1.2628230464083567
1.1913149588406415
1.2282577020512928
1.2816266688020732
1.249381358518938
1.2656372762290051
1.2909649693779923
1.2877275828568282
1.2964011168033136
1.2962054178352036
1.2766426369435047
1.2692438936980117
1.2735671513682116
1.1881070734370656
1.211263749455932
1.2316915514304023
1.1531671312829186
1.1593951141008922
1.1787466626347818
1.0912943741866978
1.1594152328310394
1.1818580859507093
1.178471713571151
1.1794747312965779
1.250187633487317
1.2437590031540335
1.3208206141554095
1.3483633653711373
1.2543623351174253
1.259726464622199
1.1997592220616615
1.139308035334643
1.1761841916175209
1.175877565958383
1.1640008513806612
1.110139749048949
1.1411962318673574
1.2179145648357432
1.2887789471444009
1.2928041893026418
1.3288926410840296
1.351775495630196
1.2458940301874681
1.2327060716223819
1.2559419806930168
1.252795382864542
1.2613781837584086
1.2818246311046917
1.3385145802191194
1.3645334710382733
1.3802847744681526
1.3042077299858466
1.4018140615604162
1.3047830672944831
1.2055220593388731
1.2613854429505627
1.2895184748720123
1.2452182238765188
1.2683502487732174
1.3071029094833726
1.2991927710343991
1.2367970906555867
1.2426542611804434
1.1729185847677484
1.1743036088137353
1.1563034762349678
1.1257871308073986
1.0575946129922902
0.9892604973796341
0.9467658572337074
0.9300331366087167
0.9899838715180633
0.9139729844081548
0.9053016719936106
0.964396876490474
1.0188718639897758
1.0643834933808498
1.0662336776900412
1.067894114873122
1.1203299479197504
1.117920611720574
1.1188861931547651
1.0574643688090286
1.074030320512416
1.0536371850098996
1.1141740502238833
1.0526493034434923
1.0831200070101494
1.073446549959446
1.1117712075103496
1.137918770564423
1.22806514024565
1.2551164189568846
1.245531428590819
1.261518657723702
1.3046359235903737
1.2112411642742091
1.2923564910911407
1.2243818684036778
1.2628982358782017
1.2147816820029775
1.2536371068258843
1.3151710145894548
1.2911065222970224
1.3429964783334132
1.3604390363777286
1.3245352875845113
1.2196642161177818
1.2034523790282285
1.1235550192470474
1.1546767652718566
1.1866700166991875
1.173430587715557
1.1912990961828278
1.155343627606356
1.2358046387718462
1.2665265285403668
1.3060883607166824
1.3650777674724532
1.3236525371524348
1.3981800817075476
1.4170874550619308
1.3411041513302564
1.3288826389395527
1.2509161438365384
1.2511037988994536
1.2051661349420626
1.147055017811264
1.1457229337580555
1.16764742236772
1.1050294769952005
1.1596305124376578
1.1213783790647363
1.121131825090865
1.1366169334808773
1.1636699376963453
1.1289504516526678
1.1280592203796707
1.124159784106365
1.0526220436048535
1.0534084274845321
0.9732293532587737
1.0108662091216856
1.0147228305900482
1.089239605378823
1.08226255327129
1.053891620262747
1.056832460994651
1.022085635078587
1.060405033392908
1.0576858682122154
1.1321416456842381
1.1295316748651665
1.1378455837422696
1.1418330689760925
1.0993237110410357
1.1076079469978861
1.1792571067882756
1.1398116717295148
1.0786189954813985
1.1225990231288716
1.123114892250655
1.1412049693727044
1.1394552763875192
1.1373852580803592
1.1201813069639868
1.0426120758719295
1.042717995589536
1.0242607868025781
1.0084175094403984
1.05585816654696
0.9775263633305766
1.0303565491247977
1.0517433317226306
1.054075982144529
1.0334056858681488
1.0732165020164894
1.0009240301870543
1.0263393717859461
0.9643280682917348
0.9750656302609503
0.9759594704293814
0.9834482082223639
0.9874488821740194
0.9863497656351733
0.9754589587142484
1.0442837307363626
0.9792677783609756
0.9921223906103275
0.9961120157577438
1.0537816484550284
1.079680243992792
1.0720040759538039
1.0784242587157136
1.1564873195164114
1.1329622845841398
1.17631155873933
1.1333144180669743
1.1353889279225677
1.1312233623331687
1.2066738026978774
1.1787203347427213
1.1742043605366461
1.173012775311267
1.171565594589732
1.1713888677676743
1.153552305481781
1.157570164109453
1.1114291985136202
1.096424560005938
1.1328622275410745
1.1293721792315783
1.104081970106506
1.0381677477537254
1.1073280117668436
1.1027159017266128
1.0684074407927242
1.133563869355027
1.1569042349964382
1.163100736973381
1.2027004674364974
1.1451759414053675
1.1845285701680726
1.184034354564734
1.208037092300522
1.198423689263372
1.1257343713638654
1.1555241385641986
1.1392969717584989
1.175217603011442
1.2218745886294744
1.1873191764459405
1.2500724570000246
1.3036807445729992
1.370945676159003
1.4153531841185467
1.4981957442018405
1.515585442020732
1.457550496980584
1.4648043872206498
1.564910108129554
1.5569758031794723
1.5043787496222831
1.599700359539912
1.63572852703232
1.582437902746072
1.5497882275401544
1.6358649863204489
1.574869239976113
1.6052071598828448
1.5615902156563202
1.561035969683276
1.6570879602779742
1.7072196966272775
1.667786882924217
1.5467432718965781
1.5407462579440723
1.5256310051115376
1.5321605996986474
1.4803451514093873
1.496909460534763
1.509498537477167
1.5097088321117242
1.5037207071988479
1.5152363103655955
1.470923146654661
1.4885307180041274
1.5649616302594933
1.4782996579147063
1.5388132717837515
1.5627376162793394
1.5711902531591224
1.5921124856880349
1.6442144411033208
1.6627554908275708
1.7123038460768392
1.7611064825248826
1.765028088734412
1.642387756655574
1.6219865506931266
1.6434400957844604
1.6343251685752231
1.6325720560579373
1.631113826456731
1.5320207010720492
1.5355844946280883
1.575971294703603
1.673437452874421
1.6936214775051666
1.7828318782195205
1.826020966548957
1.7695524057078755
1.8880706737687905
1.8041959608533864
1.8444389981050844
1.8937835946369599
1.8730588845427494
1.7833228557693837
1.7830642539841097
1.8618095731797422
1.8864606494684637
1.8534076555904533
1.8297879437168847
1.7470736827869824
1.7366722227590332
1.6555340963238359
1.7619722170410426
1.8442609311987055
1.8161418925018256
1.7828274264779758
1.7504581347373853
1.7569852959011334
1.8354726468642497
1.7654265768739408
1.664997301410184
1.5320471470952028
1.5454554212938074
1.5156082227670902
1.5636468694096175
1.6784153485178368
1.7932889051184464
1.7633885681522194
1.7648442094398584
1.8756719042243888
1.7562300902132595
1.7474273471828912
1.7844335712864854
1.770048064783668
1.7232816245267382
1.6862038642676618
1.6742169379077971
1.6707942785174283
1.5731771391967204
1.5187458325095355
1.5136811183248327
1.3983140693416645
1.4002794551565327
1.2914573231804611
1.3892124367142358
1.4433390329841047
1.3929441265696145
1.3764730417663302
1.4151805030417952
1.3519551894978694
1.3700816116657448
1.4210256064660045
1.5129605445546621
1.4349781756090092
1.3605218034665845
1.4488899215669158
1.444736530738382
1.4693857032259057
1.5683566776539029
1.5974586312207764
1.7220531722182189
1.6012572814392196
1.5735043993655844
1.5206155113472506
1.4524386861631682
1.4546375756112444
1.4990367040000572
1.538902580547393
1.536572366983004
1.628575051879764
1.6739235653572426
1.6551234162021236
1.5952842146341653
1.5982332026879804
1.6681373020544095
1.668313407525024
1.7991856272103623
1.8494090094726832
1.755228584050875
1.8282781096508345
1.8209445509081512
1.8638580959939133
1.8601595129943185
1.7688556201197563
1.681656889174593
1.7022161290354763
1.6355036231403324
1.7192613295501946
1.709169229110577
1.7218308919610348
1.7353966423776679
1.7968982067744896
1.7069320680640927
1.6749966282807358
1.5737930167733134
1.6013981972842184
1.6407119567170079
1.6695687424782273
1.680490508154234
1.7925601344245052
1.8959078811563175
1.8692636507231877
1.7306137445353662
1.7166560296621354
1.6943314643226683
1.8141521398478693
1.7938890525408222
1.7826902904817423
1.7787554573941156
1.6459908597081965
1.7679731514983565
1.7486037516769917
1.7165813745256033
1.7106847302928847
1.6634119155150107
1.6582387701258907
1.5383267850730007
1.6347740974254268
1.6186928041633974
1.6601724609333692
1.569614499605077
1.6087739855807093
1.6838643497829962
1.6190216720649329
1.5414722080886913
1.4327541790117246
1.5034095713508424
1.4317263169400118
1.3961706217005208
1.311763418677863
1.3204146848875884
1.317761657016011
1.318501418765437
1.2668131703319228
1.203097304572157
1.2924343799656535
1.2947394389946238
1.3098612245715175
1.3064764317434954
1.3235025469699366
1.3483820556019424
1.3495226784147727
1.347550632386411
1.3579027488138835
1.4033986574913886
1.4042851262553322
1.3956509744765881
1.429791775335384
1.4347412996512148
1.5206642117697422
1.5326367437029298
1.4836805085347158
1.4493362304587911
1.3968962206545235
1.3987490293728493
1.4697241235146714
1.4771774566265523
1.414036640591524
1.4038543179440175
1.4047815902891756
1.4046399698191046
1.4864101603292441
1.4523490841785602
1.535391584612841
1.6002714816808195
1.567964852337946
1.5706934928794047
1.526693521120994
1.4524745554197338
1.3375471519488589
1.3479598807322444
1.3742077022198211
1.3016627656904418
1.353903887605435
1.4296246896930396
1.5366300806300806
1.4728063284235866
1.4269568025827237
1.5393818434413251
1.5873967267176345
1.7114244356997341
1.7069692646979113
1.677080201081503
1.6983240433274087
1.7325225742481478
1.7297878806290372
1.831296316974705
1.81731577910257
1.8125002668841996
1.7739185532571962
1.6930609880754575
1.8053575087572056
1.896796227615281
1.7594802458842924
1.7662438576478292
1.721605391866511
1.60989029111774
1.5560804763911698
1.5972481463454227
1.6447356914642752
1.7084869819350725
1.7088141674746984
1.7510589891519406
1.8500567615709063
1.983036169368937
2.000356100705589
1.847600715119885
1.9621346800469905
2.0329705070881023
1.9022797937247216
1.892461486319326
1.764846592381474
1.74439061658508
1.7466091596239983
1.7115229577903321
1.6980716993838143
1.7756299147247423
1.7273420812014877
1.7018046947634164
1.8349649472488665
1.7582027402171305
1.7099978686288688
1.7020280572066395
1.6882254519660347
1.5779757509187469
1.5899475783120494
1.6040838549785366
1.6167441799715463
1.6763877409770382
1.5747155398229349
1.5502335213591842
1.6499520007309771
1.5830010637367633
1.6472463423139267
1.7520269039710683
1.8039435326518867
1.8170749940274917
1.8207525201489976
1.9477667053560226
1.889322200000541
1.8984089514110853
1.80359586599078
1.8334542773298679
1.8316479146787221
1.833486412735302
1.7127378839259886
1.7513754051929158
1.7395253549158372
1.857997486231813
1.7634854143884844
1.6745745869216353
1.80075087647424
1.825745731796021
1.8281631817774178
1.8862243870512172
2.0311105193981307
1.942526771446437
1.8941634103464715
2.018308281957865
1.953354569926714
1.9390364048303805
1.803093423621701
1.8765298993897437
1.936930162047011
1.8243537103074492
1.7166606976121364
1.851440444291222
1.9494301243117318
1.9996427248432453
1.861031819117245
1.8643119564096107
1.931469780434007
1.8537495267073394
1.915129209626359
1.96487460946555
1.8165359721597978
1.9071365702205358
1.830086630674705
1.8339115149753324
1.8541979606486183
1.9993733007765448
2.0735312889162754
1.9176055846699278
2.0038993541152386
1.9064874342870861
1.8686533260353289
1.9812735915927209
1.8365216620536648
1.7877570810871755
1.8058741561266494
1.8047826873580894
1.7587816099413394
1.7005802676342343
1.7773365674020298
1.7266275335253176
1.6802744231489704
1.7071176683963163
1.717903229245897
1.8435981469858047
1.7640019498191555
1.6707806465182324
1.5791221369361932
1.6350649326269084
1.6398089456233564
1.64179577965981
1.6044597608886522
1.6341473708885828
1.7378367063738651
1.7014805411293457
1.79133861418173
1.7328994047094994
1.7591147474272641
1.6870931536072222
1.6354124701401407
1.5771634109279629
1.5163076129723436
1.5295467801443388
1.5870920660978074
1.5916150603710237
1.5951413278760673
1.6148363132703394
1.6195824915752957
1.6334116665536795
1.6693716933109874
1.6910140909182259
1.8140886363399158
1.8137609443850462
1.8352912481837693
1.7754081579535388
1.8412694880311946
1.859154529986762
1.879910138572299
1.8825287583234105
1.788985763436085
1.7960926652058908
1.7413396300263506
1.7615737295943033
1.70013113732423
1.7651528982396454
1.7973168703942854
1.8153547254192264
1.8204548152016578
1.8041643303491568
1.7809079215299024
1.8811411886337883
2.002670907125258
2.00588017289428
2.0867144261913135
2.094774092647219
2.1015096163082907
2.045375296848695
2.065769035916284
2.1218127063260765
2.15082366079732
2.089641479106269
2.015004082223444
1.9312187459397296
1.933133778526175
1.8615883202929133
1.9871624877258784
2.1267072942164598
2.105245743543685
2.134249672317462
2.0082588755431727
1.866916408604751
1.8274526892183867
1.7213020728467134
1.6825229491090232
1.7457981832186595
1.8208744651489193
1.9216255277841272
1.9354412302322779
1.839434919172663
1.890808959154912
1.9142168276063187
1.9352697148970879
1.9851112566034448
1.981374630256441
1.9322220324150792
1.9073500021955707
1.9781901437425822
1.8833127041904933
2.0242434495241257
1.8677113403852414
1.8345401339984793
1.9707894786931381
1.9469700943986379
2.1001023252716595
2.08273788482042
2.1201762360643803
2.118162338837079
2.1558677116321103
2.15239871881706
2.1374938674541344
2.015834519096357
2.0156317818484273
2.0146344621974497
1.9526686946319285
1.9370005626080264
1.8646863193464547
1.881535160136481
1.8122199492703022
1.8147026190888853
1.7172365934357228
1.7043357994961803
1.5765155911070357
1.6609891411752085
1.6530997245188062
1.6518035121954329
1.5812198633149561
1.6447009819187348
1.618281431414948
1.633533857756774
1.5997773829652882
1.709567653470397
1.5899173769635953
1.680538800840587
1.63934602371017
1.568148737005859
1.6883972380436227
1.7375851374681897
1.6864237635312493
1.7862436822486045
1.8453553861579193
1.856297733666472
1.9234883027083804
1.8592777126756885
1.7570709307188819
1.6693789858880619
1.6466701646961142
1.5811970026382578
1.7017252556767357
1.718928102163687
1.707207827764056
1.6790373324570562
1.613816693858367
1.5815248159819688
1.588587497980029
1.522094842070684
1.5064750365035617
1.4382446933282294
1.3374990771286475
1.3345443957471617
1.246709392286429
1.211567894601202
1.2798638819279622
1.1945544455634167
1.224951561008071
1.1883167570182942
1.230744118339401
1.2678676889880167
1.2226871716686405
1.2419178863078497
1.2496110047574067
1.3455836233856402
1.4107678090461413
1.518962832175787
1.535585463691003
1.602392402478059
1.593550821068523
1.6449847368393835
1.7316088299006847
1.7078499183807936
1.6048770821615426
1.5590778402399437
1.572793263342619
1.6229803188610226
1.509568666613204
1.5102838835574097
1.4143942374413232
1.4600937927389293
1.4869263523393854
1.4733143780460163
1.4939558601554703
1.4990453116474598
1.4235556610679152
1.379318787665462
1.3725413824205228
1.2826272256989604
1.192198706243846
1.1221502266440835
1.0667755191620658
1.0689091872807335
1.0798964757355904
1.1603926209545625
1.1633554099039496
1.2102705432740695
1.2128539417653244
1.2174310904162258
1.2151786638390074
1.2777697200533749
1.3021264836708168
1.2684022682490124
1.1702531584501448
1.2537481733849383
1.2566545631228643
1.349014496519493
1.3811604258029249
1.3552492885285392
1.3765429442032024
1.3960367203530348
1.3660891311052255
1.3532872707088603
1.2704875444524484
1.294504311030281
1.2933255563111004
1.2335938991355182
1.1710709410061708
1.1718006963588616
1.1815300186429278
1.237874094371094
1.2762822870188353
1.2297838567425077
1.1844293403427915
1.196188128744643
1.1840076475216537
1.1823815169676917
1.156788573469551
1.2369060197545179
1.2829808031612948
1.3388517812748502
1.3738773416975048
1.4089063683457204
1.4061339681417482
1.3738535079073966
1.365618252382802
1.3698352236173525
1.310335281101629
1.2289369708285918
1.3223179992009872
1.3632190198813967
1.3340585048580116
1.2289862972112258
1.2409193905006415
1.3150906988552895
1.215827160720046
1.2164257009480575
1.2848890511682094
1.2419805111985958
1.337980236060039
1.307587290056108
1.3574813769816372
1.3492555857267567
1.3996792701404523
1.289618371276329
1.2457886201284993
1.2769598183631485
1.3262346930575972
1.3854419620594882
1.3727287098562018
1.3587180174942721
1.3787632874413025
1.356875650909991
1.3571442592752507
1.315773612087613
1.4178347258576083
1.454700612847815
1.5646651878364228
1.5760554307165087
1.6672602147021118
1.731398249287215
1.6827661802633223
1.670533743357384
1.6667281470856
1.5884304201339587
1.6200340255763463
1.5304377536599725
1.5880335731841047
1.5942357385829642
1.6946707064290605
1.6847701803068413
1.7970290773921094
1.783597680566932
1.6797411152713646
1.66738128135789
1.6804690931112956
1.6596589944560052
1.6577005940734877
1.6376829040508254
1.5335330510159766
1.4527039873454803
1.4967294268470979
1.5376802384622128
1.5327907453358232
1.5273597075845442
1.6301565846341042
1.5791919633821898
1.6229355455458059
1.6196067082719416
1.744228765543384
1.7419136656933742
1.6485781807996838
1.6160032108678648
1.599316747055508
1.4782755022154916
1.5349629370643418
1.551196767825137
1.554682194140164
1.6240174554152458
1.6156126921988188
1.521204392986139
1.5774950055847476
1.67138767877501
1.6057033115677726
1.5749690068010544
1.5752519918615657
1.643460208918095
1.7508760558584666
1.7976621909669583
1.8729464268733547
1.9213060809745495
1.9205035444127212
1.8585921406123558
1.8730214308117594
1.85931456712004
1.7114479825238236
1.6077081226345722
1.665619039063838
1.615528915119629
1.7412001945234419
1.75792210361638
1.7596807157560528
1.6327694811327988
1.6597088232129513
1.6680267440242802
1.6355889127713363
1.6328254877530184
1.6333416356143735
1.6509248144284996
1.6836384927861143
1.7694746535865773
1.7362198229931245
1.8229350091182137
1.8273242132269163
1.875742514233737
1.8719866045825053
1.8562165631881693
1.8226923871610166
1.852039010016964
1.8493202808372875
1.8520740346358497
1.8126786525235372
1.6908601953146267
1.622341085474461
1.6232788082245966
1.7069996817360538
1.7758652316210575
1.8653577928636185
1.9431441593354999
2.0092640211745296
1.9720472376596467
1.9049375022796204
1.8133460165493678
1.700973536103685
1.7717202252859339
1.8718656774224818
1.9672994086904392
1.9751123021836752
1.965029669451425
1.9011322793693552
1.8816397180879896
1.9991193508323166
1.8403532708181845
1.9642922325046612
1.8482223723112532
1.8537329289015134
1.8504716394948313
1.8549013747715926
1.864854788440071
1.8868950073269801
1.949190883962073
1.8828475465042789
1.9087628155700984
2.0186568260559685
1.9141709834400997
2.063100872231252
1.945477338223974
2.0325279223253783
2.0499925010710207
2.0749056713989606
2.0752968517642354
1.9580505095241112
2.0797527865963286
1.914743165964663
2.041286163902408
1.9686774466493664
2.0765548883236566
2.1151069902089525
2.1478055083804306
2.249793034591878
2.224616490689004
2.0625165605957876
1.9729549926694772
1.9800359041787687
2.0123187609465325
2.0599893376124623
2.0271002566301988
2.0551178144338693
2.075294630449115
2.023493031676056
2.1480567295174495
2.022270179903857
1.9058346860310496
1.8127629583791236
1.825856220387029
1.9111116770467604
2.038570865933662
2.0333671818113244
2.042516951610849
2.1721338312285168
2.2275093446858305
2.2475610758236226
2.2544859106268818
2.3336212988383984
2.3821450543630656
2.537452561865818
2.3562214880576855
2.452879810046443
2.6476932213146167
2.7570721066106336
2.5488366305319974
2.4295596675169984
2.4496942843142606
2.504270735686207
2.506366467244469
2.363832418427592
2.406976728610956
2.2232104328633935
2.2009692857913414
2.3607182456137616
2.4563699113533315
2.443519305491082
2.4955794947151375
2.5222324008299397
2.512777295039169
2.4745600641455066
2.531333721274664
2.5574353810011665
2.540704840039965
2.5956125145106985
2.704574870233685
2.6243427173050646
2.6865294191672464
2.6795203023628247
2.677944620857697
2.649742561037093
2.837761086828466
2.6431202755293137
2.7473502290642355
2.7535654840575696
2.690449045967181
2.704158641921345
2.687233394936116
2.6462284662501974
2.5707079804058175
2.4176542662589084
2.4106062296039106
2.4064515880770925
2.5434752366365037
2.533010633830749
2.7005747631817156
2.7515216486818592
2.8803587843028913
2.855468023634852
2.858184920418117
2.8698045487624047
2.9862086309301814
2.822994393524808
2.7945995723891075
2.9453284873219423
2.931752903094485
2.7090619940971035
2.5533613882185104
2.5452470247035666
2.4278729547222797
2.5790979121240682
2.5392318271581553
2.5368135714979214
2.7077306360023763
2.579866941080609
2.531994275146429
2.534465955841898
2.6150637521283047
2.4437288970100757
2.452261360233578
2.464278270577192
2.5067096302539813
2.521890845795927
2.5077097714273595
2.591380049037497
2.7066560577130456
2.901878588716067
3.079021686669073
3.204587420945737
2.9694964340226058
3.191412041390028
3.0988448556416963
3.29640856133566
3.196035560143053
3.28561756624337
3.3418218908157473
3.3180344900573364
3.2076026247742018
2.9648687797741795
2.9402975658150807
3.1616986294091274
2.9970429867415436
2.990886381211315
2.9493690229134226
2.8112029308119038
2.7052844288492923
2.7491756717959395
2.9278170603217837
2.918222241063058
2.9978431898454287
2.9844752515630404
2.8950674957458284
2.7911276887659953
2.721788323396235
2.6416576737298283
2.6106263902005757
2.5954354650258304
2.493591545852163
2.603631323707235
2.6718610633496267
2.716921411757754
2.864722776678861
2.9898500269454975
2.9841991769614116
2.982055542346819
3.033265661387696
3.229917942479058
3.1050934295977886
3.1042145791576767
3.070087295566377
2.9961624043016464
2.994779563670215
2.90759755268586
2.905561492267388
2.809654977893208
2.9646761366743055
3.065907273870306
3.0588825213344757
2.905702403648979
3.1105896008193707
3.0152684639730687
2.980047345408755
3.015679099358743
3.013302671989536
3.249825623354356
3.4068695967509077
3.3617370596508636
3.5421791554314748
3.3042438119314066
3.3654817849863994
3.1090861267371914
3.173646882593173
2.994520292541444
2.8323394774389916
3.0548772244107676
2.9498593485698947
3.066055031903079
2.849457246615885
2.893939734005255
2.7086210882294446
2.7717423108188894
2.7479525447493156
2.7380679319489025
2.8283681460222607
2.996454684061676
3.0571676011312383
3.089748052819263
3.1336905157108177
3.0921936753779242
2.997303299925181
2.9255132433466544
2.9152136786823695
2.857301324393879
2.9527784774673824
2.7891550561136413
2.953403933142876
2.883490335312653
2.746836255816918
2.8861639578154414
2.972209196962794
2.827892304546797
2.9110709564620363
2.886242361151407
2.9673723158114824
3.0635707470372133
3.155007554006366
3.087499107997577
2.988454522097471
2.9174363364503697
2.9074011815570246
2.9058553135639515
2.842039662544926
2.8253168222516614
2.762367540148041
2.9662976097446276
2.8973085289108944
2.8786344782574513
2.8759233805640103
2.688081174077237
2.7375483719909504
2.5402596129651154
2.3813065090332843
2.2619847616457998
2.352089831439526
2.2492696561651857
2.398619747408038
2.582789868573796
2.587995130125347
2.621089711280382
2.65227700084232
2.651547501824607
2.522547327094887
2.6172190405206304
2.705183674139346
2.7088447594172753
2.7053257519252156
2.7087624909751153
2.5322079781766544
2.432663173611239
2.5748286238064124
2.6841485528415863
2.537701734031293
2.6211543087754676
2.4229432761190637
2.4823735281697266
2.5061293776020737
2.5264627490290494
2.52614962332804
2.5467667557986458
2.5461390412209766
2.688592035830243
2.6000098824025164
2.6986915281027395
2.802210604254019
2.673362925623327
2.5923684451536206
2.6113624776954976
2.752128044927795
2.8314444596562374
2.847903774527878
2.833430357120148
2.6807964894695573
2.6556440907294925
2.6379262791019387
2.7010081989120995
2.682111378183048
2.6553104612878666
2.730858036804625
2.546787964701905
2.6877757189757814
2.6881833247989033
2.5019968579657332
2.41350917909729
2.427689869301706
2.458264670666968
2.571301282741002
2.4938617824484175
2.58989258211599
2.498835674505034
2.6349055869110773
2.647698254720597
2.6558489070531235
2.7431885897615493
2.5848204857306105
2.7603066202178135
2.7728984750406918
2.6418433536782024
2.7265874329717876
2.6319174757969566
2.6002666164313606
2.5654098681589663
2.6293321692991762
2.744249762609207
2.767771703874083
2.689120647669176
2.658181918229613
2.657344836536948
2.4696413399062758
2.3968760837495564
2.381941138073356
2.2589678009374277
2.1733681023096683
2.065283242152015
2.068164439826378
2.134574585487808
2.058461875881785
2.058725690686003
2.043260649611515
2.1211404152302844
2.207064485451178
2.2004551974509936
2.314925894152679
2.2779870111793783
2.35160746280862
2.5102169453344216
2.338395168374209
2.2807042217447777
2.1115738998031803
2.101842948842971
2.141959396700221
1.9798309245978407
1.944392805775501
1.9499527378097525
2.0537344988769153
