6 0 0.0 1.8659083136781567 27.238204672191916 1.7135051518496638
0.7252060829952056 0.7533535115584826
0.7872273527042647
0.7996151802829485
0.7966361331911288
0.8558668813749524
0.900920522586937
0.9493721912376668
0.9340426269078757
0.9407905654530629
0.8691620318012145
0.8751091556897598
0.8611136108394368
0.8841618491912295
0.8206309840979271
0.7955747090071819
0.7699769375838116
0.7239949412728359
0.6930115836322985
0.7219241162455156
0.7251499374502088
0.7174236314861075
0.7536568859682109
0.7494059611768399
0.7753798552948626
0.7456131192137646
0.755420426560321
0.7800182042806834
0.8151074182843523
0.8029660890344548
0.8192714732605418
0.8232382649796638
0.8211586575313754
0.8217884931148816
0.8343699242590759
0.9010340569867976
0.8783921265403489
0.8582699605877604
0.888096572015424
0.8793461382466857
0.8796685865338314
0.8927245340439607
0.8689659284687663
0.8424068985785353
0.8194353744386984
0.7679521036642243
0.7373365760527169
0.7757048949574287
0.7252111467048152
0.7178827163067663
0.6645816542409623
0.6740243942204623
0.6572646679257071
0.6432431997514911
0.6812928830656819
0.712202234846783
0.6673000357654301
0.6873529499073749
0.6474039483720213
0.6628088278807885
0.679125219734285
0.6778597025701792
0.7200078526466545
0.7534986866028991
0.7556105970976675
0.7417942856572141
0.7478362325679541
0.8049177189060241
0.7730733258985394
0.7312964960612198
0.6898126385547967
0.6897298638664392
0.6709999132708923
0.6447518458359097
0.6091384580422484
0.5735368587918208
0.5993446958486346
0.6148571720395447
0.6255210539910422
0.6293544992147053
0.6391732806966102
0.641857131476812
0.6496122227573188
0.6938848954893055
0.7484936986937509
0.8058126168102432
0.8111241575661444
0.8565682117509514
0.7950768555567818
0.7981322578908239
0.7378443021797203
0.7255528588381666
0.7459216036599585
0.7462648225950865
0.7078266479891443
0.7164658454701603
0.7149345395650027
0.7675601293522794
0.806740910435819
0.796744253017847
0.7485584884105787
0.7067493369517072
0.7363063469669516
0.7373490712036357
0.7194032188414892
0.7448412204537248
0.7663239746607158
0.7685055741770848
0.7679355520035893
0.7782900116149423
0.7537840075812281
0.7641683894063873
0.8016561410657984
0.8023100414268576
0.8377603360659716
0.8754250426134853
0.8732275166359486
0.8338941346224266
0.8473059614871268
0.9086965196540873
0.9077239884034425
0.9150026023801751
0.9311970754292729
0.8662553822711723
0.8969451093388973
0.9395709348146459
0.9393642015705346
0.998555320817163
1.03801278574293
1.1204691229576622
1.1080689969902549
1.051750732514944
1.0181695014674053
1.012915450545686
0.9652947713381254
0.9405347314395359
0.9399953919455534
0.9281773204761689
0.9042791621190333
0.9579531541267919
0.9218117415958712
0.9578704432887346
0.9924626536465477
1.0149822233617234
1.0708413826654999
1.0725898654970956
0.9979124654890926
0.9986681684173824
0.9625496972049581
1.005341880136993
1.0272649998855712
1.0855382700222052
1.1634300203617993
1.1686900112334606
1.1361732169362238
1.1712163731348662
1.0899338103966665
1.1336521124844474
1.1342433802927092
1.220554464847127
1.2000326782454684
1.1829146818050031
1.2758119161421304
1.2747807663868276
1.2215800414619309
1.1781744096910576
1.126514974634258
1.1336678613483153
1.2089042646587564
1.2297839658867649
1.2164409186729614
1.1915272772809022
1.1885036648881646
1.1877829080484503
1.2117058135010907
1.1343737949495984
1.14546707783489
1.161888776547313
1.1634676546978242
1.1603731579408179
1.1648620603975521
1.167595240746985
1.0774416312948372
1.0852786972692299
1.0416958325647059
1.097085336985158
1.0688479901046442
0.9947867930209364
1.051133086364828
1.1221760465314983
1.1592194293808487
1.1603178010159954
1.174627536860776
1.2334207788267997
1.325558025889524
1.298088642845725
1.2585503865743863
1.2713851061124148
1.265382053196139
1.2649213701329818
1.2540967905081717
1.1633110834316318
1.2020599098374125
1.1653043698068015
1.107082808978267
1.0300567574140933
0.9869136641521674
0.9887172024607632
0.937811720476095
0.9607761740382549
0.925202092832325
0.9263323978181401
0.9189822771846715
0.9456808155856434
0.985362624036449
0.9803500411454373
1.0368789178435796
0.9978036205034362
1.0632197314520204
1.112509795107716
1.026532807616013
1.0520912728679341
1.004459935603544
1.0585590813149623
1.0775587504624178
1.0137296395553048
1.030042143366307
0.98918025505676
0.918418273131634
0.9272553081897403
0.9593335803791039
1.0261143296068174
1.0321902741952889
1.0248137413284826
1.0066501471165379
0.9503621623836431
1.0176819751320496
0.964035563286456
0.9924610374167085
1.0241721753948865
1.0229122519526117
1.0230921516256248
0.9858473650386919
0.9909314375222504
1.0662654240907266
1.0871267613017799
1.1323603350939735
1.103145305909349
1.0953901285898549
1.0949537616297542
1.0483754261629017
1.0132189668121647
0.968862184724332
0.909102425075566
0.8893723679598664
0.8931848480477164
0.843580896572503
0.7887119206321025
0.7296949969005768
0.7344520239412513
0.7723608697475306
0.7754587187549487
0.8345566611523547
0.8321278085053336
0.7807871923251031
0.7857592168458449
0.8401503689515083
0.8888492719071054
0.8907075866682861
0.8899685698762616
0.9059462779353378
0.9199368334946071
0.9480380113586767
0.8927351952367394
0.9280193434150286
0.9190952777295516
0.9235067203416478
0.9247399415002051
0.8612901517499901
0.8925898551234961
0.860576993894881
0.8424716131108738
0.8429071223606283
0.8636793955873515
0.8785215801710462
0.881192146212243
0.8521675358013585
0.918926613973394
0.9003149727302853
0.8974052684571524
0.8745783469354947
0.869025200257624
0.9041626173292628
0.8805294933449239
0.8164069497152923
0.8576350076734018
0.8028468797337294
0.8503510923645863
0.864621885135419
0.8661730201920552
0.8773718999544962
0.9371508282478012
0.8804085341466966
0.8964049936134576
0.9553713526901529
0.944328832564006
0.8814591433308095
0.8819424204951866
0.8945543761136859
0.9400909364909378
0.8651461108380945
0.8649969588473065
0.8659470416045375
0.837481506297081
0.8218125924768246
0.8209977779893639
0.8334355952426064
0.8561250367525657
0.8572839684073821
0.9245836660504416
0.9276194283405581
0.8553602580956206
0.8811669507571712
0.8896068155195787
0.8665046720222155
0.8339678997202588
0.8047459484012216
0.8083614165053032
0.7618470387126375
0.7549479101247121
0.7701729356697173
0.7704631636020502
0.7711721024849457
0.7824008034198132
0.8171051115669831
0.8514980858461458
0.7937766688760969
0.8328270092385293
0.7813814012204927
0.7362078287301423
0.7923154652661186
0.7993574073127697
0.8007772813910579
0.8430336659413752
0.8212287390299395
0.885645951856348
0.8756040404546522
0.847169709683643
0.7979446693834077
0.8107573237452063
0.8509320105320313
0.8448137228581949
0.8396816647611182
0.8722630814443958
0.8825228831362008
0.878998765457292
0.8473685190269589
0.8412230396721274
0.8135979538144128
0.7680848396004696
0.8167109226273199
0.7783692642172916
0.8019935052211989
0.846650665955383
0.8056247081245699
0.7903875714730451
0.8022446766267822
0.8624883278128255
0.9100210981237337
0.8935233082116617
0.9000162928524943
0.9020442341637309
0.8606108718678485
0.8927612495921744
0.880076432211352
0.8383149210786567
0.8736652073820358
0.8851893433250426
0.9062575029367135
0.8630493707243889
0.8631687551129938
0.8882550970951741
0.9090045656369686
0.9164474993103827
0.9383991047370801
0.9804494539455464
0.9382836219758979
0.9617512329064039
0.961943046504417
0.9527139233634992
1.024427072140014
1.0864816597569098
1.0685480067632585
1.0470699275326654
1.0478417097072577
1.0663267489450408
1.042795143272711
0.9944297563510223
0.996706425241158
0.9639552643375953
0.9783094918500854
1.025608874273975
1.0493937027854527
1.0848917140810344
1.0174423009036708
0.9964075515904818
0.9800287982901117
1.0319844042237651
1.053197379153407
1.1321548235159513
1.0649865819848219
1.0621171063258263
1.1108228744340483
1.1228571047901221
1.0768331220293994
1.1067922539454988
1.1668262958976965
1.174535280381286
1.1526425598689969
1.150989403324463
1.1661439971384366
1.108586540861574
1.1364968143305276
1.1479604608389795
1.2084819464483434
1.2080727913706288
1.2073201503987776
1.1792972391629122
1.1506639951187039
1.0604782175997274
1.1240444876512485
1.1591580723996973
1.2066374932750958
1.225387836057072
1.2563707660933665
1.3489817324380171
1.2835174586235485
1.2813341636988511
1.2958267228703415
1.3746553602306377
1.3476320836853775
1.3789840591582794
1.3260947779815333
1.3750981916951337
1.3027482559642853
1.2646528785040583
1.2853792199738239
1.2389470595003105
1.2406514265218342
1.2886983218266923
1.256725944286282
1.2299393405541355
1.2818033556238886
1.223891406731961
1.251129459702221
1.1774309405694081
1.1618183208854147
1.1679796676227898
1.0780534765246492
1.1004380403838523
1.0208128651275206
1.0210848364473677
1.0586445350670337
1.1357617713680448
1.0762090057944291
1.0704691309405863
1.071289476823959
1.0669817194806743
1.0847542264510228
1.1394817205408982
1.08374499644942
1.1592599025794605
1.2473840856054157
1.230402955866783
1.2016174085079556
1.2128864782988635
1.209278037367613
1.2591591649133922
1.2234727766173192
1.1823837847435625
1.238451302698571
1.2506023580205803
1.2068997829207608
1.28114166059385
1.2658532283064967
1.2618790492851042
1.261740112173685
1.248038144734705
1.2577632013208753
1.2096413740300345
1.2020553125648483
1.1876036707094524
1.1778124616173944
1.2150717202554064
1.153991928626415
1.184126814144289
1.1138083750447005
1.1059010049768492
1.1166575164509196
1.0875628917908242
1.0858013161565636
1.0966133749150695
1.0739105744199744
1.1280269104077774
1.0915427652971035
1.1287210968326677
1.1608151103532838
1.1664132932424167
1.2232280607889088
1.2666342247341704
1.1910792443213425
1.1978097938637193
1.2406362281129866
1.283802655197061
1.3697497105548129
1.318020099280908
1.30750749369456
1.3034040243445382
1.3098515550603183
1.251630325907102
1.2103759784176213
1.1891466004176083
1.190997473920964
1.125767420173835
1.1751148265109703
1.2220568647032977
1.167728286963111
1.1928066012573273
1.2008912683067317
1.2450557563341982
1.3145979011258238
1.3103725160238577
1.2926199832352765
1.22924954964683
1.3013370107383262
1.245787109551247
1.2685339144358236
1.2157847024682567
1.267858431914564
1.17257680119846
1.1729020061393347
1.1339474461248855
1.2093303352969864
1.224053155506213
1.247014358977616
1.2493052887990521
1.3058220579291
1.4049115130089171
1.3674525885536675
1.4618617220132968
1.4545720752267142
1.5548168954764998
1.498377692258111
1.462170746085157
1.4578985332007772
1.4623829851503845
1.3705156082983714
1.2759200136806979
1.300399498699666
1.3604444177399404
1.3626766295805526
1.3413639363907157
1.3503692879676876
1.3226422946539222
1.3557602475490615
1.3569899357612611
1.3676969819755131
1.3660219834579688
1.329443694831928
1.3330776381731155
1.4070587669439778
1.4013109694125738
1.384603087664964
1.3853875757209761
1.2925110219402822
1.2959066400747694
1.250023787599858
1.3462296525661417
1.3970347231360989
1.5015103777453602
1.4587160847387106
1.4626659571895342
1.4214549722725225
1.4238618739749322
1.5235650973623298
1.4506355993554287
1.391887806362388
1.3822655717492356
1.3737481022529263
1.3883623561668608
1.4390142167061777
1.4484283658733133
1.5606931448479675
1.5690064829489971
1.4480659360508286
1.514110021303487
1.6214823629440451
1.6265908581781061
1.6270835660744398
1.7418063053441901
1.7402377829823177
1.6696787255061165
1.5588152869672949
1.5617529681320794
1.6246090665668436
1.6443224765036892
1.5939379826160545
1.5460577505590318
1.4736514538101722
1.4989779100037475
1.5521198468014028
1.5435291754368323
1.542220847893571
1.4285571454612973
1.4562190748199737
1.4207036170186103
1.516646774339854
1.5237288924584722
1.4807290711324088
1.5134351820056846
1.532122535998324
1.5945018834607236
1.6281839462232672
1.5776616301200566
1.4850726572076043
1.4905775172706381
1.4305820479103335
1.3390563765105539
1.2346757722967645
1.2332389252516047
1.2500151045486152
1.2510444326584695
1.2582477362520115
1.3530139146616278
1.3150950262068228
1.3998954039757632
1.4719316853998572
1.4475108058551034
1.3946449410030917
1.3632799940630622
1.375997607666184
1.4107553214319184
1.4286493485412586
1.4658448437817269
1.454123457164423
1.3999985708002631
1.4961652946514714
1.4900888527648575
1.4929932711930634
1.5260479438269463
1.5034671926010215
1.5940544089783435
1.5536180492821996
1.5537750618757726
1.5539356324871343
1.4600106412893987
1.56536626173761
1.5334495467256282
1.4650230967421023
1.494171645245233
1.4843984110657689
1.6009293610910709
1.6920351557160869
1.7277986198087332
1.5968055913050485
1.4904202502553676
1.6071761490665037
1.5235922510902888
1.5387331791290926
1.571423288617002
1.6309347154244738
1.6274716417688881
1.5144012213839666
1.5165832298343798
1.5643647475527815
1.589451927334549
1.603291934763624
1.5448828869798847
1.5166105998514023
1.5201830926421327
1.621865926611255
1.5232339548395102
1.4380106210919867
1.5324826696626335
1.6500827838713972
1.6817970207209982
1.6484451555091977
1.53712616942968
1.5801765786679836
1.667187213200689
1.6273463736929954
1.647682271698715
1.6941232282709515
1.8047179204320258
1.675456309562185
1.6671159065880679
1.5520612385916808
1.5820775668876927
1.487796954726495
1.4301488309528199
1.4321616628251348
1.3825109920578023
1.3676546294751943
1.3487261662237922
1.3200307609495234
1.3185734186910385
1.4207390001064923
1.4496076596011735
1.4482320396152937
1.434285891732503
1.5183703889952254
1.5086026510997745
1.5072317462689342
1.4864994021435554
1.5145999685743006
1.4484072132423607
1.4177051530247264
1.370545732380048
1.4261125232223297
1.3795598295366625
1.3772432094272116
1.3635394857926966
1.4537037390952487
1.4413915146124712
1.5061487437506647
1.506675166931352
1.5259274526704885
1.4715159780098712
1.5334671818291432
1.638707777702295
1.6415358425168487
1.5308223769709006
1.5336908325523924
1.5463264862794668
1.6639944380773897
1.663131454298698
1.5756771901190392
1.543845565807478
1.4640073876288884
1.5133170640096358
1.4350726560784288
1.42803874586887
1.416802604194894
1.458889775130262
1.4072368533264232
1.3961933164942535
1.4220279963701759
1.3400902093160376
1.3454460738165812
1.3565816556341221
1.2714340153301742
1.3012630484166636
1.326101338827842
1.3612550274344315
1.3710703818858017
1.444468644211596
1.3799906529015467
1.3434728416971902
1.2997358135680823
1.196042690202772
1.2059793695826515
1.1918294308501756
1.2643567964252875
1.2369576473511763
1.2370866216066618
1.2883404342471698
1.1927596095115032
1.2113833527295337
1.2935677437836444
1.295612316564905
1.2388418510813117
1.253511769433437
1.2538885332993797
1.1702464615395
1.1720895008664465
1.2191710470340091
1.2542519767789961
1.3400137935509282
1.343338602501232
1.373345468290737
1.3433085127859685
1.3441591030859998
1.299955637658309
1.364087555842781
1.3399570999303976
1.354443359086577
1.3985401543959006
1.3097504872979568
1.2917990023711048
1.3009742329454734
1.293077139250293
1.2652427410894103
1.2479367508494503
1.2198890718329596
1.1796135008944217
1.1782203409994005
1.2071907614891098
1.1922927960092222
1.1314454360213366
1.126560352628769
1.046043855863596
1.0356170444922412
1.03907752700835
1.012168795231883
1.0090417641207652
1.033976660639293
0.9714380284916774
0.9749661413945795
1.0412528945726813
1.0416103507560879
1.023843734743406
1.0146857902010151
0.9563009775488659
0.9418097848239158
0.9558695386038412
0.97232851398571
0.993595808840291
1.0524772550219146
1.024905261038094
1.016051702359476
1.0746424463272046
1.0761333921716325
1.0765883947202581
1.0647289552753347
1.0537092781910986
1.0324821977555143
1.0876220442174536
1.007639074607091
0.9910748718858124
0.9812915650155237
0.9851823998634047
0.9773129519563624
0.9163534581610643
0.8677170046296785
0.8892660072021559
0.8627618689771246
0.8607571796026934
0.8725179824558891
0.8867092259868491
0.8828963677570283
0.8351323220658188
0.77677885171888
0.755698921609657
0.7760264821413903
0.7664536409068976
0.7872222759352776
0.7960005708567374
0.8161611991298818
0.8652308785736679
0.8609776049996302
0.8499424159797986
0.8564117421445033
0.8880193056330675
0.8538566556159879
0.8919435084573991
0.9420040662587469
0.94390313307322
0.9441265700784409
0.9289786419945838
0.8990058640303774
0.9142848967544274
0.8955055565121051
0.8814220159855848
0.832882681369676
0.8045849075266682
0.7716147320606818
0.7856965082159708
0.8432512368647046
0.8639856543332634
0.8106973229167473
0.7818376448680739
0.7884920720697213
0.8081192036299294
0.8268745626858522
0.8343549105172339
0.9008659388094681
0.9340411720702635
0.9337912414016668
1.0079900900461967
1.008564969457897
0.9827644617596182
0.9952873193683457
0.9649011776016977
0.9782630066785825
0.9726844928870705
0.9100568216563186
0.8782437960473666
0.8924528390405649
0.8901139330303033
0.8946256749591243
0.9096182117802336
0.8710671541875843
0.908616999643735
0.9616936057027966
0.8988459841413838
0.9361947574606485
0.8955997575666826
0.9588772038082638
0.9905290693030566
0.9937616241161876
0.9952434068799992
0.9747181757445242
1.0523805033744509
1.0543696006136862
1.0071544651530062
1.0080157604875069
1.0234700773228447
1.028498334594904
1.0123820464119595
1.0054806471997926
0.9858424571737437
0.9397439665153215
0.8898398118447454
0.8640802971066355
0.8638895215121879
0.8514626283805579
0.8508828665502696
0.8259290141087456
0.8896277539092784
0.8317383012760186
0.8691369085446858
0.8349184180853921
0.8528403683297199
0.8105578790567752
0.8110222045054806
0.8468670595221303
0.8681071766214936
0.9165164472748079
0.9282951988225019
0.9620095183191085
0.9768845511986296
1.035643288722212
1.0632443690396007
1.071749323114595
1.0608008669651232
1.0169032514433685
1.094587284734553
1.099445104074936
1.0977159514543107
1.0974082413399993
1.1018273533209453
1.0416835812159402
1.0441256478096816
1.0397524140262244
1.0937713990137112
1.0764952359301316
1.0804762385024418
1.0737724870368892
1.118624364916269
1.1474181295417296
1.1192056377365476
1.1730661863517686
1.212202321143223
1.2425837918458693
1.280620997402905
1.2533121361875215
1.1677186225294813
1.2208357610964864
1.1421889750777052
1.1709114838777754
1.0835086240118321
1.1464118180931024
1.2070125785179617
1.2562125737743794
1.2100238184204097
1.2272613479334074
1.3171916438707494
1.3237959851361631
1.324147035777081
1.2334392230083902
1.2512967733246967
1.2411354334768248
1.3157615102567746
1.3976395057996367
1.3682359719619772
1.3831939782377878
1.3503046749950434
1.2687019447255843
1.188986586551139
1.1734950554250096
1.1120991305760959
1.1653404506140552
1.1078116660007122
1.0286476627091496
1.040187991324709
1.1124526765828147
1.1526368637717597
1.190520842413127
1.103554873929516
1.0301077372841096
1.0579306175866208
1.1224676499298
1.1330831302873257
1.1405570047041027
1.1120374165399585
1.1200075679157993
1.0703506417239321
1.0297862552522634
1.0328907672315317
1.0054489566551688
1.0229412800445574
1.0317150141320808
1.089672211584841
1.0868015038947245
1.112894975838335
1.186942720138113
1.1903562748296894
1.1930129845877422
1.1578280319347185
1.1404357167207042
1.0882910763713953
1.1423684460610655
1.1198540096387573
1.135642832451743
1.1707235572014665
1.2487051836493817
1.2559372505954989
1.346335479949587
1.333087731102389
1.330890923661423
1.3759676016944913
1.3035092480965365
1.305113083487735
1.3066667009753092
1.367835915580225
1.3410988320949324
1.3463583143181703
1.380511072136246
1.3269177021090695
1.3257868643635384
1.3298164437042677
1.3041070315009722
1.398763755980619
1.4074179809672358
1.3637047134537867
1.4277326012918148
1.3864428864170744
1.3914359638832094
1.4663955167634153
1.4294514245373031
1.5311210403209978
1.6052290907916271
1.55155351750486
1.4829345738216757
1.4450128265908062
1.4396588438481654
1.4392106898757822
1.453790282456892
1.4052959332665491
1.3902207913422606
1.3479284918586945
1.3119011341803732
1.3117455681623358
1.31650463383531
1.3129360682807794
1.404186027665924
1.369927002010277
1.4631519314094905
1.5288452098966756
1.5936679214034082
1.683723910007537
1.606044976340465
1.5829059665873197
1.5935474195844963
1.5097883784077386
1.4476021618753234
1.5313665411674935
1.6129841220263144
1.5181213648594405
1.6325852184917449
1.5427477211554312
1.583200580394595
1.5810369764259833
1.5804691144501422
1.6448748999203333
1.7764388626428917
1.9144429533339802
1.9416454409294066
1.9181962257490042
1.8637396659893435
1.8272714465626057
1.839431515166852
1.751074532825805
1.7148474624884433
1.7099998993921772
1.7059899387228459
1.6778114832667241
1.5524412619189136
1.6662768311010585
1.574518431945707
1.450295804565685
1.4331327493804757
1.332357085754662
1.3252267926548091
1.4162918987022954
1.4027840967378646
1.4894403943768393
1.5027503281538908
1.5101623379987044
1.4130660817791332
1.4711389859013086
1.5247680102600387
1.5198202076436274
1.5903393717423588
1.714435442887438
1.6729442428112673
1.5496994856208912
1.6597040106738588
1.5914773031042202
1.6644869988269781
1.686169990903513
1.6406595284778043
1.6466987558267179
1.7000639110726685
1.701691109965431
1.7488245156744235
1.7484430618075806
1.8367166676411801
1.8462608735869472
1.8432158063868986
1.782150560079904
1.779571040741783
1.817349199426383
1.94023752293797
1.871074542137929
1.772165831982838
1.8468323202091634
1.7273636725128325
1.7220860848010726
1.6300976898046424
1.532067494636865
1.509291682674458
1.5756639035290285
1.4568427777500206
1.4046580883355384
1.4049499202988767
1.3187605046191406
1.3147546118662645
1.3136554240578935
1.3928014022784183
1.3481290274490634
1.2536426978436923
1.254851447939105
1.186790620334488
1.1896909426633413
1.1335106471904717
1.1879741732219589
1.2147779888487973
1.2348690281677763
1.2352757828983356
1.1879147058400235
1.2491446611044914
1.269321082119
1.3462050503458807
1.4478164894068246
1.3661757592923673
1.2637184589657022
1.1652802382749452
1.0869698370491254
1.0884791541713161
1.0682340386469267
1.0196153685868325
0.9963085450191859
1.021245665062099
1.0210492449359994
1.0663549999370872
1.1469917927530475
1.1720131276892747
1.2132012817347124
1.1543070847036474
1.1875505134389672
1.1989740497343713
1.2752790510986776
1.2987555072350567
1.2122136894683762
1.2120528576042469
1.21342321300739
1.1518023902573518
1.1097852882659929
1.084150954385027
1.0679318013503618
1.0832637825641247
1.1491976208929777
1.1161050243914163
1.073973761225742
1.006494792432104
0.9315806978840855
0.898475995359025
0.9512121570971206
1.0116627015620068
0.9982408461345873
0.946219616343411
0.9143652934856327
0.921932160960903
0.9911422193548859
1.0111211995529108
1.0109887558985553
1.027324628730029
1.0525218222058381
1.0258110884577212
0.9494266405550068
0.9414215623799634
0.9626527353227159
1.0236196675881122
1.0561845105216925
1.0638365356174417
1.0852459157152936
1.1653217360400199
1.152767625021662
1.1198130745681736
1.1039898275615232
1.162239677018077
1.1354074909727085
1.121098787067157
1.0463003342190726
1.0351057785508166
1.0145573415694646
1.02051068613552
1.0521338693323643
1.1009762856277892
1.1002381418619178
1.0560328521406126
0.9781213411825982
0.9292614894241037
0.8785416487753288
0.857140524280915
0.7958077921086156
0.7834921077831112
0.7726386232420885
0.772787112550525
0.7850464798251361
0.768226494652267
0.7847682658992103
0.7595393205578854
0.7895757226617891
0.8278832569595009
0.8508419933048292
0.8831081175184425
0.897553909219889
0.9349711696254216
0.885981222023332
0.8861513834166529
0.8880446640354414
0.8533836356441191
0.9105301005075329
0.9030326303874151
0.8397001442402626
0.7939159578694625
0.7864251192737018
0.7820993212559462
0.8339240108427592
0.8063103023018255
0.8218488387913094
0.8273161083290782
0.8246155934939997
0.8272534494346071
0.782203487279189
0.7830187217709903
0.7828450043069988
0.8013752643272875
0.8391945280502822
0.8692011673506529
0.90629012949822
0.9001661638003451
0.8450824318663408
0.9086865705838876
0.9089302305212765
0.9416622883170817
0.9564097956758566
0.925889333971673
0.9259884700665089
0.9168732582204551
0.9161269905198673
0.8924811082516976
0.843502318335633
0.8320591988147629
0.7814412392043449
0.8199452822625183
0.7655005812193179
0.8206241448537372
0.7967892974446381
0.780802377440087
0.7425740327326326
0.6836945456097924
0.7102875346886296
0.7532543556459282
0.770969541651877
0.7406561288705226
0.7488964790725273
0.748972869571904
0.797197757861906
0.7988784961384086
0.8562328347518972
0.9227734685751229
0.9239127220691498
0.9290416708771911
0.9721725299714913
0.9303227331297178
0.8931920060642863
0.8727511001055118
0.830098541845721
0.8774589018298171
0.847478282315137
0.7941444806174884
0.7920478748723269
0.7921563821417454
0.8439326272936807
0.8116442223142097
0.8039269414178652
0.8023581482677157
0.8238123650607045
0.8331604608958678
0.8317703509196849
0.8295687607047122
0.8290009404040128
0.8303070479665898
0.7653836067785509
0.8122762996780576
0.8708056496741834
0.8627192219338365
0.8927936159099269
0.8255396261549259
0.8287201360149454
0.8685744963524443
0.8456733543515618
0.8883282707970178
0.9592727240641682
0.9884409631624521
0.9966977300101088
1.0045898324260194
0.9350418410612433
1.0020531135133157
0.9853300612888884
0.9900237482553731
0.9730388625280028
0.9741310034965049
1.0369136646292643
1.0834919247424029
1.1248709043788867
1.1073404673520804
1.0635072862059012
1.1226712855304641
1.1838599436129285
1.1649205039591726
1.1200708591352173
1.093900883264136
1.0170968665229643
1.032870964716432
0.9559035597369733
0.9779074678000335
1.0426444651508922
1.09928404747228
1.0980675910456554
1.049367315935334
1.1333084152501136
1.129669806087429
1.1703559984772487
1.2091235355293928
1.1412547389623895
1.183552492028133
1.191729636770183
1.1077872073111494
1.0872860182688633
1.0948577473366503
1.0613993359614164
1.0537009398556552
1.009672047463221
0.9631534256972605
1.014924253357299
0.9964606180855796
0.9969727213703113
0.9805421526115827
0.9880305751628403
0.9377639286177055
0.9930099988223784
0.9962073385557462
1.0074873896067111
1.025935145431743
1.051112075514198
1.0750710515625248
1.1117242460629977
1.077343679836953
1.0685854893530111
1.01351421476254
0.9357576864332299
1.0069203169905674
1.0469968208955422
1.063767118015278
1.1208990755465023
1.0950243503713817
1.102579201492211
1.1557417756772668
1.1382273330189498
1.047285958048087
1.1160328575333374
1.1695542194028687
1.1529234147830645
1.1570467239820594
1.171167447280502
1.1682252563424511
1.1230476479649865
1.1205667824374215
