0 0.0
0.7886389972489618 0.7875574156620403
0.824992410231284
0.7928034351669297
0.788522602212463
0.7861413029343655
0.7314850904897406
0.7161430102390952
0.6633813613428142
0.6364459640127708
0.5924344686199503
0.5771954338705573
0.5881679042775237
0.6319930281234778
0.620154768091155
0.6463442974484114
0.6470766054937305
0.6722769657006589
0.668181355118864
0.6692907682001631
0.6703644844284732
0.6380777977467886
0.6646975665219222
0.664768784311868
0.6868596316970503
0.6985592300467578
0.7184080088114863
0.7157152937868017
0.6812022834255586
0.6885542700813397
0.6826628548668151
0.6759870703834595
0.6758081995024525
0.6753750596687301
0.6239862736843138
0.6427752089610923
0.6429198713521946
0.6543646353422348
0.6992960825866515
0.7048041022653656
0.6970351755890654
0.6750395098586556
0.6549390372218813
0.687833771929319
0.6822958367496179
0.698287467779862
0.6664735236849454
0.6323053784071534
0.6532457524988827
0.6227004377894666
0.6456661111098988
0.6586054763226027
0.6737975653505407
0.6805919449939823
0.6989195696604229
0.711511930038153
0.7044189317682605
0.7478121258147086
0.7314624972793669
0.7591672083538087
0.7476983653694753
0.742952099208453
0.6840857848210591
0.6553825575463195
0.6289858844684074
0.6436563638258762
0.6543317895266741
0.6570375287724779
0.6794711694619027
0.6796086416871419
0.6797213691441182
0.6792396471935247
0.6625036516935598
0.66407814194614
0.7059961518417867
0.7564135905796716
0.762276498639836
0.771390410165164
0.7731839149777502
0.8345556420094425
0.8352789197484879
0.778877690570837
0.7834308492287455
0.7584136659183218
0.7553891753376764
0.7497598472468316
0.7235040611693533
0.736749113294777
0.737379298362113
0.6802614682298685
0.6531968419158286
0.6784524057460423
0.6918544276189151
0.706908215730204
0.754327423284059
0.7533582876261554
0.733941354717169
0.7482450249746744
0.7327095368599644
0.7139821896348251
0.7623841720021483
0.7341854255516218
0.6768798837450811
0.6770686521762306
0.6584181485271984
0.710554656716829
0.7106360048881051
0.7551524945252498
0.7991108403443135
0.8062265539124631
0.7591611693598225
0.7838806455112658
0.7922945951421206
0.8242740976810121
0.8495518068448873
0.9052934122746308
0.8661497545787612
0.8633621496997476
0.8569828355962114
0.8307549082054179
0.8340719035534815
0.8271524486400549
0.8213748994971222
0.7764431783519092
0.783842889444439
0.7817228344455855
0.7882597170295074
0.7810446612922618
0.7662142922903652
0.8026514039162984
0.779317334179688
0.81220959922634
0.7885947283630178
0.7613501760752046
0.769981391540675
0.8285605466639274
0.8118372670109345
0.8715137121228019
0.8324924566793597
0.7974774670659207
0.7981042753050673
0.8124468986253186
0.7960298875148395
0.7814546640653133
0.7471982861043311
0.7256400358868195
0.6791998132137739
0.6785674123135552
0.6653999048772754
0.6959668529852544
0.7393189544049042
0.7095483695598774
0.7149583683842932
0.7343804285610268
0.7170856546720393
0.7449102739552792
0.7364574034668394
0.7924178522298309
0.7601625174079705
0.7074697223693912
0.7009782145803651
0.7525824763751248
0.7630555327894126
0.7661099242905012
0.7533644987288894
0.7741364120938427
0.8070531580420233
0.8142148977512015
0.8005232005285088
0.8445092893904617
0.8342367746835413
0.8190049787406922
0.8798404793028736
0.8635163146175532
0.8591431131550455
0.8202014911018176
0.7897797717066333
0.7455294799887516
0.7954181368214556
0.7953112309870234
0.803988425003853
0.8279800285316576
0.849415615374713
0.8506127294150448
0.8843031672194672
0.8353241057545074
0.8325632044642186
0.8324787371347666
0.7812201189814
0.7810633070092805
0.821868259565575
0.8592143190082204
0.8009983506228876
0.842134942787024
0.8210962507344857
0.8431521351276762
0.8228083277288447
0.8315852278451525
0.8476148802251231
0.8786433321550681
0.8842048893695204
0.8174232262640375
0.8304516112083977
0.8244351930475652
0.8252341801782719
0.8632863731621162
0.8688387239872848
0.8336154755095799
0.8382174347236393
0.800044030327733
0.7795350043903068
0.8115812795569615
0.7627779025265532
0.8060367957613745
0.8058924542066357
0.7987832457683107
0.7865184937498491
0.7484202183975813
0.7586622466049667
0.7664310322406696
0.7865311123175387
0.7986116450050621
0.8620613885810683
0.8314220512261946
0.7685509912005026
0.7650566101345444
0.7614636742052073
0.7690014724912891
0.7573838908789192
0.7789635062998947
0.7311165950089318
0.7150050896986007
0.7560176802173181
0.754658278468145
0.754876475122336
0.8076528027074641
0.8345643327503228
0.8351590354565451
0.8352468979798472
0.806928766729757
0.8087839791656557
0.8549686448857665
0.8431585918682575
0.8433038061251481
0.9088574768295221
0.9318737804189008
0.8613980009674709
0.8104463842312208
0.74687865686188
0.7379346541356463
0.7697748747027473
0.7726484915504149
0.778802471204664
0.8046974842093598
0.8621127457141756
0.860281413200624
0.801493274025359
0.8052912755059747
0.8058425359594286
0.7924552944357441
0.777504000090661
0.738877635965216
0.71157296090684
0.7116494297481573
0.7119322485095568
0.7118115552804574
0.711562472481625
0.768370443237082
0.8068948567468106
0.8585830745645214
0.8108837923744021
0.8036029158017701
0.8021085589612921
0.8016636569367052
0.7975639191860449
0.7971728364927929
0.7993701577305582
0.8261914990908635
0.8136559039087563
0.8145320466023737
0.8404901705405012
0.8279728782569538
0.833182414512721
0.8251160709515003
0.8266889403982274
0.8369966417201093
0.8836248536727775
0.922256975692665
0.9799578238063763
0.9708110865415996
0.8934278487950101
0.9265221025695515
0.8744639850316913
0.8320371497788331
0.8334121573305514
0.8340516480854521
0.8215762075469756
0.8729640215515653
0.9064801577313144
0.9060908821802783
0.8525432911534525
0.8492723915645571
0.8414746125609885
0.8789938819134563
0.8885371166520435
0.9373290649369936
0.9448166256499402
0.8844120163079101
0.815078711813284
0.7663831015494085
0.8165303839873458
0.7637567386967933
0.7769811439184902
0.7856161704342817
0.8011484586345339
0.8145272782627356
0.7808554838888195
0.7958760663645856
0.8190965230963316
0.8157896921795712
0.8580677056195309
0.8682055702844123
0.8612861549656325
0.9027825672955943
0.8829835827889688
0.8396532111293482
0.814977399312035
0.8338188268818717
0.8350748453552158
0.8639291843985567
0.8638421052625233
0.9009900412676447
0.9099699460568821
0.9107004220681555
0.9115845465438113
0.9140057525036517
0.9076835254438254
0.948862848267204
0.9522511256158496
1.0105696769358052
0.9510553909851184
0.9731782108627076
0.9678240941146875
0.9695577794034529
1.0029077370617703
0.963273259198333
0.9673780355875626
0.9815578359105503
0.9814059459265632
0.9897952587459782
1.0628567612879483
1.0715899566623956
1.08339214418149
1.0960531073081055
1.0857589329287471
1.0593487112541748
1.0830134011816306
1.1525302464935288
1.1882499459315259
1.1983078853571858
1.1743537718139914
1.2140983598407527
1.2550993476216212
1.1715980394071863
1.206245925037457
1.2060297455528077
1.140527894366279
1.1605768734381707
1.096495662944571
1.129944979127258
1.1296579706952734
1.0619437190663334
1.0752283233381568
1.056477480855634
1.026770003690636
1.0453196656803405
1.1110913713878003
1.169106832277606
1.2133492693850032
1.2661845841269759
1.22846574249316
1.1783138779093576
1.1452607569763642
1.1439531143926618
1.143475161030719
1.178069670378757
1.172400588794874
1.190283268024999
1.2403762977468782
1.2267661365082791
1.231949600983132
1.2683734776870212
1.1785667837120677
1.1283794828377416
1.2116070281697322
1.1397028664522855
1.1381214344058563
1.184623910397849
1.235207260766419
1.1957570933770512
1.2694746824812246
1.334527594885875
1.3289286469012174
1.30508155515275
1.2332437218310235
1.2619463423408355
1.2358754633123838
1.2646366780598053
1.3335376107509285
1.312268069651542
1.3175119763404273
1.4171573975958645
1.4071837128311548
1.4073274008716805
1.3978850257144078
1.4919959002616854
1.5318064022972333
1.472654420618774
1.3892718599002563
1.3691368619404598
1.43753921554864
1.3866501864955478
1.3819584089983
1.3821094796219853
1.2871098090093933
1.2978926779975652
1.2495101797609813
1.3415567382972742
1.4447885420259812
1.448685729772176
1.5194247120470312
1.519579405536254
1.5880713978774075
1.5862854493546974
1.50578241362726
1.5177684420943764
1.5338746212097987
1.545257990678825
1.6474733943504036
1.557757763491505
1.586279105659478
1.6005150146530271
1.6094765566557274
1.5338694491615013
1.455982515560932
1.3646506232117412
1.4696672594473064
1.4002779648405947
1.3744985967945156
1.2853101546099666
1.2966341725118318
1.3055023370363021
1.2973529210164407
1.2987865165230994
1.3020518095891118
1.3107580982399727
1.3012160285478471
1.3720143531003839
1.39159999923159
1.4684423270581826
1.5441428907848993
1.556701036585678
1.4900270871695016
1.5336342252115038
1.5461638664572055
1.631594185690562
1.6133258025953499
1.66006827285985
1.7481210120069055
1.68165498883782
1.7152515191752162
1.6385602113405588
1.6138828484349383
1.7176865626574913
1.7171847298130032
1.7038435134803216
1.6968052181732098
1.5931448062844809
1.6115708845068395
1.606436300534915
1.5403272709248
1.4896868374800498
1.497599963191746
1.6021792877596126
1.600217905292727
1.5999628413358842
1.5047895374235354
1.5345137870615475
1.4175918489079564
1.4543081180424295
1.4324242954014628
1.3242691401996316
1.4058882784024616
1.4009660822480976
1.4111626109322695
1.4197632204505144
1.4170429746663333
1.4045981083659766
1.516283761306949
1.4768557757467398
1.4587513938563184
1.4425772240281831
1.3811133396615451
1.3798084358366398
1.364819332558117
1.3658841665985033
1.3016902365629737
1.2236182287296364
1.2323811921449876
1.2337592071056354
1.252121815663634
1.253348484355455
1.3256139284185113
1.381632920685269
1.4256099274818395
1.4683736201374957
1.4232359583241292
1.4227396714884928
1.4294731814407227
1.4480970393343835
1.503303995760813
1.5241367136609942
1.5196173731541058
1.6052793514687986
1.5960779116543793
1.664152387147405
1.650297180779604
1.6487906448078353
1.631083421698374
1.7179725923199727
1.6051029091284963
1.510873001610044
1.5332430929041974
1.609927544064659
1.7374203695418944
1.727373157355846
1.6255559632349077
1.673080535778601
1.7589411118419467
1.761977526785841
1.7270133680966424
1.8046524144180047
1.820465904308482
1.9189386776117878
1.9145283702313887
1.891066932934727
1.9009852407705246
1.8773606259693796
1.8654171900523173
1.8307087549944159
1.800833441539765
1.8160528846434927
1.8138198006520156
1.8198884635209591
1.817708553446847
1.8330187556392272
1.7791685792839944
1.76238452144787
1.7471120533924582
1.692166223050889
1.8129435014316218
1.9361801435177624
1.8005079857589372
1.764188740649009
1.6408187733153605
1.6305960058677775
1.5953544510474194
1.6304937761667013
1.71359876466333
1.799991965575
1.6685808702146967
1.6340978272792548
1.7071100937035164
1.69712943397374
1.815898686292532
1.7199868446170656
1.6030205823481016
1.5253129622730068
1.4788719945596192
1.4871972472633441
1.4786020061006675
1.4600225709260586
1.3441262067378312
1.3563193321300324
1.2479908397065185
1.2412493199814856
1.1844955359521578
1.2036249124534215
1.281904707366788
1.326236873445909
1.3909251904632012
1.4979190388692771
1.538374075827108
1.5319725819874557
1.612780670987991
1.4922710000715815
1.490838420843874
1.474086644877475
1.5570590057821088
1.4344427805946993
1.347573210322499
1.3679917890884734
1.4759544755072913
1.3998168169318177
1.3388884072099934
1.3891310793708407
1.3886404691844356
1.3029621367033117
1.21458180987772
1.21660779949619
1.170881794879122
1.2031344465259068
1.2025884052171532
1.1895021394672343
1.186680123609415
1.128490307748844
1.11508671078899
1.1788611503850748
1.2480539417471757
1.243268355582948
1.284368708860433
1.345162173478903
1.2605855072069254
1.2860027412567412
1.288942084841296
1.1912783606758504
1.238944140761777
1.2999814565218153
1.299508396407989
1.2805335007155814
1.2789599958395814
1.264840107094312
1.3401377549142528
1.233479780644703
1.2146901966087882
1.2446163557951393
1.3176259554195124
1.266434325163205
1.3042478117796406
1.3106685861476464
1.2636314800746948
1.2190185710736579
1.1342214744647807
1.142301807244044
1.1647133377738192
1.1849535619612426
1.1905840886433092
1.2697700522349322
1.3416384062207187
1.3764536757132355
1.3798752736492963
1.4710527812929688
1.420387286244832
1.4197359979800397
1.5314874111250902
1.426333127893993
1.439833903949393
1.4283788842148668
1.354370766872691
1.3303377413797606
1.4081899567834073
1.352688490698491
1.26371380220154
1.1978501441082983
1.1952468615936238
1.1177449533736747
1.1772673992462637
1.1518770051242957
1.074866997562839
1.0406169680819064
1.0573014604827993
1.0866674487748609
1.1245490835313132
1.0816210897583831
1.1019811336490424
1.1050062987180977
1.0741304093777937
1.119464314166253
1.1145205516626195
1.1642565616798088
1.2485808389374147
1.15494362149133
1.2126225390972714
1.2863347452285596
1.3129481879204978
1.266424682585213
1.225108785753261
1.128244880644365
1.1909653381052698
1.1910962140517412
1.266013679228008
1.3460254717894224
1.377370158086144
1.369097078223489
1.401092976897182
1.3950527308399359
1.362062421839186
1.400313196276552
1.3988502642474494
1.3756868652524845
1.4066358175465066
1.4109815509015642
1.4610602220237576
1.435912211300356
1.4337512014358964
1.4307406739792141
1.3475471207781673
1.2792275154450226
1.255624149938507
1.2802799784547978
1.3075801955084096
1.378120923745672
1.4586752495139608
1.3785991584287425
1.410765182721
1.4531244707812834
1.463460520075447
1.4896007699462612
1.3955584715810547
1.3615353686025853
1.3699019080035943
1.297293575996683
1.3187549621157282
1.3307490234022592
1.2874869537375873
1.323797880185876
1.3575097380531231
1.3594829713754755
1.305621521188435
1.323246672097919
1.3674066333319832
1.3777086363683946
1.4380788083260596
1.456655609740237
1.5503178841005627
1.5179951549602768
1.5307115570215375
1.6186221844127244
1.5320957623501483
1.514416477139104
1.6156061907239394
1.6667702995229696
1.5764070687085066
1.4910711907682985
1.4787833611957697
1.4782622456020877
1.4247002400049211
1.4082393619850149
1.3762014290843207
1.4670709236542012
1.466731294328673
1.4042014293075908
1.4052985501887085
1.3041916490084324
1.2519636733920412
1.160736508965377
1.2171144754869234
1.300332031655419
1.2678672787576186
1.257711499917881
1.3422253234303656
1.365463553234687
1.4675345727908573
1.3559717726753702
1.3629395195826723
1.4473579709177908
1.4330316333935829
1.3657336589102966
1.4507259789057059
1.4457330861680764
1.4585695522030173
1.4572277777961438
1.5030481970986798
1.611119755297713
1.6226913438027892
1.5659349862590826
1.5672643047862467
1.5493403699590316
1.611854437405747
1.581338828981474
1.6887020211392125
1.634437303363357
1.6346505478916302
1.7194421037057006
1.5874813069476135
1.4897854592912618
1.4069513232026793
1.448342521745226
1.453953312923418
1.520856764592072
1.5263196832257897
1.6263350271810324
1.6468360495729635
1.5158641478747068
1.5627086925925195
1.5429753476816224
1.5449699585984153
1.4594009538944102
1.4336846407581343
1.446033309074518
1.3819435042411867
1.4286936963585448
1.5250256303608642
1.5252133031531183
1.5308832096158878
1.6052221621573146
1.605406661491392
1.6021426804342513
1.559424840777231
1.6669173377278483
1.597270157985239
1.5496877544609386
1.5428465366375876
1.4635351893011672
1.3667493100698473
1.4241948082839992
1.3705399998840795
1.3700732882596793
1.319394774378786
1.3239699703395968
1.3253386183989326
1.3291961827755876
1.323852747791158
1.4183495353025952
1.4321794699752064
1.4718687711521041
1.4741116117970592
1.5748141943856016
1.5679250035741226
1.6555387691284116
1.7791531718086016
1.7516792192629056
1.7644813612003514
1.6761734392082288
1.595706580938088
1.487419571429895
1.4832353924278527
1.4125235205209339
1.4363246647833474
1.354867134709257
1.2597911334835008
1.294192714986676
1.2790208171097348
1.202981979768619
1.2245391917016628
1.2019559026000515
1.2871106959401637
1.288023753726972
1.2793433592596686
1.1818137282897585
1.1858173597759727
1.1593355070093487
1.130897425633033
1.220124990224622
1.3137835835343328
1.326775422742359
1.3640109220929824
1.274284606654346
1.2737552843192927
1.2473566693229778
1.226823403612653
1.1970540993893273
1.2372700660883171
1.2600570924052656
1.2576050223986526
1.2617961329392609
1.3083328797517413
1.277100240771254
1.3361720718156973
1.403519111653997
1.44212512690291
1.3315416729026153
1.3536132562413803
1.4107583056817423
1.4754795165550705
1.469680921134187
1.403753126898844
1.3989133407423489
1.3971879739973376
1.3159975726441286
1.3146189815829559
1.3110046998503286
1.3215016817138
1.3267224583267627
1.271881095132351
1.2700751084719526
1.2673348150844392
1.2010282447790843
1.2323944116192123
1.2033353809504335
1.2143135609584954
1.208463740492432
1.2144271327713538
1.193653595588
1.1947062615994888
1.1842545641684794
1.2634999757314596
1.2416314331958953
1.234800751096064
1.2302884543208676
1.3249969314839984
1.2283152759366716
1.2201992693982175
1.1737569144998183
1.122457754592209
1.123115428903228
1.0404845100954336
1.0392254768051348
0.9956528005033847
1.0102915979769804
1.0010523080773017
1.0532975640705347
1.1025848699513425
1.079145380712036
1.0087672456235275
1.0118534002493391
1.0847440062613323
1.0666545577193154
1.0547853317497107
1.080166127511059
1.0724556402948042
1.110145261058463
1.1235024552237822
1.1551311003781235
1.1347306177820582
1.1396559727246836
1.204271773473703
1.2002798894137048
1.1465876796078815
1.1309827101078274
1.1616380272210345
1.084804480474021
1.0609919520873345
1.0690412418489639
1.0107078744815912
1.009891805395829
1.028557640311433
1.0031618969857239
0.9857553915999216
0.985487553544354
1.01948216693122
1.0456192795722996
1.0440217471580344
1.0919294535531303
1.0912298317056663
1.094231833625377
1.0704117085561369
1.070272664781352
1.060985155261696
0.9886230796374147
0.9792158772477683
1.005015945825168
1.0233176782848727
1.0022234550354712
1.0798948552220429
1.1540496331946017
1.0744968614368122
1.0626895230321993
0.9900023084949403
0.9803909154049163
0.9145772295602436
0.8916228127491301
0.8874571894439428
0.9165592264785247
0.8700391891749328
0.8437368365003891
0.8037269032435717
0.808960940246878
0.8115390650940475
0.8466675528733858
0.8236736406555327
0.8269574329996586
0.8741836204128682
0.8899893145072292
0.9008246854727467
0.9443137485994455
0.8768428850489316
0.9407973781916689
0.9049620019362812
0.9293274924313181
0.9290300121059908
0.9024652228930088
0.8866768863374864
0.888916338634307
0.893181260928415
0.9155450242027308
0.8821204187460329
0.9216522405881767
0.9780489751646098
1.0513340163235059
1.044659631431047
1.1032913533571411
1.0364602850743014
1.0535188907676725
1.0482699845953223
1.0274506827475411
1.0891549965769591
1.1057990738204737
1.133682343803046
1.173037678226742
1.1022916907379494
1.0369264908968456
0.9802546022270233
0.9952062009301613
0.9446301354562074
1.0050838470454013
0.9570692859280381
0.8812981803689955
0.8149298357301968
0.854547163142453
0.8322584237581573
0.8338766596055837
0.7848885779895429
0.791064012384055
0.7453336291406777
0.7259066009858922
0.725521554324677
0.7449373740752019
0.7217070575488588
0.7032629281788797
0.7245950682597613
0.7504600783059304
0.750821778368633
0.7781809252527447
0.8149528306547806
0.822258064209848
0.8163894117230012
0.8165206225086233
0.8130747762013606
0.7590985941892383
0.7567162383447971
0.7560217342250917
0.7760175676967276
0.7380922201269425
0.7926420478105648
0.7925270900972688
0.7946225042793734
0.8010599162255791
0.8509127629731634
0.8208747396183849
0.7868240861856208
0.8045811595116139
0.8035278009788992
0.7830475643258382
0.7902033075821339
0.7703725050787097
0.7413625502608908
0.7069418499392299
0.7209275134919418
0.7211623292863066
0.707321979724117
0.6934650875975179
0.694230340373811
0.7138136997507014
0.7143834720370684
0.7024842720193345
0.7092139553086294
0.6749638352300593
0.711097341821316
0.6987283394215476
0.7148943882954131
0.7436764454548977
0.7446571159398631
0.7450445886507429
0.7794364762090629
0.8403828202403485
0.8323687863550604
0.7754723918749514
0.8114445629372621
0.8171478446345856
0.8170425396440132
0.8168396073957668
0.8596010509455629
0.840523932980375
0.8393425193419353
0.8573943158052572
0.8184898916037231
0.8183975834611282
0.8040350970661548
0.7913531196855386
0.8046663504948793
0.8104615984473865
0.829652786290081
0.7815161673597166
0.7589502992630249
0.7556672687800966
0.7843011745238887
0.7650466054973912
0.8012511856304978
0.7636210789935359
0.788108658268665
0.8203856185296377
0.7940405541921884
0.7610582531549712
0.7325003606675219
0.76965294634081
0.7373643092397896
0.7636001325466514
0.7708609032242214
0.8189368543908809
0.8384729224450049
0.8765377871330583
0.871972630730189
0.9031938663648268
0.9029026211153907
0.8927589251565314
0.886196993325971
0.8998545829049084
0.9108005047913025
0.9444031159566842
0.9925517183652439
0.9720240074027348
0.9715673452474644
0.9469554867004003
1.008131807317035
0.937570779203704
0.8746219408575745
0.8505107185345332
0.8364855339750115
0.8433926815039736
0.8129531314057113
0.8029330472696423
0.755163418091192
0.793651690928978
0.7579523188755679
0.6980958930958884
0.7305226102381499
0.6875832250301683
0.6890533209400326
0.6585548436544725
0.6421242788805379
0.6251712782071964
0.6266152715120811
0.5835938256901946
0.590666461098222
0.5671930063469725
0.5668190034212337
0.597044012282543
0.5734909047596849
0.5781508440818078
0.6087813940224882
0.6279570598594909
0.6118302245133317
0.6471115193998531
0.6486613274903685
0.6411887982385742
0.6414059068006835
0.5980134530694918
0.6222172614506477
0.6246554779869972
0.6301142770329548
0.6768262473731014
0.6412993691160814
0.6414369818628921
0.6415676431270005
0.614045534252897
0.5759511149024161
0.5758933424466797
0.5851532603826025
0.5484056708749501
0.566563839953421
0.5462259612239971
0.5672370104776722
0.5994528219719102
0.6438721819889162
0.6313110465356238
0.6215429694884693
0.6385529910827278
0.6119686799829791
0.6293322223541422
0.6707068889458015
0.6572382732260859
0.6703348519045842
0.6315482383072788
0.6156628976793908
0.6149022763560152
0.6167598646659418
0.5824811826411965
0.5578209547590073
0.5178716297006973
0.5527847186493509
0.543783032968726
0.5146937537706504
0.5186856266744155
0.5156136767077409
0.5491742971073352
0.5536587234535153
0.588089844556363
0.56180318664147
0.525631589761185
0.5348937263634169
0.5468569057220651
0.5732712052717005
0.574767251053595
0.6047250675285486
0.6363105333092308
0.6498566857079774
0.6700971710899306
0.6339906520965044
0.6246457715875734
0.6346240009888313
0.6653685624426777
0.6651276267831046
0.6387796741831208
0.6391355640279911
0.5914108567610529
0.5960639798677851
0.6302852459650391
0.6656384154224849
0.6382748658890032
0.6438872576882373
0.6701818886889361
0.68038165791385
0.6268908876580622
0.6647084802241189
0.6682837441145854
0.6657186602942657
0.6155912923320606
0.6178394127419858
0.6183062874961752
0.6340897574660502
0.6757217744841164
0.7108948532307129
0.7132210048151
0.6639472156904918
0.6647335190993144
0.7099697017271751
0.7467196772219522
0.7108144043903707
0.7448526847447037
0.7863919250243515
0.7387045075036442
0.7335999837504502
0.7112261213326238
0.7236192873658245
0.7754574307319173
0.7759811994732191
0.8345013966574856
0.8246323785553017
0.8129119381390817
0.8120794957239135
0.7757587703050046
0.718452383206786
0.7431028238804962
0.7038286219039427
0.6970880359503122
0.7204391005862582
0.6714816610279711
0.6708800206116784
0.7038645543093669
0.679774201011324
0.6895848209562605
0.6668157789753859
0.7138651348320756
0.7222382742257123
0.6830970995865426
0.6494563501999818
0.6502090711699653
0.6764794130913656
0.6791585287974655
0.6796421891483981
0.6800558691256483
0.6804338672022663
0.658892813985461
0.6999747732213756
0.7226202861124504
0.7310922137525866
0.6903964319008958
0.6783220369791085
0.6560406370485812
0.6502322849744209
0.6963010156815702
0.7024383876655349
0.6699024984344801
0.7227775889754758
0.7789996346677174
0.7864803128603648
0.7704287720460763
0.7165780989677611
0.6788123521864982
0.7098686630767127
0.7517327163378361
0.7188881665770247
0.7488884902904585
0.7966015673303051
0.7534453837438638
0.6961117624536772
0.6448259352729045
0.6444235756308643
0.6699839986338665
0.6766282213173793
0.6959298711735421
0.6983228170598652
0.7446524431513567
0.7450317618017693
0.755902189884507
0.7557686037754977
0.6982962692325191
0.7200057231044622
0.7260190979674637
0.763195866059495
0.7919241071711955
0.7680245534835972
0.7574320269578761
0.8153284024347356
0.8128969060748691
0.7828199055781714
0.753380060408592
0.7530162002584903
0.7414151217421144
0.7440056575638332
0.7449462432877642
0.740187490625174
0.7692689096078347
0.7355660305281639
0.7205942511191875
0.7692624103426117
0.8024877187698078
0.823237745087244
0.8548043061426008
0.8988386292719701
0.9184256698798058
0.8744389366857198
0.8783551789233415
0.8633474975542946
0.9159331077532346
0.9167288302469713
0.9072278977907087
0.9065058845341813
0.8590443813498857
0.8053892750893052
0.8072147710946387
0.7787130776702804
0.8317976253573633
0.8893264856805222
0.9571831114622815
0.9549069635509954
1.0131252479706998
0.9993811224702513
0.9982497988625368
0.9979337537254142
1.0649120512609496
1.0631102464026505
1.0404711018400297
1.0314082782513287
1.013011817859953
1.0059545233743765
0.9638669752766184
0.899195825144726
0.9269264703407094
0.8907440460133096
0.9616595855157359
0.9560753969246595
0.8916022642278705
0.8852563077478486
0.8804809585914541
0.8789170191713342
0.8572529157726636
0.9029233597142956
0.8604931822169071
0.8613428589374805
0.9007833025453371
0.9668801975575503
0.9728072657732773
0.9893751768484542
0.9892639155145462
0.9425481505992033
0.9534726183413771
0.9287907375623687
0.9887386005567598
1.0474389319770205
0.9869164942559724
1.0612411072485723
1.0716874915274697
1.0970652562911074
1.0590992015474963
1.0546370889809662
0.973755280813338
0.9589332701135896
0.9459384643832497
0.9296062734201583
0.8974033447732139
0.9417075021334728
0.912945576141523
0.9193079768735604
0.8536976795706912
0.8904613488988403
0.8327486259065906
0.813577386926525
0.7884721891669649
0.777825313183338
0.7259847907130975
0.7816658686392174
0.7738298379796309
0.7319531796086959
0.6927460348976072
0.7206168997551156
0.7508974584211345
0.7898620954127623
0.7388449608651552
0.7019291122618161
0.6972099200343643
