0 0.0
2.5987481088699895 2.5437049055573824
2.5473590964090143
2.5477162617087448
2.4260072125756604
2.4663740234613662
2.6460334034382633
2.496426978373669
2.5456891065090446
2.4489994748050115
2.426842050368234
2.387252376986746
2.399202355113472
2.2822494411222274
2.1793515423307013
2.039176274372004
2.024386345993727
2.021256453760406
2.0029695594497747
2.007812805167435
2.044401048143464
1.9862116726959678
1.9605834313783166
1.9620113307255418
1.9883161603911659
2.088725478460959
2.2480780230751556
2.0708192443847335
2.207653003316136
2.1795520170149727
2.230922591248841
2.3849605599663226
2.441996369545052
2.3464348767324
2.2461438887108693
2.075089005736294
2.094910301973712
2.13855062751945
2.099812813429623
2.0174624701714
2.109956680726614
1.9533416593983504
2.077594285595836
2.1375752991231924
2.1632924946799843
2.1682371507695453
2.1619776686025776
2.2186678419695647
2.281952716111959
2.1195791641105206
2.139139839287952
2.131957539007133
2.1338161742587927
2.2350521881113936
2.148777090717411
2.1568711516184775
2.233436521437544
2.2635679344613577
2.3046807344346574
2.333646326423569
2.5003786547824474
2.507803834229586
2.503955535470707
2.656513691165591
2.6552039708815722
2.6450481565643598
2.5917723797718395
2.5440069615625838
2.619598026838419
2.6188316276989156
2.5228079108806063
2.520914939957562
2.3982191202225365
2.2969907054440766
2.2591493613907185
2.2766600497562237
2.1269807112586574
2.154915943235235
2.0214149839063826
2.170387883124238
2.2671970725201143
2.1844615406795684
2.351185909111005
2.2523500270235726
2.252010514144046
2.226124842669278
2.25027776090164
2.093895604599049
2.1301563058940287
2.2478177413099623
2.2794826840058553
2.278265593240755
2.351591019041012
2.300513376111717
2.4363615742189433
2.6233852142232403
2.423639411676849
2.371564192281018
2.3633914030251004
2.3252717727585157
2.201276383436474
2.0476369972828374
1.9832606307248042
1.839548384021544
1.8522059745054986
1.983976861997723
2.0847563764315655
2.1382168343402173
2.168158785723768
2.2321190214257802
2.2497233156072878
2.0809841227046872
2.2466466432066565
2.3223156202740656
2.2199809043936254
2.0511048036200292
2.0389403544813085
2.008470634854606
1.9589383032445675
2.0889022375005775
2.2496645140738014
2.3817034862855953
2.3790557404998256
2.3796297854113466
2.2169417512002076
2.218297085903381
2.1213185699687496
2.123020410719028
2.2131622054870994
2.056378375876457
2.0758893902220437
2.006631334596168
2.0155819689337284
2.058173849363843
2.1249562698987297
2.031853668988481
2.0610157218097553
2.088000542148531
1.9420104057826129
2.0923766884427626
2.0489028787532453
2.1300832896424735
1.9648183276639881
2.029350088717257
2.0576726661952676
2.0938890587854226
2.124836418827591
2.0389573528127336
2.0339272041950807
1.9496907401507955
1.9519066731972103
1.9452302760789706
1.9710047758912987
2.025722201921064
2.0276265973692325
1.934268270403674
1.8831710631403427
1.8585883016088576
1.8608114650233614
1.7954790253547177
1.7298585774228095
1.7395153787292457
1.6857496502786118
1.7023024323023552
1.8140047192834423
1.9478272135863888
1.9405442159507853
2.003562985937151
2.0042053547866017
1.8973050855419507
1.9831241955997936
1.8496367984611413
1.9059735794799844
1.930221211508102
1.9562331597765747
2.087385822563701
2.0632924415064275
2.1737540815841405
2.1699279957474777
2.102351405996686
2.1053209273807103
2.2158469776851133
2.179738662028265
2.1451922350932855
2.0581481414495113
2.0429340449453957
2.002598533065642
2.004329604142996
1.9755059860611013
2.1176312501651684
2.0458176558289076
2.0112272577206225
2.038591666780891
2.0360673946882164
2.113679310245559
2.1229970251842376
2.02634244921368
1.9417075957964647
1.803046342139343
1.7298967376548289
1.7280102280780054
1.769044091761747
1.66849947126626
1.669010730060897
1.7258579224273287
1.6953326092594467
1.7434741812663828
1.708629841932909
1.693261298494235
1.5703521828696392
1.681180237190762
1.564816622641004
1.5795466170247512
1.6250328964794463
1.6628784078720809
1.5892186092090113
1.5726729542739775
1.6379100790648526
1.5941495885137669
1.692517054170779
1.5957600346087113
1.5928107121937949
1.6214517439146003
1.6940835670777397
1.7767477766507669
1.7864164233736495
1.9039463920366961
1.9037436328572896
1.840288481228247
1.844949173749488
1.806674353247754
1.7406284978553017
1.6605887624487738
1.6730826860918768
1.6558075312379477
1.6160626683894326
1.6172155439666167
1.6107152883124263
1.6021184737860752
1.6320281202702696
1.7585452706394096
1.7301104005613883
1.593867830722048
1.5675104074877952
1.5676728258566366
1.6393916462891074
1.6744259162799373
1.6076699891538013
1.6061801275305088
1.687623660136238
1.7082068331544114
1.7080298211634515
1.7076986775353553
1.582554916188127
1.6486751920790812
1.5183180509570164
1.5099024485414698
1.5245989241089593
1.535640953205594
1.5294477603079912
1.6166804875932375
1.5020477851553857
1.6100911297144962
1.48477906898973
1.4797999901280627
1.5899414706770023
1.6927700941554786
1.7552579454498412
1.8468899801430352
1.8466431491272768
1.9896962491765342
2.104697316309726
2.077418422536062
1.951026683869017
1.8178620555485843
1.7976115839718767
1.9217295146997677
1.9233366435516617
1.9164579426207597
2.0291402029164134
2.0285488271574295
1.9322330532880845
1.931596570351119
1.9132861363699933
1.9120984153972442
1.835846862268567
1.7628282761931464
1.7803692298878944
1.8933164128612734
1.7593667400123565
1.7528855914803605
1.66532364785118
1.6775144034358729
1.7047882647762547
1.7153271951894664
1.6868034486407837
1.660926841549885
1.6103164288286447
1.736318316229633
1.6500851599821589
1.743094522430088
1.7433167642269305
1.733211846670739
1.7613467860852485
1.7318703058523959
1.7341220609206676
1.8175555871377387
1.6996815551048594
1.716182573184335
1.6842606171718044
1.793544652707185
1.7028195894289708
1.7729811829708257
1.908453477344266
1.8770289331491714
1.7527985399231718
1.8196171951564357
1.7723804569313506
1.8705775923389076
1.7599821200653807
1.6381838711849903
1.6543475666082874
1.5788620311357577
1.6890259063986275
1.5765894317394553
1.5796974166143716
1.598863152418531
1.6026242598272715
1.475166881596032
1.3923101699253408
1.4249542909027402
1.3368294217143315
1.3370509566888757
1.4071775740990415
1.455062853064236
1.4572539174000028
1.3842354999074251
1.4133591899289586
1.413208766040233
1.4685592816998085
1.476124325418405
1.4881635708343501
1.436992192355121
1.467281782911726
1.4893249854822255
1.4973233411448146
1.494110750823093
1.4187406683525716
1.4865106843235698
1.560058519000609
1.6078990735765135
1.7005363874213784
1.8115293016619416
1.6884618020162592
1.5966579359068918
1.5390504023982243
1.6410144913233968
1.7151759431587972
1.6975256029182744
1.6007760541054883
1.5551866172264377
1.4569986172446205
1.5664610938348902
1.5749137711627819
1.6538974559553454
1.6372260371432765
1.6303148120481696
1.512147031317084
1.5290773158566884
1.5520333664122559
1.5828810202408434
1.6462438732532776
1.6446720464626392
1.6657416473652684
1.66604091884169
1.670160892944682
1.6292089494785844
1.6379009874254054
1.621524790400671
1.5945072378456226
1.5542982872796673
1.5119608270030556
1.5050260213567224
1.5017729397101816
1.3928815994211339
1.4736596894570864
1.46130217215946
1.4335945255337408
1.4815105953351297
1.4444893129584822
1.3476368409418091
1.3196959992580177
1.3401909496290934
1.2878122840904427
1.2980510780967642
1.3889675299202515
1.4005736481203264
1.4014361611483979
1.3916011336371843
1.3878976860844143
1.486949260083177
1.4018463173669484
1.4443893322415498
1.4482712518708747
1.3569493778242694
1.424680593330685
1.4077477312480666
1.3463275713715126
1.4051911216664754
1.406653841995034
1.4715362999899861
1.440019832401514
1.446620506729742
1.4683707720192556
1.4612359369026402
1.5724578585340652
1.5434308008837707
1.6051966611263528
1.577425738915836
1.4532698654133471
1.5589827089383097
1.4343231189218646
1.4206411332155462
1.4306574805597236
1.4578354848012
1.3853654714811487
1.4811042779507182
1.4313930993605537
1.4370914088913693
1.428657103821329
1.4475227573232325
1.459607771927648
1.5734944284972923
1.5319246803132363
1.54053983058783
1.627177651808813
1.6867078875134702
1.6838316893458087
1.747346287759041
1.7728473005539325
1.8739244118712493
1.8756109519946416
1.8630611747715375
1.873972432564088
1.8364344346342119
1.7078070486110402
1.591050317733952
1.5947465014569158
1.7194906304626316
1.8183697394945932
1.7972699372269614
1.8632846192074743
1.8239374759384703
1.936200056300087
1.998328482843485
1.9920574978178849
2.0454200813104695
2.0034590024555063
2.02051724170962
2.0938842393639194
1.9902998151878901
2.116812732027216
2.049428350466959
2.030155861510136
2.0910361188489803
2.0886403655212384
1.9653857437282714
1.8737949197701587
1.783908498352649
1.6463455453070046
1.6593658193963479
1.7698611067868433
1.6387391214366929
1.570562748701516
1.4519920547953384
1.4311668000321534
1.4715831569448663
1.4552232018533868
1.515647276425643
1.5476575438973381
1.5152298664080677
1.5159645210679402
1.5616283338323111
1.5691299041396582
1.466506312936588
1.476684011785419
1.5238486022001065
1.531854449949944
1.5466963517602736
1.5471867487731021
1.5675376972585617
1.5031525927270097
1.5161569804483563
1.4708168908103365
1.5334012338365695
1.5558731502786547
1.5307118913111166
1.530253927458423
1.5921751015501393
1.655602170884777
1.5964489512256244
1.6723005785910556
1.626161251674945
1.6400382610854845
1.6532955195189516
1.6047308060020993
1.6758165622214538
1.7773013567993368
1.9153735365757831
1.8815935197484532
1.7474340372857993
1.733265645084295
1.8362280387132897
1.926953542300504
1.8472186865850146
1.824047118128654
1.697893627754977
1.625715393540111
1.6467531347132123
1.633557710346024
1.5332532734953177
1.5618802857101022
1.5467306205463651
1.5454209932834218
1.4409002533470672
1.5098785024640158
1.4657254314105277
1.4902425001869601
1.5820658335322522
1.498902486692474
1.5686283955546307
1.5692464040671437
1.569669513172687
1.5386779471468381
1.5782351501420848
1.5155844689162383
1.5841661327236465
1.6399655440420258
1.6401866598478836
1.6478609570569005
1.6447929039037688
1.6465767707439172
1.6590209025526024
1.6637079587897603
1.6815449758129248
1.5821546882715518
1.5803779530246773
1.5740453278557105
1.6060400811544888
1.5271953289991331
1.5856782125000946
1.5058731943456456
1.501868677602944
1.400767602928359
1.4943877300587418
1.6064681152611269
1.6094341073706124
1.6561733736581268
1.616880551595062
1.6579949420902025
1.6977844563850943
1.683772817835937
1.749650456893069
1.8096747149589472
1.7083941782115382
1.710188729668616
1.686999710652025
1.6860032385105919
1.5792298567759346
1.6980930867460107
1.650032295164068
1.6947811513358992
1.8020742634507865
1.8221829614256786
1.8211923065767117
1.8398944569226945
1.8659643479256582
1.8397534042821833
1.9327289689600986
1.9324182795810063
1.8680472062522715
1.9465587134286317
2.0332141992004864
2.1784956226712686
2.0717927122670075
2.0493753713723195
2.0808347138068437
1.979152827410109
1.964963177906557
1.8932032345108083
2.0286263810853837
2.0169261645219057
1.9903244696013467
2.0802066802262593
2.1332126361273027
2.10552454206247
2.1250434393167863
2.112732922482659
2.1351993944098937
2.1236527298035135
2.07463930365699
2.073147550352628
2.0662964319466965
2.0291135056005842
1.8957757177093981
2.0435584624986936
2.0742173066787624
2.140699560256373
2.2373372069612585
2.2911403906950065
2.3281662775210776
2.2091265214701354
2.07483988428182
2.0760003761058545
2.12845487113982
2.2671928121747547
2.1753423432615033
2.1590502993377063
2.1407793051095902
1.977761893012838
2.063944653869397
2.063720150326366
2.0644940559573666
2.1272533964096345
2.1183352852385564
2.1107479252585346
2.120662960367279
2.096685792911864
1.9395412922947786
1.9888346326086983
1.9116197029296236
1.7843254774707282
1.8857718538867463
1.8375436033003365
1.8348450862945742
1.8539213332467717
1.7911659057037672
1.6566166450509683
1.6734213924937638
1.5559859337154074
1.4798396889635352
1.5215936812715039
1.5270541194151264
1.5350206378042102
1.583532167852257
1.6318920148131355
1.6598388378368722
1.664637360814837
1.6197270993940316
1.540905929348803
1.4746799923569576
1.4030187172505482
1.3607145752691665
1.3783709798253876
1.3558732298756786
1.2628335859173045
1.2920146567405764
1.369878300678639
1.26610721938538
1.3315989941230608
1.3420690151746166
1.4355087659566612
1.4390243476712647
1.4394572364682112
1.462923780933864
1.4787967706036582
1.471297838640277
1.4240728592754397
1.3966202014286524
1.4364765241981607
1.4515254867423013
1.4994072582994442
1.5139035023040899
1.5197499364623481
1.5145673108704825
1.3996253928435507
1.442975656254133
1.3947752484480955
1.4282159142133082
1.4327376886158658
1.4628203491669665
1.467612661134146
1.3763941158774835
1.4115014901426004
1.4311976645414717
1.3439836505987086
1.41796079924846
1.489676111730093
1.4874758390302416
1.5272801577234931
1.4613538536802675
1.463896565339012
1.3495104631616135
1.4347797185362918
1.4229899514749575
1.4783534267229712
1.5863295734449692
1.5139514366669116
1.4269505815294572
1.4718959666163063
1.5007691990187804
1.4935360372351814
1.5354571106213684
1.5861366733900928
1.5809892791163265
1.5304033405827613
1.5056257777434314
1.4347807619534854
1.420788342647785
1.420009167720549
1.4159401441835702
1.4283763585568738
1.3494975098570214
1.350297756323138
1.3952341923268319
1.4057598863800953
1.3621150811201852
1.254892972524236
1.2801576032421433
1.2807476213906628
1.3632549585264333
1.4112443578045848
1.495821172988313
1.6146881273765128
1.6336351211006968
1.7183957065614197
1.7057361737703072
1.6038220996920334
1.6048030606189227
1.5703269804061397
1.5646482835315778
1.6650988843737873
1.5813861654510188
1.695226650977215
1.7808313481122817
1.7877817177413047
1.789567337450425
1.7872442088689038
1.8037651419851617
1.8563456916889942
1.7197602817677757
1.5981207006717957
1.5835742152159376
1.5288380708899048
1.5471652303761778
1.4553231892444833
1.469022301550874
1.454915226505724
1.4707463298180177
1.5298685889597998
1.5814684125661898
1.646771983759063
1.7577676411139516
1.7423410000750423
1.6945927218608812
1.630814352192294
1.6516661172520017
1.5685431858915637
1.4887362587830717
1.4048574626137054
1.3092781737044084
1.3468691909920254
1.3466827787469948
1.2757671306597305
1.234692233093665
1.312880830370397
1.292753862759228
1.3137971992457513
1.32916554873369
1.3652594855479403
1.4663874459881667
1.5288404314539765
1.5521541399318888
1.5587974111907357
1.46491260887062
1.486957484700649
1.4846840768107532
1.4813411715409652
1.3815174965171018
1.393745278996917
1.4325471191231947
1.5314549674005324
1.5302312085231615
1.4919789961552392
1.4344013756759209
1.4163107297373008
1.4029754172996154
1.3067054737363681
1.2185751280618293
1.2856133735069624
1.269936629935316
1.2300032561741057
1.176230616910751
1.144287468180232
1.1465252181981118
1.0614333008881345
1.1263760988291962
1.1289283718953496
1.2138639238922186
1.1675701448104876
1.203732745598951
1.204345725509555
1.1125243583651565
1.1741461845330177
1.2047030116591937
1.210171718585552
1.2128850726997662
1.2145960051703926
1.2167815985918982
1.1629273611312336
1.1313464047929895
1.0597866498430297
1.0950825980045837
1.0496344920984753
1.0545020990772165
1.0726343784835246
1.1255925908660542
1.1245516541956362
1.1669986244129316
1.2294317310811518
1.2711815535094195
1.3498664214245752
1.3771050197063148
1.2920516892612226
1.2762608145015635
1.2957260191161146
1.367260139086214
1.3521419084522757
1.4016275716920645
1.3963796917830762
1.4024566418069662
1.434067229632783
1.3708147900687273
1.4549090170373937
1.3881385006903983
1.3979686505712297
1.4967815291530442
1.426310413902472
1.4261254940544605
1.450091811818547
1.4101520424468281
1.3586247939008598
1.401127106959828
1.4627648228321268
1.4477666014970854
1.4006339471301015
1.4149208636516026
1.3165054775335843
1.2351986492907965
1.3297539761922201
1.2631098888993852
1.3150908731829656
1.332732773014295
1.3716547386551474
1.342796529291787
1.2680902149501305
1.2386073525583545
1.286414484759184
1.2720299029836213
1.3689301676869314
1.3708829476119537
1.4277582229230987
1.5094390741108052
1.5061115520542692
1.4305714655466821
1.420847167531981
1.4362211960427889
1.516950426508868
1.5156245274419662
1.4716456704292424
1.446857531019345
1.4931672179816917
1.534885111060401
1.4826338727696244
1.5722362153788658
1.6599820162639032
1.652375258169984
1.7711179905854861
1.7719731278840651
1.7727343493295278
1.6516174715803298
1.6397015009204974
1.5840258336202393
1.4929924944039001
1.5337199774554284
1.4590908911551022
1.450615703827998
1.3885824371822024
1.4022614834015934
1.3711061032787175
1.3462646858964473
1.2944208204106424
1.2876629413134089
1.2520514586238463
1.2813281155131164
1.3175159014961917
1.2562806601487526
1.2290999142031616
1.2404813311367342
1.3181085027493773
1.3182518243646408
1.320922284417264
1.337351356059957
1.4050433167702698
1.5075391336065531
1.4665215682582984
1.4438091086159628
1.4027706864368807
1.3666016829344212
1.2677055367530312
1.2661908113220788
1.247844176915877
1.2135412023117058
1.2211691591140252
1.2120761547116714
1.1200265002720298
1.1782264114974244
1.1105404768268918
1.1005456988792754
1.1235583933461546
1.126464196168363
1.0855555925350513
1.0512884575410313
0.9795659396705549
0.978851491776695
0.9933875802680079
1.008919879706064
1.00770306890156
1.0424489063483706
1.0362901393391544
1.078034883960105
1.120444960557522
1.148751866251614
1.162352771747169
1.17530324708256
1.0988129250041678
1.1189025177788983
1.1447924928671913
1.190099698436993
1.1090570067638605
1.1213480526251614
1.1784315843395512
1.152335371539133
1.1247528397159519
1.1931997201549525
1.2546983942925942
1.1865125058695463
1.2512793912373987
1.250319356169055
1.1863468148517353
1.1869086555182513
1.205639869884773
1.2093855458295604
1.2498334951096488
1.1993726636494915
1.1185572270258461
1.0472573236815428
1.0629463730975848
1.0306585721227504
0.9941863095945768
0.9847984755993671
0.9408023087834659
0.8823107907428276
0.9428931912267362
0.9505173984373478
0.9415228120107716
0.915983426999633
0.921169367256151
0.9131684934777806
0.8722324122582563
0.8734354954618333
0.8863595922329783
0.8894763187440161
0.8899418292374766
0.9167958645719478
0.9853440811812423
1.0176475178594984
1.0449976622745663
1.0240441163295986
1.0644485529803296
1.031981094010034
1.0941531630697658
1.1186490951912291
1.1480360484071677
1.079172448293529
1.0353027886019928
0.9608006492523782
0.9641938490920128
1.0031298403993965
0.9662519817182594
0.997844682727163
1.0119993872338628
1.049498101152719
1.0619329626838172
1.129708394264203
1.130299899175338
1.1573556439222084
1.072827937599357
0.996490807222966
0.9574826249466026
0.9582832295155955
0.9541293141130599
0.9151982971266187
0.9842346073041113
0.9823875328439522
0.9699644562797863
1.0154621802723482
1.0246202559265156
1.0095534414962761
0.9551767988554334
0.8874567928364581
0.8816776560235761
0.8319480416650948
0.8223449562103767
0.8451925152017037
0.8408043559887327
0.8216400159721865
0.8787846764869265
0.9253738292140452
0.9461459952882144
0.9662903331539058
0.9276984626822165
0.9383092095410765
0.9369905905931524
0.9608502943140073
0.886641402542067
0.9024904240680915
0.9088290259844449
0.8511388791334212
0.8514010208756986
0.8792172051302372
0.8341207350132366
0.8879164847550887
0.818492156012891
0.8614152976720344
0.8633640509175996
0.8559049696210264
0.8965338915021029
0.9101352230300845
0.917859118844121
0.907929742612003
0.9532825081941217
0.9741384101298636
0.9897071298543486
0.9453892029741582
0.9191469361043616
0.9381136601058805
0.9499614845135232
0.9660462046945695
0.9856831945447282
0.9550857674143228
0.9640540870935894
0.9481022286104072
0.9727307079896168
0.962271512633783
0.9566363143473003
1.0156935751417164
1.0186969020216883
1.0279158965677346
1.021601033144214
0.9850639551171043
1.0111462798225128
1.038068681762468
1.015767933072872
1.0156130518285724
0.9875094922351422
0.9692217098275187
0.936328751856063
0.9602567946115853
0.9221477882655793
0.8752771393622005
0.9315410896757651
0.9312335921608451
0.9328529440271321
0.8859710897700729
0.8222220256135647
0.8555682283741467
0.8606254015932254
0.8923302035154885
0.9461505217152525
0.9360335349704487
0.9404682798677578
0.9541516301773949
0.8936707597462563
0.9008324423068893
0.9007387163773649
0.9117790761126414
0.9825658654692503
1.0401326418045855
1.0278513451088591
0.9802378539335305
0.9773254971444992
1.0466835743810512
1.0130205298393906
1.0117488109019392
1.006155967987828
0.965785861337111
0.9540661094891049
0.9399331995297081
0.9380496058677344
0.8754050460385614
0.9178440418972386
0.9032918259731683
0.8921463787300103
0.941637411147648
0.8801559117446842
0.915606602565347
0.9589493870529334
1.000789227294244
1.0002059189990877
1.009674379087199
0.9465603871582281
0.9662842892297737
0.9764172694291973
0.9254850032289464
0.9281883477071837
0.8715307679315157
0.9115087719782269
0.8918704183599442
0.8422476891640303
0.9040480539583418
0.9159253307671761
0.9150233652562675
0.9779119586975968
0.9298037791117268
0.9226764814634044
0.9797106209503361
0.9904644549795498
0.9216621876382908
0.96002200180198
0.8969408392393703
0.9087827811911334
0.918429217027827
0.9673515790322385
1.0276951697543955
1.021130490857318
1.0208769979642047
1.0202390970445532
0.939294918306028
0.9535684721023092
0.9131557777831858
0.8923225980857237
0.8420250065253356
0.9080719263446161
0.8753632145459281
0.8075434148737032
0.7800679981862809
0.7782553532954132
0.829521831237286
0.880361675313713
0.8730416732972102
0.8483230016944816
0.855890744430548
0.8626629616447385
0.8597261469717552
0.8981719476314423
0.9414719197717404
0.9471881845628802
0.892917490401442
0.8738205810076368
0.926521027849852
0.9303699120702011
0.948050545628032
0.9407208734271604
0.9199336030086913
0.992640914155013
0.9608804445176696
0.9852029284800027
0.9098430666261687
0.8423913377395137
0.8006782584728028
0.8206842824487669
0.8402361759124808
0.8802907016670543
0.9392966135756746
0.9557682241196195
0.9483194236698987
1.0019911828297046
1.0318332875673304
1.036750404365791
1.078973855373219
1.0791939934900545
1.113435370216909
1.1816549495681705
1.2239592595062287
1.1723979337334547
1.1686519952799852
1.244026832369106
1.2830837217412956
1.317258584439028
1.3084245758527109
1.3238159165795382
1.2605743535090528
1.211144571664564
1.2485281368831183
1.2472219142293575
1.2833826667212422
1.2891658721219155
1.3542203700148903
1.342615396885995
1.441864677407665
1.503442042190026
1.441847393156028
1.3676075687096465
1.3543501364955712
1.3453174978988391
1.3245386517424067
1.223849780751005
1.220170590006165
1.2595494791863233
1.1794256810394246
1.087987458871391
1.0950132429657935
1.1734733623587488
1.1504746820276035
1.223256368242741
1.1487037437978105
1.1504729981118627
1.16175724127583
1.1559528885264296
1.1910971811190156
1.2119127905752431
1.2681316132375369
1.3031981779395252
1.3318310565245655
1.3477363196386036
1.333149470510662
1.295499877923642
1.2941515623711521
1.2999871597112802
1.3104239832651026
1.317001539598205
1.3516945196488015
1.3340692463621284
1.3307964085187585
1.3357032988843576
1.2671392971789235
1.2684682676896242
1.3113303780911951
1.3286001831020708
1.2999837689378688
1.2571823392857069
1.2591474635299933
1.3574615437406066
1.331964783893226
1.4138910997091967
1.4485866300670522
1.4848822551598013
1.4754776577501592
1.498247589255958
1.4097396796952193
1.3918714938445003
1.4200611944721981
1.3168985977894634
1.3261641883316615
1.3775309157146156
1.3731913778599045
1.3810964169578939
1.414195875953956
1.4693878052432314
1.4624638847883245
1.4861011223743448
1.5821573346116844
1.5799233122965917
1.5739410092011745
1.5730468939351518
1.5387904179057894
1.5381111955520095
1.4866536947937565
1.3838524989561762
1.4829949264205111
1.568112975355468
1.555415693667858
1.4988980873659876
1.533347879343874
1.4455925736321014
1.4190041704149832
1.4208756955863169
1.4797849791563857
1.486380820594888
1.5278894144258537
1.5094129059524088
1.5097148857415865
1.581368847029209
1.6366598595277642
1.6364425084633827
1.5183763328590034
1.4749292502144293
1.3968205799447473
1.326371335770893
1.3504724604129839
1.432547857242898
1.4615889323158335
1.4309560874357625
1.4541272389075026
1.5594222697427795
1.5493030080393893
1.5548629385756387
1.590601682727817
1.5189472106941793
1.564530297640299
1.5670212357600304
1.5130245835467477
1.5380372132898914
1.551496059494492
1.5583846156152872
1.6341747625201501
1.6385802498790696
1.6387476943983024
1.6449263168979749
1.6648364150798358
1.6276532304213012
1.7030564758178943
1.6527181198661978
1.6437548518218135
1.5488136835815471
1.5846098693053599
1.4935413227771122
1.5004534658417048
1.5653614941260763
1.5520507228857525
1.4532968416564434
1.374065494840754
1.4379909143838145
1.5311525432180182
1.6468919643148232
1.5293992421800289
1.5271085506685094
1.5298339799737573
1.621549949407728
1.5785819148727134
1.6260096847705623
1.6317872555863964
1.7232424095452679
1.692326266223118
1.6484477736474028
1.665485228578819
1.6345073858240489
1.6840176056568479
1.71325721114767
1.7551979223767236
1.750379506571493
1.7124967509304116
1.6071807797271962
1.6050374200935194
1.6148962849898778
1.50684191235456
1.5312816830131235
1.518399734024118
1.616964603013103
1.598801482421592
1.4709326911338072
1.4600197419227157
1.5628247475473174
1.477236953695218
1.5819531221592344
1.6589538822365122
1.605969750518313
1.6262797044513506
1.5259218560487307
1.4625151722468712
1.4662007736126048
1.5225716447904778
1.587158367100291
1.6873198249498509
1.8032710795168962
1.7970872211578162
1.6748852051131682
1.7616777890836788
1.7263466100163722
1.723437534448559
1.7174034315245508
1.7310335615202337
1.6881155194946034
1.6156766096075497
1.6577256216773
1.7557679906280304
1.7607048526938993
1.784808839785408
1.749784187547655
1.6339038804487414
1.7024934134288807
1.750887701361966
1.7966485483960812
1.848741247892497
1.8220658834484016
1.7860118320997551
1.6648112843026845
1.6550248062377153
1.7356405201570797
1.8074374768893995
1.842596454770545
1.8359484013078835
1.8523501264919722
1.887447115581222
1.8660636796177665
1.962888100947845
2.031050301838128
1.9024658108565051
1.8627363934011172
1.8623782025354976
1.8764472956420835
