4 0 0.0 1.4708550442794548 47.158438174793105 1.3
0.9379714267314588 0.9720884847547582
0.9955903699193508
1.0572750170915175
1.0231789001776814
0.9807610492257438
0.9885114531446768
0.9392505336361344
0.9952115144571163
0.9978000877848262
0.9772190945893517
0.9698077851501388
0.894279796201787
0.8968607382908597
0.8669554658149058
0.8607158839126976
0.896941214714498
0.9204069253707571
0.9228738580356466
0.9338505806224159
0.9349269148851811
0.93581134008956
0.9539319428333669
1.0243085327430075
0.9977346863138783
1.0009510761118108
0.9577449118817698
0.9923849917890154
0.9964533904336904
0.9344347104386302
1.0085499748040427
0.9859086148164071
0.9861688778675421
0.9635422845412073
1.0070718642717054
1.0135817387832395
1.0274860222259845
1.0705956728165638
1.0186088274826866
0.952850943594007
0.9783916325687817
0.9266152993328578
0.9191602177853951
0.9232629017204584
0.9092509684730007
0.9188810955241961
0.9091368721174233
0.9358127964070521
0.9939673445630572
0.9940736119371693
0.9934789351624823
0.9913897781428765
0.9561540453123814
1.0325640042517037
1.027629567815941
1.0804438439673443
1.0070248732284979
1.0015994436326656
1.0032889653242232
1.0097544666240863
1.012837779213534
1.050232630599677
1.0704458489218394
1.0133959418915894
1.0659526016268042
1.0477319656006108
1.047239991157083
1.084255708503322
1.1006188140740192
1.0538855142813621
1.026573147172819
1.0072689070782437
1.0426228789369527
1.0436896712851504
0.9814398319256218
0.9886336814258792
0.9908506103925914
1.0306769008838532
0.9484489129450361
0.9544267509890957
0.9557663187716002
0.9760599506780158
0.9790029059817106
1.0016091044526318
0.9917122446693474
1.016681747119293
1.0903434125554645
1.0710276795643747
1.063856506475218
1.0612278170701985
1.1270181977419569
1.16224900159969
1.1361027211348693
1.0732828794977536
1.1549845262266445
1.1453871453741482
1.1346239300894305
1.1006235496054297
1.0230430711647347
1.0508812626972155
0.99620824431965
1.0214691608732782
0.99807631373291
0.9252824737282435
0.9925729067347467
0.9940663032006001
1.0328815050364437
1.0602930197554716
1.060544932714325
1.0608758915705874
1.0310773131005728
1.0886438511757395
1.0835105273660262
1.0887595351416957
1.0867478210272434
1.089944155200055
1.0725183298198777
1.0937364733428836
1.095345272455263
1.1264576761003398
1.1325638169355798
1.1348747200711324
1.1765868100937704
1.13176645995638
1.1776496709275823
1.1700638739209535
1.1725481014224626
1.2512310391501598
1.2508245107205396
1.3497791810480344
1.4563083024745511
1.4613101113076528
1.4034985788647747
1.401241766703272
1.3887907551488257
1.3674338925396639
1.274125447717718
1.2605050395296924
1.260206637515996
1.2772097027565268
1.3059200873918455
1.3401923890460208
1.3194970688536702
1.3327766305537547
1.3465644495957034
1.3877745514993889
1.458060510789029
1.48009684600559
1.5249545456648352
1.4770023357385098
1.4841645772292804
1.525225384967586
1.5239635485946457
1.617008731619939
1.552016691175768
1.6551571151856423
1.5343289004848204
1.4402444001989765
1.4488584161711038
1.3959791135734911
1.4549574619196266
1.5518039493013074
1.623606627820313
1.6215734830435888
1.6080501702464076
1.62234009621561
1.6595606692616296
1.6770120403102584
1.6356988413294866
1.642406489933298
1.591181008227565
1.6555059333643483
1.6959604088177598
1.6089459684516965
1.6453361041084418
1.6654672838971598
1.6765176917817124
1.766013623757227
1.8021997659918179
1.8232527897110427
1.9489629567162086
1.9307154363305314
1.8388655522277488
1.726228210696314
1.7204955568830278
1.6742275456112932
1.5472476096961092
1.667280980981807
1.6503689843544351
1.5518847299734477
1.643093864492734
1.7594127491373934
1.6504063169643581
1.66335753287624
1.7371615018209006
1.6870521799040803
1.686088672520134
1.6370018908956654
1.7396547904098671
1.8081023914397814
1.8656339289030799
1.8104796976871385
1.8128073064119836
1.819782537140004
1.958452441338939
1.848709679105287
1.848259054156298
1.7503972056135302
1.7535206900595939
1.8221533923358137
1.8068270825417427
1.824073252437365
1.8160980734560717
1.9053346054471136
1.9096332673874545
2.0184059851042644
1.8823372411601362
1.9382636202690713
1.9023408983203807
1.9330964022398416
1.869583946960285
1.8693969330316
1.893901867952375
1.879537195463043
1.9795702263590353
1.9027738596613633
1.9076247238788404
1.9958754465754311
2.0015305629955784
1.8578169758651608
1.8701782811333878
1.7995360981443178
1.9297469086169314
1.924358563534038
1.7875078996593081
1.8404283135502024
1.847262240878273
1.904343074650488
2.056593864552521
1.9497001799161406
1.8322290805246442
1.8766979590616282
1.9839477690749163
1.9647272457363532
1.941825611293202
1.9721136780878272
1.9534518225033015
1.8215597221914923
1.961868115423548
2.108737199307924
2.0951484696475133
2.0452501714915794
2.1357769664872306
2.226843063578038
2.2063894337308576
2.0852479649853377
1.9771901345291736
1.897135841853648
1.7973264920459846
1.887366610579794
1.8586943804050704
1.996914333973209
1.8374262726692598
1.7676428164185958
1.8064832166907467
1.8697739609382542
1.8711890323131672
1.94443683551669
1.9441402891921897
1.8140371586883788
1.7379389750489171
1.8269491217317688
1.9631759728168878
2.1054684075295116
2.216222187525693
2.1603104725347824
2.1162518833044515
2.1709460531254776
2.080907590069942
2.0347936472789763
2.108982271499521
2.0505969412835663
1.9648530897938143
2.0649676370871854
2.0068927440700772
2.0104329746189205
2.0317880331192955
2.0233596815815997
1.986758518931359
1.9922951869745886
1.9747394949899837
2.0722651818888487
2.210724039628481
2.24497593153399
2.1386804657037923
2.0471491200813055
1.9278319475983063
2.073073118358622
2.087851901157178
2.004551334037562
2.0268001045962865
1.9523290305846077
2.072909178711221
2.1035484443420134
2.0955022987779253
2.0983579013623195
2.1999866895681026
2.1988116093051415
2.201997496063554
2.238663854650639
2.2383066628308694
2.070824650178105
2.0693935574983198
2.0879988477329188
2.1005469226428524
2.0738686288998545
1.9538715466175163
2.1033070183354785
2.234190019215618
2.2695722873875845
2.164111771927373
2.1653005666458593
2.2760966412055774
2.2326800136186487
2.1717159502598613
2.15223335861397
2.1441531644738125
2.0175445888119237
1.9131369693190259
1.9635891382327586
1.9694185244898177
1.9642555963515045
1.9834099816519344
1.883574029729758
1.863525276057662
1.8669826368522353
1.852919508257721
1.84706791196072
1.8440872757968552
1.77742506095026
1.8497534710691457
1.9006389193968036
1.9132884473558447
1.9970546436123349
2.0283141099014146
2.027791559207629
1.982143380612971
1.944355947511487
1.9314156006350145
2.037350898936728
2.0674284521774884
2.0081554508643618
1.8505270398444444
1.8019055371605757
1.801144725086094
1.9063501797073408
1.893144499905884
1.7498341987042776
1.7537538727236561
1.7544481617176062
1.6818953381206039
1.794120347223486
1.7199911099861807
1.7291940277498656
1.7264791290308024
1.8322590047132181
1.8944513568092611
2.033944752474877
1.9027557790502738
1.8173187242600912
1.806887336115625
1.8429310869407312
1.8102851962903237
1.81637687237735
1.8189182429294506
1.9454215095371
1.9299899243694396
1.9590370469464358
1.81632250400185
1.8590112810848614
1.9850576199045429
1.9927578823579266
1.99342081569403
2.012099687351709
2.0766613600089525
2.082584128572146
2.2333025272320226
2.121709528639659
2.0218335812886834
2.0115930316201807
1.9923644340032902
1.840160527907732
1.7848216478290093
1.7840251468323063
1.9216629794534272
1.9736812962045962
2.123157807576854
2.0391037279292603
2.0043424870964324
1.8891347753038383
1.971789236311736
1.8996337586727807
1.9425534106821651
1.9406033710341004
1.9048353483368385
1.896102527570878
1.8718731089633334
1.8239385421136685
1.8331936430617632
1.8525328661155547
1.9277048576247064
1.9311881328324865
1.9926361781213429
1.8666821823344748
1.904113991243954
1.861112453056649
1.8778025308918012
1.9383101024933307
1.9306979000944826
1.9284487618777713
1.9396439476674852
2.0604043929029587
2.1009599206454737
2.0645719824089332
2.1525454703035853
1.9904094654565012
1.8814232523052772
1.841870749306768
1.96959075264449
1.891711808047839
1.8910481941592603
1.9667173501194641
1.9652246406427258
1.956705354281517
1.8554230376938672
1.9320454745291038
1.9551104091065774
1.9702163894593183
1.9531377442390987
1.954035203280881
2.0364772516921295
2.101760506089192
2.1111091543809755
2.0517866297134892
2.1925511549393404
2.2036740612814274
2.1343733815165837
2.2745070521201263
2.1447824240496995
2.0813421499058036
2.030884602623039
1.908492010783972
2.0294897328095582
2.0797898398074697
2.1881811184957543
2.1580912813913185
2.1974156657394275
2.1419171397797228
2.0965170257810817
2.2311130937559085
2.2580936783096845
2.2632945986057056
2.3225529314926914
2.4329604811322216
2.3982881764406008
2.3969871790163486
2.255953034870837
2.102996112959655
2.2457426061999346
2.261202695641031
2.1398670158221886
2.0964979316984307
1.985029279803335
2.096950132131533
2.206668617583851
2.2050876047861707
2.261145325657902
2.3516321604352424
2.2711933979624304
2.2577514952965827
2.0873153094247594
2.2164796608355406
2.188899919930557
2.1495022800763666
2.0011327951423237
1.999984817103197
1.9044241168727014
1.7585092040428114
1.6937386700947026
1.8165762805280483
1.8275723623243487
1.8630080894840177
2.0028408885039655
1.854037239123003
1.7371444395661635
1.7738105567800295
1.651036183349255
1.7156050070945432
1.826691568314455
1.858815942690421
1.8964102036164998
2.0106887256683983
2.0179850905748564
2.168948955770609
2.259171605834378
2.0822574911870437
2.0768558243327484
1.9253492999710258
1.9187294797757497
1.9302786862521613
1.9097400034732244
1.9969782761098116
1.9388066904895591
1.9378590261288575
1.8419569826818043
1.8388174610345904
1.8485364566847418
1.8730355842364999
1.7861415339837268
1.8057530567355233
1.7564083901992749
1.8238906662282888
1.794563925181055
1.801543714036935
1.8080498427003147
1.8050793498957023
1.9330891166280764
1.949277511530205
1.9062411704300977
1.9092280777358992
1.92664150831719
1.8060969011856278
1.9137937189147063
1.8115850246640677
1.9302524116095912
1.8269247118191154
1.8930597929561415
1.7564207508308889
1.862136948755383
1.8868350453622456
1.8115664204530875
1.7090132704323908
1.8270786603760762
1.7673219957795558
1.7650845046580608
1.6350002254027198
1.7132821100803446
1.7178900865057911
1.7052310959633394
1.5714267970455928
1.536541331440985
1.5526041472581396
1.4447651558060521
1.4738965905709256
1.5209526794559747
1.5960725961368964
1.4695322406335498
1.5199267779860985
1.5585079741162435
1.5673427640973945
1.5690367906366045
1.5189307896868225
1.4929862896214487
1.5686194094571309
1.4943937853514255
1.4080150137863203
1.4570905553523181
1.5691814962097748
1.6743544059344722
1.6660381267742002
1.7386548866255294
1.6916841694247466
1.69552409059467
1.6657098101601584
1.665504831033562
1.5711361372470691
1.6314026844078857
1.510285703616131
1.6234008333006544
1.742177513700717
1.7486898045617225
1.8712576643573584
1.8897423957510544
1.882098460263962
1.754275124439467
1.8903986572303815
1.780472422298459
1.7893514251441984
1.6620332504079085
1.6910218451139067
1.7685651359547734
1.8187337542744526
1.7167309773243062
1.6765389358201805
1.6203064968425023
1.6798087660452488
1.6657406811463178
1.7151350486983716
1.5949574385568714
1.4754107582913096
1.4838828986199366
1.5476451318213582
1.6124878379520342
1.6350991866475062
1.670833265300559
1.6913811746247782
1.7340838925100743
1.8001181191785491
1.8012413640386264
1.7968191837951653
1.6886944283164984
1.7870904438273827
1.8818519596385608
1.914318102228974
1.77820480208809
1.9125145015636955
1.910935102045377
1.9229194324622567
1.7915965066808224
1.6953105112533402
1.7329731218625206
1.6424302995437787
1.637097306231357
1.7508185061244759
1.8632705186542957
1.7667109470434015
1.7906094657246723
1.902393567524624
1.8284621643476078
1.8295435970400387
1.8507127832343595
1.7985815550733062
1.9092690718738106
1.906749456826415
1.8195474044311624
1.6791043489096686
1.608692531555461
1.6110717817486706
1.6807234926839365
1.752498653324527
1.7725415149327788
1.6492379775949697
1.6504386504240018
1.5401446342032519
1.6005251752369574
1.6344480091481632
1.6665271837919438
1.6526106462898709
1.7682957989867083
1.7508287770868365
1.7161000962792463
1.5927750380276648
1.702028116070419
1.7271338018576952
1.832471946720245
1.7327367060097483
1.7491383146189987
1.7363126338049282
1.76059009852314
1.7878016496600158
1.8873514897750985
1.874783946457723
2.015236883957313
2.021123808935799
1.9394176168966306
1.8478376556614466
1.8661545158294213
1.9492289856047438
1.9697164450060451
1.8824394169320673
1.972127185271242
2.033373037969077
1.985743824833507
1.9830653861156646
2.0079865035678375
2.0512530019552218
2.073185058870431
2.064541664227943
2.0843211141892484
2.0873031329197054
2.0984219861305853
1.9583270356246143
1.9534987230665937
1.9539897571459082
1.8595141866101725
1.7272716040492682
1.739136586610305
1.7507222907825137
1.7450624203547136
1.8568322430647655
1.8576374111890561
1.8208524917461042
1.7836636600273248
1.9250211273653686
2.0112908995946466
1.8667634999056275
1.9169098516505616
1.9291950305043624
1.9874747489726172
1.9902095799591766
1.9536948508941159
1.9476636985090756
2.061539422358902
2.0444853593383994
1.948915743949847
1.8397044876767323
1.750106078195974
1.8233420600956232
1.794654130789447
1.7886906998721068
1.6708325673522537
1.6808117307910717
1.5483340545767252
1.5386801904448548
1.6614151753406632
1.663833251312649
1.6134897284277567
1.5273823218520546
1.615507005630185
1.4993033720155307
1.5440735140190152
1.5575467512698153
1.668915501315461
1.6161253377353626
1.6030336031727537
1.6170236958937536
1.7182662423774913
1.7168143037499652
1.7707816197033759
1.6786973587233571
1.73368759498201
1.7163990774577436
1.717938887774951
1.6675869217431434
1.7828333835831127
1.8903937196781857
1.7686899075100238
1.7609465175136998
1.7425155474362104
1.676171171367855
1.678970721623116
1.5923098522617898
1.6199603282681017
1.5780501748729694
1.5778569873915005
1.4909620677727282
1.4247778344652617
1.3591315727827846
1.4328315999473424
1.5122043187032548
1.6229321868946314
1.751523300084729
1.61672545597277
1.74023612378786
1.7676568059068662
1.691958289032889
1.6071676511601396
1.663050500194701
1.6680702794390423
1.7094918403345618
1.7272758622514166
1.7241012403477147
1.6020954143733663
1.6683828106682683
1.6795782719285153
1.7283317814488879
1.7380887076162022
1.7302555851570096
1.7317447328389841
1.859471740235281
1.986853491805574
2.0837707309407896
2.033257582659556
1.9222214826773938
1.8883486355703154
1.8303210231068634
1.760991572737646
1.7223115284314536
1.6760228352501947
1.6049652213384011
1.5938574336475848
1.5889720105698926
1.6066979505044683
1.5761535694642876
1.5877662658487735
1.5889086563865302
1.58646057020613
1.5859636022241228
1.5894653661826446
1.680633198819572
1.7292566485026368
1.7495749898869382
1.6170123982305513
1.6192963951689487
1.645595246972184
1.5977812012285497
1.485413467090396
1.47533322897926
1.4755881485084537
1.5420678719474787
1.6403236757322597
1.5817650433788415
1.6706374588217912
1.6960892320823358
1.580056630904358
1.6503817769627713
1.6788053803759617
1.7401358693084863
1.6211895762973705
1.7503777166213992
1.6509582470553874
1.731461170759244
1.6128764155671091
1.5463407188034306
1.5561249379373878
1.5961186939952647
1.5966101931833343
1.6391355196481787
1.6215173494408375
1.5686691326588387
1.6116793047455713
1.6293470620432662
1.6184346076367746
1.6745390953054047
1.6852579615415608
1.807696701355967
1.8081041633314094
1.8183662095779494
1.8032262043415672
1.8231652527919524
1.9061281664665228
1.9383665351731385
2.021424993672197
1.9425198889633304
1.9259198498397319
1.9253200236704782
1.9794748593269866
2.004313219624897
2.005680099443075
1.9430055886448883
1.8609000538954354
1.9809995064004018
1.9747982912964694
1.9881853600724924
1.9802771187236545
2.1219794675178303
2.1282423436290836
2.148946053716447
2.1463936605667064
2.0327679060657777
2.0803966176362936
2.069948862251367
1.9758649756637194
2.1267183472531848
2.077287418877944
2.1433779240900788
2.0347080899904686
2.0119119252384103
1.9541588574241644
1.9576546139046067
1.9780873713139153
1.8465031982185136
1.7628585945893693
1.848764858352686
1.8089329158261165
1.8025919070018948
1.8707790146290966
1.7759307394583392
1.8947780526549658
1.9135811601087627
1.9171951152745654
1.9404926469170056
1.9651472913027643
2.071217186130906
2.1311516822153496
2.020346890511245
2.135914936553001
1.9752834547534301
2.0504194422947313
2.0967671530327516
1.9800517908912232
2.016471037292026
1.9309545708444842
1.9378950756009585
2.0876990715759316
2.124550650292293
2.1797512478778343
2.1408556729898813
2.104107116638039
2.174048242659549
2.2843270290214046
2.3263117960926034
2.149433164768243
2.085664208821905
2.1633452074043116
2.304091646029863
2.386605229888922
2.259784258488126
2.262024213286348
2.1071357605348067
2.176976556204023
2.0827974597282144
2.0881069362165188
2.106895021484358
2.225502807720196
2.227778519274991
2.126349080570888
2.2655863875766915
2.1805937082097353
2.2347035054122992
2.311574624641965
2.3871756911383435
2.4550848605115174
2.518337384952321
2.4165853337243415
2.3328442845900486
2.3012284144067636
2.289693567698153
2.232494986719393
2.2036889165691957
2.2130183229375446
2.160998544325323
2.114319847578493
2.0498822599236535
2.0492026626308832
1.9429392540155752
2.0246528952531664
2.1484733493558412
2.0772434922674057
2.2039206308141552
2.213499898159601
2.230441583362935
2.0785516354080493
1.99467721781966
2.1352531554637606
2.129599185583393
2.0983347426067946
2.1117448543874384
2.078904494029927
2.1575111738047554
2.0030731954229077
2.0058647463726995
2.164632236394876
2.2492279148968835
2.2858913878338654
2.22636799449575
2.2591344970769813
2.273944987002327
2.2693419877280396
2.362434671480653
2.328279866821652
2.378208528154955
2.281698355179844
2.197533185003281
2.239727697862341
2.2605787958227865
2.1824586403760655
2.3306200508579447
2.5041844478090396
2.634844628371616
2.6120411252938927
2.4446707970268733
2.4926193278783826
2.5416230267544333
2.4369336248233306
2.439291685243158
2.6099076133020915
2.7547236913002124
2.7247764198949396
2.724020607874151
2.762436026196173
2.7595934846578944
2.712890936128937
2.5758930489252636
2.4136496161799808
2.2314530012670533
2.293580620332288
2.402261098881709
2.3758506870567904
2.2411619170211816
2.350809895327916
2.17432577709269
2.0578711032530395
2.1551061985351914
2.075793156195138
2.0400281290088
2.139750002447696
2.205026887742722
2.2076486960875306
2.1410945345951338
2.1304564503430807
2.1702824250015356
2.1656991936431416
2.150338880525335
2.0505179238322877
1.9320357317392605
1.9312722399967381
1.9363457171729113
1.7984752922883482
1.878772265179211
1.9566506103164794
1.8042976840394103
1.9466322735643533
2.0879205629253934
2.088155120376756
2.052756977843016
1.93495778495761
1.9928938137787975
1.972102840199804
1.9822923989210939
1.949543355868556
1.9692146364678695
1.9648977556747858
1.9571508333067118
1.9544084794420193
1.8554557730350778
1.9136222592640457
1.7837639355936283
1.823085018078172
1.8322455756571105
1.757681921710824
1.7628979306667982
1.7705345431565316
1.821716711197564
1.7921567028759684
1.808096114930488
1.853017612279331
1.9416969191666622
1.9074215475925775
1.9208632476857896
1.9236465858376524
1.9239445873717804
2.07073606017523
2.0841137167631345
2.1107842357685396
2.107263644725602
2.07811765241432
2.0066885247493307
2.1089184160862935
2.047386847406898
2.099002411115655
2.0870657957875447
2.0317248474773972
2.0031031661812126
1.879329270420251
2.0101459586025814
2.0185612892940386
1.9248731301750077
2.034290515001548
2.039674985702169
2.0251737888235644
2.0203177151248304
2.0224217705439416
2.0084380750327315
2.129032767384581
2.0428027728972853
1.9355472730734669
1.991240002155756
1.8392341266043224
1.935636248816168
1.9014501978622653
1.8372415067784649
1.8302940377743109
1.8793323039380365
1.8104269450016064
1.8764889226346868
1.850010690766531
1.8502792902707097
1.9667613087955904
2.026830841792587
2.039133259801758
2.0067604089786495
2.094275669424714
2.071992094130023
1.9964417880323
2.08562540191471
2.052924208136599
2.0300474088441596
1.9967417501089786
1.9950223702698462
2.047422187661775
2.036094953402722
2.1034951413344953
2.0608061393681267
1.9144465064676313
1.7784699144832534
1.7792094215650207
1.7175335386506771
1.7378277106675013
1.7866101205408225
1.7793931769717084
1.8964438580204912
2.0205270696354543
2.0303114598710614
2.177700122611523
2.1947860297562127
2.261296372285821
2.37343175094537
2.3536114312945733
2.332634584128744
2.269224649519485
2.2605382502318734
2.156533392887484
2.3031760786796487
2.2082710333083386
2.066054683692374
1.99635280646652
2.151689176877724
2.042670187321274
2.1787959738955287
2.108704349349835
2.0654712464293006
1.9052292371093191
1.7922195798512177
1.7889972496916893
1.778505787208117
1.7429624243757962
1.7425082004833639
1.818062199079521
1.7852049071917002
1.8505864087766193
1.8184084143971615
1.7265673339939054
1.6922059721922826
1.6858583938434313
1.6558073368383226
1.6635023964226552
1.750412230241036
1.688224711637313
1.7694079250541686
1.673659628406556
1.551791383632895
1.5936519757996885
1.5981833734561517
1.7206969129557486
1.7357760558192832
1.8273614300906162
1.842182302880213
1.8936478731202495
1.8975080281483276
1.941495353710277
1.927780558765935
1.7998599060190814
1.7792966304331992
1.7905273095810277
1.7888917423140231
1.785433200728278
1.8961190052622308
1.8414886221817166
1.8353855747323387
1.9598527756185362
1.9555522415788422
1.9153524482956261
1.8975776489641394
1.7683750856600362
1.6712278106231577
1.7896035959240846
1.786640821573726
1.765584013774911
1.736978186290808
1.7377286565160222
1.6141163825959421
1.6461695430694805
1.6436113523314289
1.6317470626234636
1.5809274801365938
1.581321980070437
1.5245355237259965
1.5779280058114487
1.5631222367675712
1.455642116485909
1.4787570832502899
1.5750299198146798
1.5383777171738486
1.6351963349868324
1.7292296708495982
1.6821035384106655
1.5821351257817509
1.5539208489732217
1.5983015819307067
1.5483178473394787
1.4773548536404977
1.5101286510398892
1.4114518100551556
1.3692882642993842
1.416506412316754
1.309833540800019
1.295819893187625
1.369317723421016
1.3517784163694275
1.4551767330416512
1.514040375261348
1.4436068958974457
1.373939367293979
1.309994655892269
1.310937323156103
1.337875755824676
1.3540131270831388
1.354647023432641
1.424650634678442
1.4519663871184216
1.4873014579130646
1.4953297275772508
1.4962308035115317
1.5442385426128113
1.5189530638330333
1.5270935462222546
1.5549493446402174
1.58355747081182
1.5879675607647048
1.5506575067106743
1.6427522106493797
1.6240762526738675
1.6233365694593132
1.6245488213244372
1.748134764087938
1.8634501016865954
1.863690085248489
1.9897870768126922
1.9508425553437234
1.9838723705233825
1.9439040212331669
1.9152796688352332
1.928649368362605
1.9880181617294035
2.143122380358519
2.087073613484824
2.2103141702901734
2.2719397417684304
2.131706605854229
2.1018695062387076
2.014329597176376
1.8645722986176667
1.9868707806108967
1.992190120242753
1.9010641680226734
1.848826703203544
1.9205107336333325
1.8085633716475025
1.7570597365949534
1.837987547938348
1.9579462855283014
2.04798289924722
2.1327078393873866
2.171131349646331
2.170804340118816
2.177281624746936
2.3510827049373373
2.3399270128657053
2.35672842574475
2.2070437840466512
2.1644520827811005
2.2719254031246683
2.1297655691738973
2.129450330685847
2.0251408783234943
1.9554612344214903
1.8776176486205223
1.8963302499796513
1.940559342172189
1.9485089703558012
1.9490509926448556
2.094514580375885
2.020244815431406
2.0222038594741587
2.019768119620423
1.9403053415250537
2.079447159877209
2.2452508209631907
2.274570783205021
2.4081553087034324
2.3844200524799835
2.5055276194488547
2.45328013210642
2.444827805804563
2.392578831490329
2.4404022914842285
2.4401297400356894
2.3989432341014862
2.408636163238904
2.333579588762408
2.279318706583478
2.2437970322340606
2.2201117734117166
2.0912244277599434
2.1208572417975162
1.9862719963877868
1.9875802293349734
1.9641211687001794
1.9648991009773402
1.9971161371446617
2.0124483801552615
1.8846366094491802
1.875632520704073
1.9073263540320768
1.9511486287801505
2.0091495812376228
2.012577075084562
2.069252110418127
2.20550017825996
2.2610159893924253
2.1285887710019282
2.170012421432136
2.1713679350959296
2.316959563500591
2.4336892425315124
2.426081854835557
2.3944572048715185
2.4004124230453616
2.3533529665911592
2.2320552011817614
2.1375739882634863
1.9842395137266484
1.8360802069281525
1.8907695447294406
2.0382199447994602
1.8820674680328464
1.787746346725481
1.8384270222584271
1.9182824698255723
1.979446888667137
1.9613207031187756
1.995048277518724
1.995972649375508
1.9988712975272827
1.984200646360735
2.10887407898217
2.034987627128503
2.180943410610006
2.2672257496959456
2.2238666383259442
2.2368256179552266
2.232401755231268
2.0902236410335395
2.208440127533034
2.205692980736628
2.208096575421266
2.2189876789944596
2.1317784023621726
2.2803602780143586
2.250521528226953
2.2127269015037223
2.1820354299681246
2.1963774445297792
2.1761975698338905
2.3339538563835305
2.3438491129848207
2.357997920886832
2.4135785712882925
2.379190015352691
2.2715991716235684
2.2280517439070437
2.0951055971384567
2.0649297645727636
2.0391587765297072
1.9798422701867981
1.9759892191140174
1.985400387579629
1.8425012400735934
1.7357797713988852
1.679688983273356
1.6812855488605734
1.589489029815309
1.6648870922724546
1.6718906820186699
1.6708938731531267
1.6917093178212226
1.694137432815282
1.7724648065051176
1.7728617766247656
1.7330061260423095
1.859515048804657
1.852267941292443
1.8464240513026953
1.7983555640496873
1.7460492705408932
1.7814204421723354
1.8594617029504665
1.9294745951410044
1.9393660311600829
1.927036858509755
1.8332882532762478
1.8388411526861383
1.8273730479314307
1.8278017891700522
1.8693593465693081
1.8690060301159617
1.9126520564584213
1.8599969363212274
1.9002385998252902
1.9523788662132089
2.089763217806089
2.0511847034994815
2.108291944237348
2.1310331702562944
2.0417784874569604
2.0180643816906554
1.9857916852204216
1.9758783691078023
1.8837919793090343
1.798391568443329
1.8607501097610335
1.734956715719377
