0 0.0
93.16225654457314 92.96608148762512
92.96608148762512 92.71392735545267
92.71392735545267 96.39770172057914
96.39770172057914 98.88265915336274
98.88265915336274 96.98076131515221
96.98076131515221 93.46665168454831
93.46665168454831 95.22093798503168
95.22093798503168 95.28531226909266
95.28531226909266 95.46368015158245
95.46368015158245 100.06547258020889
100.06547258020889 100.52541184396804
100.52541184396804 99.05539925095765
99.05539925095765 94.9922936765407
94.9922936765407 97.60815339109381
97.60815339109381 98.51061169064273
98.51061169064273 96.1860318037611
96.1860318037611 98.74242057914486
98.74242057914486 96.46214060119578
96.46214060119578 96.94172512212205
96.94172512212205 98.14173416823378
98.14173416823378 93.47163017079899
93.47163017079899 95.66819264075556
95.66819264075556 95.840624589561
95.840624589561 95.82838397097203
95.82838397097203 96.44785084622744
96.44785084622744 96.74403600550295
96.74403600550295 96.68477384556951
96.68477384556951 92.49468291937242
92.49468291937242 90.57538167460997
90.57538167460997 90.62917710534983
90.62917710534983 88.99601112027752
88.99601112027752 89.0851618570627
89.0851618570627 92.06614318144801
92.06614318144801 92.35388779929872
92.35388779929872 91.24817382772763
91.24817382772763 94.05202506621617
94.05202506621617 94.66466297122582
94.66466297122582 95.46397093887829
95.46397093887829 96.27878088766201
96.27878088766201 95.33375769943198
95.33375769943198 97.98850609475197
97.98850609475197 98.68548485691497
98.68548485691497 96.77287079137965
96.77287079137965 100.45631862950543
100.45631862950543 97.38935013823402
97.38935013823402 98.10185501713622
98.10185501713622 98.1716786173432
98.1716786173432 99.60545361127164
99.60545361127164 98.51618129178827
98.51618129178827 99.03127456321889
99.03127456321889 96.51047431320572
96.51047431320572 96.04961824511082
96.04961824511082 99.95901895076807
99.95901895076807 97.63294917668102
97.63294917668102 96.65830982238572
96.65830982238572 92.53459237947746
92.53459237947746 92.71705316246408
92.71705316246408 89.32168658204657
89.32168658204657 87.76540531087856
87.76540531087856 91.21156359690816
91.21156359690816 87.60845264163675
87.60845264163675 91.81835127366227
91.81835127366227 92.45283262076363
92.45283262076363 92.57282609882071
92.57282609882071 97.16752194753595
97.16752194753595 92.376369850616
92.376369850616 90.78246036477174
90.78246036477174 91.46591270524691
91.46591270524691 91.73598828228815
91.73598828228815 88.8474261567987
88.8474261567987 90.989809731654
90.989809731654 91.10553928377013
91.10553928377013 90.09762569802491
90.09762569802491 91.1012451383928
91.1012451383928 94.6701003154188
94.6701003154188 92.56978291590836
92.56978291590836 88.6219870787315
88.6219870787315 89.31941821793897
89.31941821793897 90.01783121266942
90.01783121266942 87.44231020990289
87.44231020990289 83.06847366043282
83.06847366043282 83.66285077492738
83.66285077492738 83.79521335264664
83.79521335264664 83.9245963860792
83.9245963860792 80.18522575265783
80.18522575265783 83.23237798276037
83.23237798276037 85.05022729187853
85.05022729187853 87.90526398039466
87.90526398039466 91.83034099929539
91.83034099929539 91.71455962370446
91.71455962370446 91.2204738467554
91.2204738467554 89.39926194737511
89.39926194737511 89.46599861129086
89.46599861129086 85.8148327668449
85.8148327668449 85.51069768381069
85.51069768381069 85.79285232859257
85.79285232859257 83.30506345614576
83.30506345614576 82.20167873960602
82.20167873960602 81.01497364993304
81.01497364993304 80.46462974915102
80.46462974915102 79.44471676607313
79.44471676607313 79.6015407217374
79.6015407217374 76.4533877430556
76.4533877430556 78.4464530206396
78.4464530206396 74.57108100258671
74.57108100258671 77.73399090625207
77.73399090625207 78.42213542275171
78.42213542275171 80.2028716715038
80.2028716715038 81.54278155356839
81.54278155356839 84.63695746550306
84.63695746550306 82.62469342199385
82.62469342199385 82.43577930553151
82.43577930553151 85.1328668652052
85.1328668652052 82.47427456631391
82.47427456631391 78.64179377348623
78.64179377348623 81.46502807535738
81.46502807535738 79.84289207958962
79.84289207958962 75.95635631753629
75.95635631753629 76.29096019229566
76.29096019229566 76.4400780566365
76.4400780566365 76.4524766390244
76.4524766390244 77.25362212915776
77.25362212915776 80.78932409640953
80.78932409640953 82.21077410038487
82.21077410038487 83.31523769390257
83.31523769390257 80.24979742293175
80.24979742293175 80.26266162452485
80.26266162452485 76.58293475550231
76.58293475550231 73.50983595505532
73.50983595505532 75.10339803115461
75.10339803115461 76.88445676628046
76.88445676628046 77.78104180790966
77.78104180790966 81.19729698639097
81.19729698639097 84.90192992070455
84.90192992070455 83.97687034888249
83.97687034888249 83.69854919061724
83.69854919061724 85.03621187462089
85.03621187462089 84.33754639283048
84.33754639283048 87.21189007373329
87.21189007373329 87.00508585965815
87.00508585965815 88.58718977058558
88.58718977058558 91.10136637512046
91.10136637512046 88.23161512131293
88.23161512131293 88.01858295477271
88.01858295477271 87.97829526296576
87.97829526296576 88.85463111941898
88.85463111941898 92.23401301530586
92.23401301530586 92.45047206396482
92.45047206396482 90.99261859872553
90.99261859872553 91.16548074318233
91.16548074318233 93.98918770381906
93.98918770381906 91.21101757231625
91.21101757231625 89.79953840278063
89.79953840278063 89.67968402535116
89.67968402535116 92.00696330768733
92.00696330768733 92.06215629087372
92.06215629087372 90.31378501636068
90.31378501636068 93.4012188375036
93.4012188375036 93.20875004493705
93.20875004493705 95.35445817654856
95.35445817654856 91.71979748117299
91.71979748117299 92.6071350462213
92.6071350462213 91.00888341268352
91.00888341268352 89.8836445229518
89.8836445229518 90.62858634204403
90.62858634204403 93.04288496865544
93.04288496865544 92.41397032527415
92.41397032527415 91.35085453049884
91.35085453049884 92.60167307117294
92.60167307117294 94.86066696698232
94.86066696698232 95.3539661920033
95.3539661920033 98.35985959190337
98.35985959190337 95.80018948931645
95.80018948931645 95.14899506761951
95.14899506761951 94.25476433072988
94.25476433072988 97.61243358685354
97.61243358685354 97.20299034025913
97.20299034025913 100.29152276285463
100.29152276285463 100.26547735992057
100.26547735992057 100.75473456798335
100.75473456798335 103.40407408338527
103.40407408338527 103.05493570792683
103.05493570792683 101.16807638547844
101.16807638547844 98.21767095102203
98.21767095102203 98.01817279672792
98.01817279672792 99.41133133011334
99.41133133011334 96.10665496518942
96.10665496518942 92.9279415042181
92.9279415042181 97.46928191433281
97.46928191433281 102.06991087014306
102.06991087014306 101.4984113828742
101.4984113828742 105.76446105702344
105.76446105702344 100.97224655812754
100.97224655812754 100.90311949757236
100.90311949757236 99.58086659276469
99.58086659276469 97.71314464585502
97.71314464585502 97.66424606558758
97.66424606558758 98.13140876341238
98.13140876341238 97.71376432262569
97.71376432262569 97.99538148364456
97.99538148364456 100.39504134838762
100.39504134838762 99.99639536201566
99.99639536201566 98.72512931248383
98.72512931248383 97.69447148247365
97.69447148247365 97.66079128820945
97.66079128820945 96.52678255776055
96.52678255776055 101.18123781187568
101.18123781187568 98.18245342974424
98.18245342974424 102.45360281180082
102.45360281180082 99.42533096518004
99.42533096518004 97.23449300115446
97.23449300115446 96.88944261603106
96.88944261603106 95.55036691699252
95.55036691699252 94.29083631704748
94.29083631704748 98.0500357781525
98.0500357781525 96.03270654246754
96.03270654246754 91.65971118481106
91.65971118481106 93.35274265192713
93.35274265192713 93.38310931135233
93.38310931135233 94.98835812279603
94.98835812279603 94.03942272931538
94.03942272931538 93.41760525560505
93.41760525560505 95.77023357440669
95.77023357440669 92.3475134119043
92.3475134119043 94.23819485138492
94.23819485138492 97.04571560443745
97.04571560443745 95.90450436792342
95.90450436792342 97.47284183536384
97.47284183536384 99.915672341776
99.915672341776 96.96367357606623
96.96367357606623 100.22262879150267
100.22262879150267 104.55939227111932
104.55939227111932 106.10209891187192
106.10209891187192 106.96665204628952
106.96665204628952 108.83143702071273
108.83143702071273 109.7146929175896
109.7146929175896 111.65302200631608
111.65302200631608 113.99148619825823
113.99148619825823 116.99152449603304
116.99152449603304 111.74780298449801
111.74780298449801 112.43105556874237
112.43105556874237 110.5953988640139
110.5953988640139 110.32604168818976
110.32604168818976 107.1746703548269
107.1746703548269 106.54790510433988
106.54790510433988 103.81897615865115
103.81897615865115 107.49340647010091
107.49340647010091 106.86712325356093
106.86712325356093 108.63680794182537
108.63680794182537 106.91169754739619
106.91169754739619 106.52544876560944
106.52544876560944 107.69335273194797
107.69335273194797 107.67777644021723
107.67777644021723 110.24712547427727
110.24712547427727 111.1643468851758
111.1643468851758 106.496657157154
106.496657157154 108.43106213388756
108.43106213388756 109.50566599316298
109.50566599316298 112.90684669892732
112.90684669892732 109.42539892986206
109.42539892986206 109.46507491721735
109.46507491721735 109.35534452038686
109.35534452038686 109.39028940758847
109.39028940758847 112.35293262942041
112.35293262942041 110.12221886368042
110.12221886368042 110.0578925011203
110.0578925011203 106.62518641463483
106.62518641463483 105.160123132123
105.160123132123 105.18183679573154
105.18183679573154 106.26407360741136
106.26407360741136 102.75817433848341
102.75817433848341 104.83255960403685
104.83255960403685 105.7720568096241
105.7720568096241 104.95194097999212
104.95194097999212 103.75096542168707
103.75096542168707 103.7786135176313
103.7786135176313 105.62405508540104
105.62405508540104 104.55227028718835
104.55227028718835 105.67104796167962
105.67104796167962 106.10134596610354
106.10134596610354 111.08614931937183
111.08614931937183 111.25831861767688
111.25831861767688 108.37749479989233
108.37749479989233 109.22360669226495
109.22360669226495 103.98538093913682
103.98538093913682 104.87519779895223
104.87519779895223 107.11862052089955
107.11862052089955 108.11670831805226
108.11670831805226 103.53417320144258
103.53417320144258 98.792443874852
98.792443874852 102.46303642078075
102.46303642078075 103.40047322838507
103.40047322838507 103.20910693116903
103.20910693116903 103.25159082672548
103.25159082672548 104.91437574518694
104.91437574518694 104.59066232436808
104.59066232436808 105.03400101798205
105.03400101798205 108.50323922815141
108.50323922815141 107.80963539325889
107.80963539325889 107.46398762672945
107.46398762672945 106.80114464450484
106.80114464450484 106.67596532095767
106.67596532095767 108.1292213201126
108.1292213201126 110.3716205506947
110.3716205506947 107.89488253749991
107.89488253749991 104.08666316325568
104.08666316325568 103.52188244131676
103.52188244131676 99.3054414507153
99.3054414507153 99.49379431535802
99.49379431535802 97.07330621621112
97.07330621621112 94.8808484463481
94.8808484463481 96.93149524345395
96.93149524345395 96.9125615435832
96.9125615435832 98.2445875775094
98.2445875775094 94.88751201479712
94.88751201479712 92.79382616364549
92.79382616364549 95.60316497981711
95.60316497981711 96.34958253159704
96.34958253159704 98.54694737935216
98.54694737935216 100.4468808476304
100.4468808476304 100.5930501336302
100.5930501336302 101.82264978620006
101.82264978620006 103.9856978317644
103.9856978317644 103.92828219694874
103.92828219694874 104.69150001830826
104.69150001830826 109.38067007622863
109.38067007622863 108.81302115480399
108.81302115480399 107.77818413592391
107.77818413592391 107.76735837975674
107.76735837975674 112.16335240263929
112.16335240263929 117.23008767019078
117.23008767019078 113.17716757998883
113.17716757998883 110.60076416455601
110.60076416455601 112.79363705874091
112.79363705874091 111.7126702969695
111.7126702969695 111.30991936651606
111.30991936651606 108.04019171328295
108.04019171328295 104.28158741440774
104.28158741440774 100.71677016764141
100.71677016764141 97.52949053625852
97.52949053625852 97.58493140957637
97.58493140957637 97.60971392291115
97.60971392291115 101.09178510756729
101.09178510756729 102.17652746139139
102.17652746139139 101.13234390295246
101.13234390295246 104.86966069806608
104.86966069806608 105.10535091914687
105.10535091914687 105.02392226502808
105.02392226502808 105.40825957916934
105.40825957916934 107.23314291387126
107.23314291387126 105.96191749373212
105.96191749373212 104.0580072510302
104.0580072510302 101.97098317881455
101.97098317881455 101.23272581408597
101.23272581408597 101.0626443670825
101.0626443670825 96.20480706387407
96.20480706387407 97.01765590662606
97.01765590662606 100.81228822509087
100.81228822509087 103.10982348403827
103.10982348403827 103.01343949498978
103.01343949498978 102.56130219754091
102.56130219754091 103.42501986796812
103.42501986796812 102.80962317841612
102.80962317841612 104.51186801446289
104.51186801446289 105.37572507060207
105.37572507060207 106.15796466264136
106.15796466264136 106.2552908500338
106.2552908500338 108.01259615298204
108.01259615298204 108.37609153760324
108.37609153760324 112.94342385047982
112.94342385047982 109.51794524991033
109.51794524991033 109.75875613000376
109.75875613000376 106.98953032412928
106.98953032412928 107.1673880633633
107.1673880633633 103.77943445872178
103.77943445872178 106.48974544704959
106.48974544704959 106.17091267526332
106.17091267526332 110.78090177466744
110.78090177466744 112.09538076825407
112.09538076825407 112.54206243470101
112.54206243470101 111.02043158522744
111.02043158522744 110.99931529651656
110.99931529651656 107.58665486976963
107.58665486976963 103.81850632340229
103.81850632340229 105.54648892858081
105.54648892858081 104.05368276006891
104.05368276006891 103.95865908020463
103.95865908020463 105.43792190104007
105.43792190104007 105.31158746094997
105.31158746094997 108.27930030018734
108.27930030018734 112.94272559912201
112.94272559912201 112.28300336173194
112.28300336173194 110.40546962580113
110.40546962580113 109.64850071835855
109.64850071835855 108.75601584221451
108.75601584221451 112.4511272948477
112.4511272948477 107.64131635090828
107.64131635090828 104.445236421313
104.445236421313 101.758625202793
101.758625202793 98.83095656284874
98.83095656284874 97.60892452341214
97.60892452341214 99.07213316933618
99.07213316933618 102.52291695974844
102.52291695974844 102.83419137889204
102.83419137889204 107.95202048624118
107.95202048624118 107.78207549947834
107.78207549947834 107.92032420967445
107.92032420967445 104.27621824392995
104.27621824392995 104.25323482716713
104.25323482716713 104.62406592923826
104.62406592923826 105.51287170919545
105.51287170919545 109.4922515290271
109.4922515290271 106.26884980209402
106.26884980209402 107.49814238348083
107.49814238348083 109.26874151387415
109.26874151387415 109.57731141255215
109.57731141255215 108.4462926057702
108.4462926057702 107.2897933457243
107.2897933457243 107.7196475419913
107.7196475419913 110.06711356500341
110.06711356500341 113.47781095961206
113.47781095961206 111.72303016450546
111.72303016450546 108.38280430566091
108.38280430566091 108.45743806748555
108.45743806748555 107.72744759566955
107.72744759566955 105.38723034568328
105.38723034568328 109.82718517829272
109.82718517829272 107.62161865501983
107.62161865501983 112.18370610600252
112.18370610600252 108.6073060749901
108.6073060749901 103.99682221154472
103.99682221154472 102.03660566000049
102.03660566000049 99.36425200450581
99.36425200450581 100.66089112979536
100.66089112979536 98.77868198454323
98.77868198454323 99.02876820650684
99.02876820650684 103.39140977333611
103.39140977333611 103.49520596916358
103.49520596916358 100.6450879284576
100.6450879284576 103.59192231516947
103.59192231516947 108.40625827513692
108.40625827513692 109.78606009796513
109.78606009796513 109.26641244163773
109.26641244163773 104.78999238134618
104.78999238134618 105.13531263487658
105.13531263487658 108.71656936690837
108.71656936690837 108.72921303606165
108.72921303606165 112.95740633245433
112.95740633245433 111.58669475226662
111.58669475226662 114.29263420873473
114.29263420873473 116.49678283597223
116.49678283597223 121.795323412209
121.795323412209 118.39056713346146
118.39056713346146 115.98018239426858
115.98018239426858 115.19253973899646
115.19253973899646 112.32636798939464
112.32636798939464 110.92591961252985
110.92591961252985 109.73643971892463
109.73643971892463 108.02250273569452
108.02250273569452 105.5619835009311
105.5619835009311 102.5924248984488
102.5924248984488 100.96683020553881
100.96683020553881 104.652813777971
104.652813777971 103.7473798013149
103.7473798013149 102.87957016852735
102.87957016852735 101.61589915109569
101.61589915109569 101.77283602666387
101.77283602666387 100.00856964155616
100.00856964155616 99.7382223016831
99.7382223016831 99.12464928403597
99.12464928403597 99.31260787325834
99.31260787325834 98.61734861598711
98.61734861598711 94.5513341227013
94.5513341227013 92.24865356907135
92.24865356907135 94.1247702622938
94.1247702622938 96.09738854343887
96.09738854343887 100.14039642760822
100.14039642760822 100.4506278343332
100.4506278343332 103.65957357924175
103.65957357924175 101.04342455446027
101.04342455446027 97.2939648859117
97.2939648859117 93.46964476424354
93.46964476424354 97.48670710012135
97.48670710012135 93.81530035361651
93.81530035361651 93.7735725528174
93.7735725528174 94.25411585940924
94.25411585940924 95.3757547387589
95.3757547387589 99.59259713121473
99.59259713121473 101.97403121866452
101.97403121866452 100.51168002457686
100.51168002457686 102.46564151328275
102.46564151328275 105.81453986575907
105.81453986575907 109.90501857956048
109.90501857956048 109.30103423111181
109.30103423111181 113.11736812260476
113.11736812260476 113.67879971116501
113.67879971116501 113.86151357769921
113.86151357769921 117.6348982018222
117.6348982018222 119.35899814633122
119.35899814633122 122.61857108531255
122.61857108531255 122.47134980905732
122.47134980905732 116.37145515691199
116.37145515691199 116.7484571008326
116.7484571008326 113.8163252781386
113.8163252781386 114.028209641313
114.028209641313 114.04054738043136
114.04054738043136 114.24523055068428
114.24523055068428 118.24527435032688
118.24527435032688 120.9432971497533
120.9432971497533 122.49631438489666
122.49631438489666 122.65140532176974
122.65140532176974 121.39822736745279
121.39822736745279 121.18752800410941
121.18752800410941 116.20501011992982
116.20501011992982 111.03181211298401
111.03181211298401 115.83744823772645
115.83744823772645 120.1108979022619
120.1108979022619 120.18388378935045
120.18388378935045 122.07407140691762
122.07407140691762 117.03627440251682
117.03627440251682 117.40626570597506
117.40626570597506 122.31816564546757
122.31816564546757 125.82953188668507
125.82953188668507 124.12753976610146
124.12753976610146 125.61432834148545
125.61432834148545 129.05640078986988
129.05640078986988 123.2886133044845
123.2886133044845 123.52275512017916
123.52275512017916 120.45187839486584
120.45187839486584 125.77256355254428
125.77256355254428 123.62304956522607
123.62304956522607 122.45618497680172
122.45618497680172 119.11955074129975
119.11955074129975 115.7411356799133
115.7411356799133 113.80872152965127
113.80872152965127 115.74311645433716
115.74311645433716 114.65499693297241
114.65499693297241 114.0094185216552
114.0094185216552 114.31598930237216
114.31598930237216 118.88429889170496
118.88429889170496 115.16825800684933
115.16825800684933 117.25974164850041
117.25974164850041 116.04442964051734
116.04442964051734 116.76183064273145
116.76183064273145 110.94511662297221
110.94511662297221 112.4764146417552
112.4764146417552 111.05571170802885
111.05571170802885 111.73542700449585
111.73542700449585 114.66956136906208
114.66956136906208 111.80278343160978
111.80278343160978 111.88329434212993
111.88329434212993 116.773696417847
116.773696417847 117.5214143003017
117.5214143003017 118.59459614412586
118.59459614412586 118.71516470409681
118.71516470409681 113.72876087426752
113.72876087426752 117.14182495775627
117.14182495775627 116.32078516122307
116.32078516122307 116.22713388441207
116.22713388441207 113.2148487798334
113.2148487798334 108.59048731379374
108.59048731379374 106.44907697657536
106.44907697657536 109.48713801306191
109.48713801306191 112.25827340156866
112.25827340156866 117.71246676522867
117.71246676522867 119.79249807968162
119.79249807968162 120.20528049226695
120.20528049226695 116.76079644495366
116.76079644495366 119.42871516182909
119.42871516182909 119.40347157704493
119.40347157704493 118.7830144939424
118.7830144939424 120.34857317409812
120.34857317409812 119.99913891260033
119.99913891260033 117.70790634596791
117.70790634596791 123.48246710138794
123.48246710138794 118.4534895009631
118.4534895009631 116.58579458313223
116.58579458313223 110.78660991248434
110.78660991248434 109.71502880757718
109.71502880757718 113.41579739584083
113.41579739584083 112.47459682632564
112.47459682632564 111.73464992821931
111.73464992821931 110.01341184252682
110.01341184252682 113.10162623813989
113.10162623813989 117.02141462150348
117.02141462150348 119.43056380345597
119.43056380345597 122.20250481349473
122.20250481349473 126.64255513082497
126.64255513082497 127.60233954891358
127.60233954891358 122.00188132152861
122.00188132152861 122.05102457436286
122.05102457436286 116.0893022906416
116.0893022906416 121.35612935710608
121.35612935710608 120.98637872762409
120.98637872762409 123.46690603898122
123.46690603898122 119.40195784437452
119.40195784437452 123.50432482044707
123.50432482044707 123.48034900172483
123.48034900172483 126.15213436253649
126.15213436253649 123.85013335732266
123.85013335732266 119.33296835143453
119.33296835143453 115.93500910468562
115.93500910468562 116.01620747661958
116.01620747661958 120.5626722932916
120.5626722932916 120.07349252362519
120.07349252362519 124.32114050019052
124.32114050019052 129.74771638424357
129.74771638424357 125.84066760836136
125.84066760836136 123.06661363527414
123.06661363527414 122.87255724239385
122.87255724239385 122.80300469445694
122.80300469445694 122.60096821701323
122.60096821701323 120.00733147289652
120.00733147289652 115.67887616249621
115.67887616249621 115.63838087718933
115.63838087718933 115.76168591190624
115.76168591190624 118.91198311960396
118.91198311960396 122.48816503358984
122.48816503358984 119.70912192840959
119.70912192840959 122.84565134437251
122.84565134437251 123.06296699547106
123.06296699547106 127.22849723209845
127.22849723209845 129.85467734193375
129.85467734193375 132.69871679730332
132.69871679730332 127.92466654993603
127.92466654993603 126.004689722387
126.004689722387 122.5200752201537
122.5200752201537 124.10329454643541
124.10329454643541 129.81906545699397
129.81906545699397 127.74938426091583
127.74938426091583 127.80068009979287
127.80068009979287 126.62412200387125
126.62412200387125 125.92520419264731
125.92520419264731 126.58926682782435
126.58926682782435 131.59759120471432
131.59759120471432 135.01628776294316
135.01628776294316 133.24832455833973
133.24832455833973 137.9717585339356
137.9717585339356 137.57675004287952
137.57675004287952 135.45113508661294
135.45113508661294 134.9838525991641
134.9838525991641 128.31273549049016
128.31273549049016 128.21789888454182
128.21789888454182 123.33284706052399
123.33284706052399 123.25327518201871
123.25327518201871 121.20608395058203
121.20608395058203 122.12630396829876
122.12630396829876 119.47888587122175
119.47888587122175 122.54771305319701
122.54771305319701 126.91609190874892
126.91609190874892 126.75708437270208
126.75708437270208 125.74015412941966
125.74015412941966 131.56971456940488
131.56971456940488 130.1248545259187
130.1248545259187 128.5674579368235
128.5674579368235 123.23152366295237
123.23152366295237 121.58791065401182
121.58791065401182 121.39850802039143
121.39850802039143 118.74913414016207
118.74913414016207 123.0159205682095
123.0159205682095 119.09285215534149
119.09285215534149 120.183757500889
120.183757500889 116.02461047830087
116.02461047830087 121.60837825992213
121.60837825992213 123.90147677521277
123.90147677521277 125.52807045457908
125.52807045457908 120.24000583295546
120.24000583295546 122.17230700023522
122.17230700023522 118.92864766306701
118.92864766306701 117.77881184555335
117.77881184555335 120.71445957895875
120.71445957895875 114.81438637892064
114.81438637892064 116.04138928177241
116.04138928177241 113.64652400286319
113.64652400286319 113.03673011858818
113.03673011858818 113.75124738141018
113.75124738141018 112.64409361192139
112.64409361192139 112.81808173368324
112.81808173368324 117.86518184020241
117.86518184020241 122.36233756539266
122.36233756539266 119.23590347488864
119.23590347488864 124.15783458459795
124.15783458459795 121.72851481690327
121.72851481690327 123.63767911901188
123.63767911901188 124.28582454620623
124.28582454620623 118.30261244221444
118.30261244221444 118.1548404162906
118.1548404162906 113.61420382829338
113.61420382829338 116.51140544645983
116.51140544645983 115.7272831043476
115.7272831043476 115.98649940243602
115.98649940243602 117.29987461264587
117.29987461264587 123.1443964307604
123.1443964307604 122.8704176934272
122.8704176934272 118.10999201771901
118.10999201771901 119.52380983408348
119.52380983408348 116.00778814903157
116.00778814903157 116.31018371985968
116.31018371985968 114.44756013183294
114.44756013183294 114.6264794860492
114.6264794860492 118.63064684954543
118.63064684954543 117.13645309160914
117.13645309160914 117.18340351119619
117.18340351119619 113.47206083336894
113.47206083336894 113.8854434773454
113.8854434773454 117.26319518422659
117.26319518422659 119.28558530664348
119.28558530664348 120.6637976980914
120.6637976980914 120.87640632607838
120.87640632607838 115.54166421926278
115.54166421926278 117.75030276839611
117.75030276839611 120.39336282575594
120.39336282575594 122.54394283664563
122.54394283664563 124.71379987233999
124.71379987233999 123.12285400880265
123.12285400880265 121.51214053181832
121.51214053181832 116.2356847500971
116.2356847500971 110.99807536296173
110.99807536296173 116.52891947541505
116.52891947541505 115.22012043533775
115.22012043533775 112.89645553933126
112.89645553933126 110.01437758308234
110.01437758308234 106.21058376920104
106.21058376920104 106.49415962726297
106.49415962726297 106.74333040266036
106.74333040266036 109.45364879211694
109.45364879211694 109.56537964953189
109.56537964953189 110.17824443982008
110.17824443982008 113.16245512798626
113.16245512798626 112.97410251080288
112.97410251080288 113.21496339680081
113.21496339680081 107.90567381495025
107.90567381495025 111.35223617444143
111.35223617444143 110.91922045785493
110.91922045785493 110.84930334047515
110.84930334047515 111.65670905229294
111.65670905229294 114.98230010957779
114.98230010957779 115.0104847870469
115.0104847870469 110.89819883088549
110.89819883088549 108.82737165440636
108.82737165440636 110.35131617009473
110.35131617009473 110.45384423204581
110.45384423204581 110.9868459280161
110.9868459280161 115.10027864159372
115.10027864159372 116.85844593297612
116.85844593297612 111.76395420830684
111.76395420830684 106.83845234192212
106.83845234192212 105.2368847941604
105.2368847941604 101.92845922198596
101.92845922198596 104.57785707451141
104.57785707451141 109.56299588705525
109.56299588705525 114.15882233796307
114.15882233796307 117.60312396461022
117.60312396461022 117.29977000419842
117.29977000419842 116.06904091150027
116.06904091150027 112.39231719789663
112.39231719789663 112.62358645477235
112.62358645477235 110.15941733397828
110.15941733397828 110.44244513286148
110.44244513286148 112.2990485310169
112.2990485310169 115.81758857353879
115.81758857353879 117.98670391726235
117.98670391726235 118.39339759693097
118.39339759693097 114.88065478437365
114.88065478437365 115.95780601142256
115.95780601142256 121.09807931196167
121.09807931196167 117.97562633914696
117.97562633914696 123.41635654612999
123.41635654612999 125.52959735345647
125.52959735345647 129.16229581062254
129.16229581062254 133.22430411478308
133.22430411478308 132.99559065794196
132.99559065794196 132.3883893595338
132.3883893595338 128.37881054868552
128.37881054868552 128.32987384867852
128.32987384867852 129.00854132669397
129.00854132669397 124.55704355931648
124.55704355931648 125.45233045897817
125.45233045897817 121.83119541983527
121.83119541983527 118.12221597007432
118.12221597007432 114.71605515650845
114.71605515650845 116.12325551122827
116.12325551122827 115.52684610195517
115.52684610195517 114.38668861873614
114.38668861873614 118.14846917285149
118.14846917285149 118.28767147351317
118.28767147351317 121.92171269076805
121.92171269076805 121.9709259913221
121.9709259913221 121.04117809600733
121.04117809600733 122.40817230558618
122.40817230558618 118.26059137487167
118.26059137487167 118.39109075981085
118.39109075981085 121.36271948993318
121.36271948993318 122.49715035195779
122.49715035195779 125.0825037261962
125.0825037261962 123.48131456004923
123.48131456004923 124.36179444617864
124.36179444617864 119.17178088365894
119.17178088365894 115.64689101738
115.64689101738 117.71601396710636
117.71601396710636 115.73946712001636
115.73946712001636 115.91605974488563
115.91605974488563 117.4891114759114
117.4891114759114 117.6743145122338
117.6743145122338 113.90344854621657
113.90344854621657 116.46353039406492
116.46353039406492 116.2622398005038
116.2622398005038 110.68486648080466
110.68486648080466 109.9145800485318
109.9145800485318 115.31436104165445
115.31436104165445 111.01479589178321
111.01479589178321 107.553884164307
107.553884164307 111.455507635146
111.455507635146 108.8109937868063
108.8109937868063 113.97318947217998
113.97318947217998 117.57182062955786
117.57182062955786 113.0130945638678
113.0130945638678 113.31321679287032
113.31321679287032 108.66308249178755
108.66308249178755 110.9065116897368
110.9065116897368 116.24201575734459
116.24201575734459 113.75350329644104
113.75350329644104 117.87864211084815
117.87864211084815 114.7394234289567
114.7394234289567 117.11936394809014
117.11936394809014 117.97259409721106
117.97259409721106 118.34996479684351
118.34996479684351 115.69794004515917
115.69794004515917 109.91006928945951
109.91006928945951 110.29529710242507
110.29529710242507 112.89612818067117
112.89612818067117 114.37706606582286
114.37706606582286 114.71272621449916
114.71272621449916 113.99682353290538
113.99682353290538 114.0436918652062
114.0436918652062 111.11770659882774
111.11770659882774 112.35989608593907
112.35989608593907 113.49220903353144
113.49220903353144 117.86951289389012
117.86951289389012 121.21909639136518
121.21909639136518 121.24539356834663
121.24539356834663 117.31546712796043
117.31546712796043 115.21790723170331
115.21790723170331 114.51481597754595
114.51481597754595 114.50086756386567
114.50086756386567 114.9995012923674
114.9995012923674 114.97755660337998
114.97755660337998 109.42806639625915
109.42806639625915 107.381506901452
107.381506901452 110.65363887002748
110.65363887002748 110.69052292120362
110.69052292120362 112.24851218751972
112.24851218751972 112.08938444126669
112.08938444126669 111.16264061975797
111.16264061975797 108.65568420921501
108.65568420921501 109.46748554131703
109.46748554131703 112.48555356585943
112.48555356585943 109.99562636341341
109.99562636341341 109.85474096273798
109.85474096273798 115.07699522318069
115.07699522318069 117.81911558883642
117.81911558883642 120.90990633667911
120.90990633667911 119.93120777917731
119.93120777917731 123.22492326360963
123.22492326360963 122.72056133248469
122.72056133248469 122.44631175505121
122.44631175505121 124.21182350086634
124.21182350086634 123.17096218261574
123.17096218261574 121.6744471713301
121.6744471713301 122.75356289038496
122.75356289038496 120.064274652341
120.064274652341 115.40996869135216
115.40996869135216 111.67900764464105
111.67900764464105 116.0081536028376
116.0081536028376 116.83019846948753
116.83019846948753 111.53559426120592
111.53559426120592 113.30677094824834
113.30677094824834 114.2889213581719
114.2889213581719 115.66460601663447
115.66460601663447 115.75888764672794
115.75888764672794 113.71935518459227
113.71935518459227 113.82850529990453
113.82850529990453 114.06297058710328
114.06297058710328 114.25472073905183
114.25472073905183 116.95379342990827
116.95379342990827 118.49004921509594
118.49004921509594 119.00429932996238
119.00429932996238 118.23941893826242
118.23941893826242 115.21149991785514
115.21149991785514 113.22761822050904
113.22761822050904 116.40254132361369
116.40254132361369 116.1931635908127
116.1931635908127 121.03326678900649
121.03326678900649 117.99867195215047
117.99867195215047 117.18509242777539
117.18509242777539 116.1700208253734
116.1700208253734 114.60540528546386
114.60540528546386 110.20213789023464
110.20213789023464 106.60393592522922
106.60393592522922 104.63321973676742
104.63321973676742 100.35588739061934
100.35588739061934 100.24713870640936
100.24713870640936 101.86811590267664
101.86811590267664 102.72613264427363
102.72613264427363 99.80343388984075
99.80343388984075 100.29886721571485
100.29886721571485 104.02507884232872
104.02507884232872 104.43165776734698
104.43165776734698 104.58065299061992
104.58065299061992 104.74997648258667
104.74997648258667 109.50933636067865
109.50933636067865 114.77851260638553
114.77851260638553 118.20844061168624
118.20844061168624 113.65997791023145
113.65997791023145 114.40988054980309
114.40988054980309 112.2273735726858
112.2273735726858 107.52623039449139
107.52623039449139 110.05681627504411
110.05681627504411 114.9723972867368
114.9723972867368 119.29527968304876
119.29527968304876 122.64973469278767
122.64973469278767 124.08166367398613
124.08166367398613 121.63093720494221
121.63093720494221 117.27596882075916
117.27596882075916 117.46422430416713
117.46422430416713 113.22498316212474
113.22498316212474 118.74782109648704
118.74782109648704 122.66116504446626
122.66116504446626 123.45532081324465
123.45532081324465 126.13862187402616
126.13862187402616 130.65851321692068
130.65851321692068 127.33220784684192
127.33220784684192 122.57212229903293
122.57212229903293 121.48548534587873
121.48548534587873 125.85407187957045
125.85407187957045 125.11086357062928
125.11086357062928 119.30512227715337
119.30512227715337 121.9615888912932
121.9615888912932 122.62518313119493
122.62518313119493 116.63146213454493
116.63146213454493 117.17126975280975
117.17126975280975 112.39436140987826
112.39436140987826 114.55878701016461
114.55878701016461 116.69461361156931
116.69461361156931 115.75524233827022
115.75524233827022 114.07409519090028
114.07409519090028 116.8302560297889
116.8302560297889 117.99437644814488
117.99437644814488 121.82141944487987
121.82141944487987 122.54205833871218
122.54205833871218 125.35978426615574
125.35978426615574 125.65011716911098
125.65011716911098 122.82526237948105
122.82526237948105 126.92440568576473
126.92440568576473 126.80926425598734
126.80926425598734 126.24546708489856
126.24546708489856 126.28463267892626
126.28463267892626 121.36395616433927
121.36395616433927 121.81721466778573
121.81721466778573 123.84436100193068
123.84436100193068 122.70123080214518
122.70123080214518 125.60509314304728
125.60509314304728 127.75536772739314
127.75536772739314 127.09146303028753
127.09146303028753 125.8933184364917
125.8933184364917 129.8254848584346
129.8254848584346 128.3099552049498
128.3099552049498 127.23444746657404
127.23444746657404 126.49100900770497
126.49100900770497 123.78500180460335
123.78500180460335 123.56521228772401
123.56521228772401 119.85414829668302
119.85414829668302 117.20171354046956
117.20171354046956 118.20831532390919
118.20831532390919 122.50141346881381
122.50141346881381 122.76295186064526
122.76295186064526 122.6675080038607
122.6675080038607 127.12985990383979
127.12985990383979 126.51115999884031
126.51115999884031 125.36199148290362
125.36199148290362 121.17997743558149
121.17997743558149 120.52373334302199
120.52373334302199 119.46744750530402
119.46744750530402 119.48812083244937
119.48812083244937 118.56667922463981
118.56667922463981 114.42981561088882
114.42981561088882 114.2991498572774
114.2991498572774 118.08607682743961
118.08607682743961 122.91908780236788
122.91908780236788 123.92079422961207
123.92079422961207 119.15431179051734
119.15431179051734 123.17978431886938
123.17978431886938 119.38804122660518
119.38804122660518 123.77960094723944
123.77960094723944 122.71783335210147
122.71783335210147 117.06987031745338
117.06987031745338 117.09514234090678
117.09514234090678 117.108565787798
117.108565787798 120.17119923568349
120.17119923568349 120.0964183334811
120.0964183334811 118.23823401726996
118.23823401726996 115.02703455917353
115.02703455917353 110.60524299528048
110.60524299528048 110.40054994635992
110.40054994635992 106.85870859795344
106.85870859795344 106.46084621262567
106.46084621262567 106.87837851695926
106.87837851695926 108.48334898368284
108.48334898368284 106.08372565003215
106.08372565003215 110.40068261558707
110.40068261558707 109.76829927855489
109.76829927855489 113.95175238806208
113.95175238806208 113.93237565460649
113.93237565460649 115.80258357197233
115.80258357197233 120.25555612744358
120.25555612744358 126.11114817772672
126.11114817772672 124.61070414001948
124.61070414001948 120.58260763711903
120.58260763711903 120.7333734972921
120.7333734972921 120.75253769862492
120.75253769862492 121.19137799628837
121.19137799628837 120.71005798352971
120.71005798352971 116.75590406036116
116.75590406036116 119.92375837680507
119.92375837680507 118.63431788080088
118.63431788080088 119.89041344724438
119.89041344724438 118.09461886939201
118.09461886939201 120.7461313190477
120.7461313190477 119.94469084471301
119.94469084471301 115.47830619345537
115.47830619345537 112.5958345961475
112.5958345961475 116.00639110236126
116.00639110236126 115.00402078233675
115.00402078233675 113.67498337443331
113.67498337443331 117.9453224277093
117.9453224277093 118.43264263484797
118.43264263484797 117.20829996659066
117.20829996659066 112.6044168345788
112.6044168345788 114.06228770932786
114.06228770932786 114.0909886918838
114.0909886918838 114.07218362859841
114.07218362859841 111.83148036824667
111.83148036824667 112.46975973692116
112.46975973692116 115.24531160465335
115.24531160465335 115.1677012497877
115.1677012497877 117.19245046768513
117.19245046768513 118.43139950358524
118.43139950358524 118.29257125694268
118.29257125694268 118.83901853066293
118.83901853066293 118.78787317768321
118.78787317768321 116.6834429100302
116.6834429100302 110.99250469853968
110.99250469853968 106.53956442120857
106.53956442120857 103.22803578934221
103.22803578934221 99.1879330178648
99.1879330178648 99.2494159825395
99.2494159825395 99.19897435797347
99.19897435797347 99.14682718309109
99.14682718309109 99.61478929833423
99.61478929833423 104.04504380812722
104.04504380812722 103.87930657352295
103.87930657352295 104.44406243924222
104.44406243924222 101.86456518516586
101.86456518516586 102.4337343627455
102.4337343627455 106.62654211162409
106.62654211162409 106.87985998117865
106.87985998117865 112.12496972162663
112.12496972162663 112.51965979304856
112.51965979304856 112.8294169564348
112.8294169564348 114.56030044853885
114.56030044853885 111.97074307136968
111.97074307136968 108.89307478620415
108.89307478620415 110.21682898766176
110.21682898766176 108.4238343681708
108.4238343681708 112.12677075343566
112.12677075343566 115.15464965585284
115.15464965585284 112.78217781383741
112.78217781383741 115.16689888133119
115.16689888133119 114.67345150003877
114.67345150003877 114.64761440300065
114.64761440300065 119.20937674723524
119.20937674723524 119.16536156079773
119.16536156079773 116.73675555033765
116.73675555033765 113.83563565522228
113.83563565522228 113.79915569258998
113.79915569258998 119.03689491116309
119.03689491116309 119.66649369200628
119.66649369200628 114.25280031305186
114.25280031305186 112.37565260557903
112.37565260557903 110.09137632307213
110.09137632307213 110.1624634421515
110.1624634421515 108.75556869288975
108.75556869288975 106.00630301865485
106.00630301865485 102.55209711041127
102.55209711041127 98.1540754760487
98.1540754760487 100.37496779974008
100.37496779974008 101.05672783281393
101.05672783281393 101.90613861706014
101.90613861706014 101.92602490490731
101.92602490490731 99.79042392695527
99.79042392695527 103.07667385536745
103.07667385536745 103.10776615926329
103.10776615926329 101.3183157645876
101.3183157645876 101.32891298290029
101.32891298290029 98.0822491698643
98.0822491698643 98.37092740264542
98.37092740264542 98.3879358391525
98.3879358391525 98.81855301388214
98.81855301388214 98.83951647502016
98.83951647502016 103.7304292133236
103.7304292133236 101.23822962517232
101.23822962517232 106.24723524402926
106.24723524402926 109.8435206103527
109.8435206103527 107.74402795200635
107.74402795200635 107.55611542992588
107.55611542992588 111.70973234787922
111.70973234787922 111.60427889741692
111.60427889741692 110.5405534142249
110.5405534142249 106.36394480522267
106.36394480522267 102.52181828177606
102.52181828177606 102.06102337896084
102.06102337896084 99.94415614104703
99.94415614104703 103.74275041642144
103.74275041642144 99.12605121700274
99.12605121700274 98.85409761439608
98.85409761439608 94.82808194193522
94.82808194193522 98.95885310631287
98.95885310631287 98.09215165365008
98.09215165365008 97.41940335732777
97.41940335732777 97.69687816040818
97.69687816040818 97.80421758173466
97.80421758173466 97.99223295802419
97.99223295802419 98.30015071838575
98.30015071838575 94.16795162340314
94.16795162340314 96.11637367315033
96.11637367315033 98.44512544012913
98.44512544012913 100.99180349167446
100.99180349167446 104.80624007924919
104.80624007924919 101.48486311271442
101.48486311271442 105.74657681129281
105.74657681129281 105.71234188821413
105.71234188821413 100.78010538257126
100.78010538257126 103.18614606761368
103.18614606761368 98.70964205220604
98.70964205220604 99.5248078303182
99.5248078303182 99.26768758226389
99.26768758226389 98.8758656574996
98.8758656574996 99.75289318697929
99.75289318697929 101.51412787995598
101.51412787995598 103.0601466978649
103.0601466978649 98.96002487243987
98.96002487243987 99.86631050445799
99.86631050445799 98.95019909841076
98.95019909841076 101.8202990923917
101.8202990923917 98.24998073302757
98.24998073302757 99.05964862940655
99.05964862940655 102.99227246820871
102.99227246820871 101.64800427321062
101.64800427321062 98.830229907576
98.830229907576 97.06420032099967
97.06420032099967 92.39896993302558
92.39896993302558 89.51737530717381
89.51737530717381 89.94078156785795
89.94078156785795 94.42828722959143
94.42828722959143 94.50842886468521
94.50842886468521 95.37155303713347
95.37155303713347 95.40602032619586
95.40602032619586 94.0987020928004
94.0987020928004 95.77095380893391
95.77095380893391 99.58315217840907
99.58315217840907 98.35903654229121
98.35903654229121 98.83622084528028
98.83622084528028 102.78971586696599
102.78971586696599 100.80105462023636
100.80105462023636 96.0064038873791
96.0064038873791 95.00330027526935
95.00330027526935 98.3654425692565
98.3654425692565 98.28973962102327
98.28973962102327 96.42521845784162
96.42521845784162 95.85787185574155
95.85787185574155 95.75707003106595
95.75707003106595 97.43141038658854
97.43141038658854 100.92488575625377
100.92488575625377 96.18693114374395
96.18693114374395 95.92468704843719
95.92468704843719 96.51584515859739
96.51584515859739 98.96726430966865
98.96726430966865 94.84012438898124
94.84012438898124 94.46465834334404
94.46465834334404 93.76103002638146
93.76103002638146 96.38218080540096
96.38218080540096 92.50573917498222
92.50573917498222 93.14196650838397
93.14196650838397 96.30536085381941
96.30536085381941 96.13258490624186
96.13258490624186 99.36268814809175
99.36268814809175 102.78680684698263
102.78680684698263 104.72352831500228
104.72352831500228 108.70681443612033
108.70681443612033 105.27101060080822
105.27101060080822 103.2785490503428
103.2785490503428 107.2915016566086
107.2915016566086 108.89027796862558
108.89027796862558 114.11909411154267
114.11909411154267 112.05564830411751
112.05564830411751 111.2995216409651
111.2995216409651 111.24308120110322
111.24308120110322 106.74445828785792
106.74445828785792 104.433593715424
104.433593715424 99.67835009866647
99.67835009866647 102.32500001494027
102.32500001494027 99.04697529748758
99.04697529748758 97.17294924017601
97.17294924017601 93.85627732868753
93.85627732868753 94.63480477776292
94.63480477776292 90.60978619911391
90.60978619911391 87.73087133986571
87.73087133986571 91.85832361505781
91.85832361505781 93.09066732143467
93.09066732143467 96.81237478061713
96.81237478061713 92.60801872794788
92.60801872794788 97.04115670955191
97.04115670955191 93.65367070577031
93.65367070577031 94.18348659676482
94.18348659676482 97.27894487684907
97.27894487684907 94.97546694313114
94.97546694313114 92.4425865763046
92.4425865763046 95.30757171342958
95.30757171342958 95.65874105595076
95.65874105595076 97.35719209581816
97.35719209581816 94.76478071129084
94.76478071129084 95.27933218512726
95.27933218512726 95.0689896408773
95.0689896408773 95.29723996593471
95.29723996593471 98.42561484135608
98.42561484135608 102.83082512408335
102.83082512408335 97.77347258362747
97.77347258362747 100.91276040401043
100.91276040401043 100.80044694895794
100.80044694895794 96.73616633688295
96.73616633688295 94.25211048725917
94.25211048725917 94.51958143468111
94.51958143468111 94.61701915074161
94.61701915074161 94.56890129402683
94.56890129402683 91.13976615609755
91.13976615609755 91.91197265582208
91.91197265582208 93.69556276122069
93.69556276122069 93.47429185682441
93.47429185682441 92.78649398152936
92.78649398152936 92.14224643400033
92.14224643400033 90.50468211486647
90.50468211486647 92.56354533796713
92.56354533796713 94.34208426486389
94.34208426486389 95.49709568727118
95.49709568727118 92.11187068606804
92.11187068606804 91.28818160850443
91.28818160850443 91.18550034138946
91.18550034138946 95.33448752730611
95.33448752730611 91.2659939125042
91.2659939125042 87.41877360295443
87.41877360295443 87.50893276451454
87.50893276451454 89.51277011471105
89.51277011471105 86.91514730725585
86.91514730725585 86.99814743394457
86.99814743394457 87.36821196356834
87.36821196356834 87.66424368869006
87.66424368869006 88.55736091810192
88.55736091810192 86.27883514699451
86.27883514699451 86.35103836348128
86.35103836348128 90.183921123818
90.183921123818 90.33492555772722
90.33492555772722 90.44976371674652
90.44976371674652 90.73982961702987
90.73982961702987 90.87658534376905
90.87658534376905 86.42739009045971
86.42739009045971 88.28062728121932
88.28062728121932 85.0555909249386
85.0555909249386 85.63293426385378
85.63293426385378 86.76127227976976
86.76127227976976 89.4320119939878
89.4320119939878 90.76221239063035
90.76221239063035 95.17467405452523
95.17467405452523 94.39123829330725
94.39123829330725 98.75894269112554
98.75894269112554 95.20516124257668
95.20516124257668 91.64685447334911
91.64685447334911 91.60003489507717
91.60003489507717 88.75103154069298
88.75103154069298 91.90338042695483
91.90338042695483 94.38879247973142
94.38879247973142 91.96900755102835
91.96900755102835 92.84897594209463
92.84897594209463 95.068573832692
95.068573832692 91.39081103305578
91.39081103305578 93.24055641273723
93.24055641273723 91.31325125308864
91.31325125308864 94.62530707169145
94.62530707169145 94.29312771658172
94.29312771658172 94.84791161554477
94.84791161554477 96.83182523766146
96.83182523766146 95.56496125565275
95.56496125565275 96.95234129765885
96.95234129765885 97.65774947037094
97.65774947037094 95.23257644628329
95.23257644628329 97.30453251343084
97.30453251343084 101.30223941693063
101.30223941693063 101.45820834296161
101.45820834296161 98.49040791266232
98.49040791266232 100.50229968828087
100.50229968828087 98.89609974989868
98.89609974989868 100.07472841470943
100.07472841470943 99.99855185137596
99.99855185137596 101.39934218758748
101.39934218758748 101.3162447620461
101.3162447620461 100.94164071309217
100.94164071309217 101.39569379370647
101.39569379370647 100.52146593788775
100.52146593788775 97.19648446564493
97.19648446564493 99.08407294412888
99.08407294412888 99.48899458220617
99.48899458220617 103.67993850762927
103.67993850762927 100.64481809640667
100.64481809640667 98.25438876370458
98.25438876370458 99.50829403868777
99.50829403868777 98.86128469215504
98.86128469215504 102.80412906574837
102.80412906574837 107.30169914860826
107.30169914860826 107.04538547494504
107.04538547494504 104.01252054663736
104.01252054663736 100.9936056921543
100.9936056921543 102.98540908441807
102.98540908441807 102.97059499052922
102.97059499052922 103.30957360543316
103.30957360543316 106.12925604964784
106.12925604964784 106.05599984873196
106.05599984873196 107.22424525613103
107.22424525613103 110.39981112613918
110.39981112613918 110.362822584211
110.362822584211 110.27800834403757
110.27800834403757 109.11232675278391
109.11232675278391 109.15212186701999
109.15212186701999 112.69518609825508
112.69518609825508 112.81325280873529
112.81325280873529 114.77365971662502
114.77365971662502 115.02266588282819
115.02266588282819 114.98778110895883
114.98778110895883 114.95428769072346
114.95428769072346 113.65658508859345
113.65658508859345 114.32881496899952
114.32881496899952 114.37416913869173
114.37416913869173 115.01699627223717
115.01699627223717 114.0766878285218
114.0766878285218 112.03908209280765
112.03908209280765 108.6298444210574
108.6298444210574 109.06089958110546
109.06089958110546 108.99981670923816
108.99981670923816 106.1048084197769
106.1048084197769 109.38545430643649
109.38545430643649 108.43919539373489
108.43919539373489 104.31028258803619
104.31028258803619 103.87168567268365
103.87168567268365 102.01410524100767
102.01410524100767 99.61581712542367
99.61581712542367 101.90861903603185
101.90861903603185 104.40707314237007
104.40707314237007 101.8125935931769
101.8125935931769 99.84325805904557
99.84325805904557 100.04021271757988
100.04021271757988 100.86030372938652
100.86030372938652 103.85583464529036
103.85583464529036 107.5414989934172
107.5414989934172 106.43833458945942
106.43833458945942 105.7844099973166
105.7844099973166 104.29929463789233
104.29929463789233 103.30310724233465
103.30310724233465 103.33645075998555
103.33645075998555 98.92127916274647
98.92127916274647 97.05068615719972
97.05068615719972 97.09745863212116
97.09745863212116 92.68162037909616
92.68162037909616 93.36691251029957
93.36691251029957 93.38017556442416
93.38017556442416 96.65688136502412
96.65688136502412 97.28709815570237
97.28709815570237 99.26115323828573
99.26115323828573 102.97300846437614
102.97300846437614 105.41766574535599
105.41766574535599 105.40326343331337
105.40326343331337 105.28356776773464
105.28356776773464 106.14884396065968
106.14884396065968 109.64535143056524
109.64535143056524 109.73524053061277
109.73524053061277 109.58757390776431
109.58757390776431 108.53949831809857
108.53949831809857 105.9390747839548
105.9390747839548 102.7932873354862
102.7932873354862 105.860216308304
105.860216308304 109.23714385339362
109.23714385339362 104.77683910077943
104.77683910077943 104.87191624513564
104.87191624513564 104.48892594405314
