4 0 0.0 2.1428884721446546 2976.8829607930247 2.55
85.62169730423187 85.96697232251236
88.25686114143353
89.29658576792298
90.70007639154132
89.80615079432644
89.76492451446308
92.83991975000606
93.07949425393075
89.68371828850583
89.6651176119514
88.35031212794381
89.16555465431708
92.98018477993978
88.83466635337301
92.94566536240451
88.88872828918277
89.7860091674127
91.84917266892946
91.7108312786289
91.75058411321044
95.87951146869912
96.42558621462317
94.89048955348748
94.8762828156789
92.74978729542029
88.63678975024523
89.73770545421968
92.67959679211164
90.56469684371285
88.217983995894
88.42931278937134
89.48276896608132
91.16398103682316
90.45289259014798
94.80743549386874
95.51974659528267
96.21642701710097
93.04579966126234
94.50359829812064
98.08379056085639
96.8642797220631
97.26217086734206
97.62073005487248
100.83306254675206
100.81895414353345
101.20932705473064
99.385605736984
99.16040170219823
96.26451087308172
95.64154845164089
94.0165332907161
89.80036110372365
86.19262035905471
85.07128566081369
88.13303741464408
88.18521805359173
88.16858506721071
88.59983727572913
89.12701085022718
89.621043464824
89.75417591454114
90.86088925431739
92.45849756449114
92.86085755286015
88.45606799468057
91.54926918541105
90.00678394484957
88.62072914932115
91.10988930237083
90.65846215628336
90.88524563421532
94.89773702647956
96.72030384843747
95.46797761201705
91.99459785804244
94.03088670409034
94.00579581517127
97.88974523204149
97.5083807005565
94.90531316897248
94.92592275405447
94.882793348807
95.54098805784102
93.44830092233614
93.48715383821438
90.28462218887987
91.56110633859807
92.63922849474154
93.37995374786829
94.5050292831147
94.32412527628665
95.7789380625724
96.15354465653145
95.21483801770945
94.96003806026408
98.38274276408193
97.78057548570803
98.7848870573668
98.86010739502507
103.30754479470824
102.6542392927477
105.16255581191335
105.32060545715511
104.67777210172835
103.81884388862989
101.19527317659983
99.01854645193772
95.1775922540278
94.2735371540701
97.59690481520983
94.34396365347435
94.29333965053515
94.97975972532946
97.01708118566708
96.68042763435656
101.06649740807293
97.93928152479876
93.31289111795392
93.32987540544771
92.98996536741245
90.61487363912147
88.52053160387453
89.62729043139572
86.93656203163745
86.26581664052357
83.7385415872694
82.08207266939338
81.73427700865487
82.2932197249715
81.92384328895966
82.3004744906864
82.05194779470773
84.69426502724262
85.82212885593523
86.70126926391322
89.45623661036404
89.80838734721274
88.65353226100787
84.41847380712443
84.88178848689027
87.33828692138582
85.86457898420392
86.60188258877075
87.14261431297055
84.8194253976416
88.72266930720969
88.47958245189268
92.49237922180235
88.41409092030999
88.72421945517188
88.75447929255763
90.24601106163516
89.6616414966886
88.21515454520103
88.06515844932599
88.30338149109933
88.37291100523922
88.56264035952148
87.4974888904139
83.81513821575707
83.80608253528264
86.86758797361372
86.75204922467482
85.89546683444591
86.61775881792506
86.9472423708284
83.49710848842086
85.39170210849613
85.62057756277224
88.05926471135776
88.49218267275256
91.20061593946531
94.64095715577466
95.58259070949794
95.43255486640673
94.58834977686092
90.48576103119116
86.63306678399395
87.10270567210856
87.02943044196381
88.20725005714718
89.970921060724
90.6279136879677
88.13762627160524
90.17224140403948
90.25065503016361
92.63416407778551
89.88818834688446
90.84697585443874
90.40930096329897
90.69637481769436
92.02500183941548
90.11221205456147
88.8804153180922
88.68593368675448
89.20943847794376
91.87652813351349
90.70284398351966
90.64291218264155
87.21212750681192
83.53934350340707
87.51447337050212
84.46999093748539
87.92281946152633
87.91088575139533
85.55555921596962
89.56135219731496
89.6320060887986
89.80098095247423
86.94988287586929
87.66916573396215
90.51703786462845
90.90874454324397
89.17155363458147
85.50303356776249
85.47490951910675
88.42382242520814
89.01380540127593
93.09140216065471
92.81482399690128
94.53813143015192
95.66435706394739
97.2396313659579
100.04056042490541
96.18487437319011
97.0590968179806
92.24262837805368
93.01731688803497
90.68643370690404
87.45609008318041
86.02112694136663
86.62887931797552
89.1393097095256
89.49841247829154
85.73260183169417
87.92925717623646
91.7432635949527
92.70925521164413
89.56234971630965
91.7967421571775
91.45390805678169
91.50145443344081
92.07584116768831
92.90052187087527
96.9133683938999
96.77339721796723
97.63144540841238
96.64996269406575
100.92580211224397
99.44802652228496
102.30220573136222
99.28785712791715
104.0691734174939
102.07917727855595
98.08108267466747
94.91345868476893
98.57314735300639
98.85036731405977
98.99840911986824
96.75509802467317
100.33015333723993
101.58637749199362
98.49490746971246
94.64295203717987
95.72145833907882
95.94910986981965
95.93817526152908
96.05002972905613
95.07712109976852
98.26273465501802
100.20084463248388
98.94557490596381
100.37409521619097
96.92326766806846
96.8501575831716
101.55568171865659
103.69914116638843
103.77350512475924
102.05804654841141
97.23304868535068
100.70759847985052
102.41277690947831
102.23978151403715
98.43111080958947
98.55995513170096
93.80370079746183
93.83221714573142
96.484053880621
99.50762098540795
99.4932748625887
100.72359793293806
96.47137900013539
97.3109582731238
96.40855789760184
96.78105843404359
97.46609642956304
100.86881960851984
99.81958069939556
101.75606271001881
101.01637300762981
102.14194055653682
106.53393150664475
107.55142977270083
109.15672398735724
109.0458954544844
107.16058039230353
107.82303332037172
108.18366483442999
111.68168260301051
111.36361661301507
109.44240920951057
110.81551010418983
112.26079434418901
112.23126386515987
108.31775248970453
110.8913707772197
114.04897774498184
113.3520007859203
109.0782245359665
109.4346043208617
113.1383670836459
116.70413857224516
113.00107011912286
115.65175369287603
118.33435694420915
117.5634087935489
119.31486834335507
118.92409924743012
117.30957130340518
120.72869780771903
122.26342094685272
120.84377157559507
120.61769939822152
125.72759003406959
120.26067371712497
121.7706824579943
118.55678727326924
113.79649894110825
115.2226541091641
115.67750385685463
113.40727939693622
114.17310438838311
115.9267251468303
120.1363862162447
124.60787582577625
124.41232216877843
129.74608411979625
128.11556029595423
130.3641029350857
131.5205390258895
128.1801500583746
130.7046865394606
127.12005036997195
121.40019615078985
122.69583865532437
128.72242253839357
124.5253661850619
126.67504236388764
125.05718931789316
127.14573973360109
131.15795258543233
133.01603642891874
128.76325275700862
124.1056744886302
123.94424885719113
118.28753247555804
119.01764450612757
119.03752953393943
121.62997756535908
121.85873686301441
126.66234306394081
126.71799721723623
127.22539682565838
125.85990545208368
125.09879730957675
129.8275309219312
125.01108660351908
125.24009622439996
129.27277852149177
123.87858095777375
124.93232176349612
126.37165567797676
127.01359251305
126.97429426045743
127.02812139925543
127.04357745363043
127.54316910090141
122.14892612198068
123.99277056116671
129.54750855280665
124.49734166619727
125.76548035623453
124.43767384070983
119.3667813378126
121.37394255340976
122.97475571642175
124.04635429794844
123.05654047738491
118.2830888516485
123.61086154804869
121.23805670963337
121.36903034373853
123.09965865243828
124.63421740919313
127.33660282352075
124.51765560107648
124.53077828212501
125.07498714522441
125.1899764254633
125.03020253957756
123.15202099743165
121.77364408522088
122.2234620402757
121.80415738492812
122.77141050467065
123.57232515023006
123.8933293806772
124.10975279083169
124.34407674752589
124.53227457911389
123.8456281867104
125.26405490941478
130.96352811817067
129.7882181631768
130.04685550591637
126.97697318328102
127.94319242624984
128.2840189754009
132.90999248845785
126.58897443892158
130.2374191595407
128.87779306371485
133.62914258737027
133.6156988494461
137.52465869473377
138.11046246014325
137.26947830339128
137.10788284125368
133.11932484015867
132.9960484875618
139.33105077598313
138.89249541455013
138.51818573594267
133.13806405081993
132.2933613335377
132.2639764691975
134.23852645599428
134.1045640527825
128.86565905514686
129.29197027229097
129.4333415999174
129.18838335883623
130.39309428650319
130.53131771532088
130.9255969595257
136.578486098773
143.27506593248535
142.01160570313405
141.7698714950035
143.03954771279962
138.14454140083453
138.6445590785858
138.1874857881019
132.67755326024434
127.9023475446353
133.06616585590302
138.19206165625326
131.5898971155193
130.08381495778224
130.06820810889124
132.94021042026068
129.38883119043157
123.87125078081827
120.96291315205248
120.64110107950309
115.82855878256017
112.19538874548655
112.67009078185309
108.72093492145957
106.94939591369318
110.86874551125824
108.43614576021139
108.98523752332918
110.21979896382204
114.89542051366135
114.09758518027063
114.35552323272069
116.9372384552244
120.40729747308197
120.73826081279009
120.45592291591797
123.06143357338992
124.62917084883365
129.22283411083535
132.62376523713235
138.08503517581985
137.47951562818113
141.6747186727463
141.0524124898167
146.82806177931906
147.52888013011244
148.10820238521214
145.4782752209491
138.4431914674857
136.9287920592815
142.80343961398805
138.00590868095654
136.68251483615512
135.5197097134657
134.97436751069347
140.52491650648338
133.71827989408075
138.6859253728026
139.17926012334297
134.45271445838915
133.91192396581206
138.59780382304837
138.30608237538613
143.17622032009723
142.5898176172811
139.36430083893742
136.76301308348175
134.0568945019027
136.03096809047523
137.11325073227263
134.34960312047795
128.54846645574244
125.21212800859196
127.26567233675857
126.13369891352345
129.57788723706437
125.47148345732869
123.41825226965173
123.59682400338903
123.78439004313711
126.97974506471303
128.89838326704134
130.0952349780261
129.89049852507515
131.2887068230218
136.6864040860581
136.39580927405663
134.10129764315326
134.19226092592078
136.42451076058043
141.28100159310284
141.29721253522348
135.62871929379662
140.156243677301
135.7331150051601
138.6132797326287
141.71333473594913
146.1756124505027
151.6206562025435
149.1326563238068
151.76365678918077
150.46049685739476
145.13070996876974
144.0605417838617
149.07177690702923
148.99893504010473
154.48674398763094
152.6386384671834
155.1581197040628
156.4225238603689
157.6470194434183
157.69048647442685
164.96981757973109
165.1456237717041
159.1903264026312
157.78461947099015
154.23044434545724
150.43580059865639
150.11267286923612
154.14213624875507
161.68452639909083
161.64966757129412
161.27054691297792
154.34105550556094
150.36513247004268
149.64325261161295
151.212206665007
158.09237349054737
152.62728862800972
150.3102633899534
151.09571474083936
156.8107723779006
157.81233070663106
159.0582287941974
155.83177533421795
160.5517097060259
160.73232743154
157.38981682338064
162.9431725918693
160.18567668270848
156.1591905648174
156.26625149690153
154.8563269369351
161.94317079539096
168.52755395440096
172.77521201181932
172.7371414109579
172.9908398546441
166.30713693314038
163.56827974730942
171.53752173330662
169.08854330744347
175.97843231113774
177.4837494200769
176.66793304896134
176.5619643908635
168.1413931726995
169.0808309426486
161.73530938056456
155.8583698366466
158.31119498535747
156.77556246966589
159.96509614054244
161.04279329894436
163.87167101684057
164.18691728616662
172.28067607035388
175.06555078725813
175.4915290434618
174.71879491164577
172.84603627147388
172.34553666296625
170.8727194822541
166.36288690192183
166.14783362722315
162.4505227117829
164.22829823917107
167.82994648587157
161.11509022210646
163.2359050601228
164.4179438785752
171.80992844279845
168.41619494605004
168.3746443387104
161.0839806194517
162.07655660313566
161.8788039479966
161.78284872959318
162.80781174867275
160.92139063656873
158.82136524175837
156.14064216655254
150.18594811739328
151.41849431265297
150.44145846449103
151.01610598764856
148.2914285660572
145.45933780908516
139.48020528306856
143.36686645174765
144.12755652613475
149.81800569066542
153.46238059787896
157.14378330818283
156.18423662000853
148.6304454532843
146.00646042223764
149.13938174280514
154.62004637921808
155.19532689133143
156.60503545262648
160.34244798336113
154.49108907256172
154.5171293119606
150.888812288772
154.10407362980482
146.70455885203592
147.39776306720196
148.03844138815313
148.63592984945237
149.70615348783204
145.78864239809803
145.90258830007804
147.78113634912833
153.70208754817025
155.0874971295924
156.65685497165097
151.60981360645314
147.93079550355017
150.42931926533495
144.60289311454247
148.814920387411
155.26726351163995
156.01103134203154
156.07258914853728
152.32881918070822
151.24025008127924
153.73803136656394
146.90021432936013
147.7650166710093
149.04463777535943
149.87762488426415
152.3908740634969
147.32867890434954
154.1093801694458
146.47422753118073
144.699261250602
147.10560496622932
145.8142679067182
150.35359787262107
150.3229488804709
145.10681326137998
138.16057528691567
138.6747432270137
144.98961594692648
146.16685031290328
140.0475498281513
140.79934696516696
143.81320689043838
149.68251905723318
153.91851901066838
154.43349636007295
156.8293246503321
157.43188699002738
151.60570865059526
151.89569144835187
153.0386233213869
157.32552142363767
151.1149178358302
150.6752642008629
153.5944616599329
152.35420921610995
149.1242676936324
148.75073253372886
148.70862686976167
148.03988834973387
141.25016183265393
141.23328007169457
143.88589360454307
144.7384196799797
139.3564930532771
142.30705081727643
141.78755335889684
144.79021107557907
148.3304144388586
148.9058611424105
150.96614625922697
149.64410270082516
153.9796811064324
154.2497939887877
152.16341691678468
150.272126952419
143.46503249932525
141.5925155694522
141.7595216881518
141.58971189552537
139.95160731991749
142.03553886688178
141.57658535261544
147.47411502989632
147.40733588255517
144.4140930721057
139.81889522224773
137.15195001454504
138.8975104324792
134.68263416771973
129.7335829294319
126.63414037346068
124.30262323333069
122.94731530664927
126.74803050779892
130.3988912932925
130.3507916105833
125.86013637057786
126.03365902163709
131.49754240369447
137.87576442506867
141.1226810309572
138.69904745121968
136.05199735862143
141.13909517803367
136.21531738190134
133.8545887060932
133.46584983279072
130.0733157529988
130.19309072858562
127.55077474561784
128.02891868237103
124.74946564401404
126.74788688953893
123.24541660417486
125.08715877447342
127.59088511297445
127.2771391055606
125.49793674170262
124.94846127303178
119.87063339719437
122.03713073209849
121.59463845581037
121.66513812856508
117.97461167492622
118.01055205605584
122.85082880856322
122.9196490667699
128.72385247779317
128.1666704958815
122.06418832470774
122.07932213166565
121.42007323305057
121.40589498557152
122.33437054589001
123.5718817781989
124.95113685782586
130.85156405779705
127.68710056939601
127.40324228290926
126.36505891388344
123.98095091159699
120.1600649327124
124.0719188791299
119.07720660534528
122.46014669013846
121.42758860810066
116.18990656626883
117.03115328580904
121.75385658613496
121.22056395666398
118.23935265316689
118.18723798607793
113.61972325064738
113.50609723967284
111.34891933331846
112.3060956504865
113.80376396994808
109.35775733073255
108.96953383196983
112.2587627239693
106.68569241846261
107.09199938145156
102.47268711828315
102.87220535526951
102.98055353711415
107.19156206756084
108.30837601503369
108.5359613423915
107.55566650832043
108.4410577940145
111.08139510387373
113.32251140839111
112.36775696242076
116.54485631847558
113.63879850224872
115.12631454360645
115.19374309830016
118.12495116617582
113.08519773877237
117.16672952250534
112.37349116333755
114.7616244293514
113.4094647384741
114.53357754224405
115.02064509078255
119.90306116006575
124.02334438591795
121.93567001670783
118.10968653424216
114.5415711734937
110.80762844588303
114.37211048577836
112.1815252218767
113.46774926908623
110.97483110065886
109.98413927372809
112.44708721501102
113.03778050568842
112.97881241312221
112.841872610602
111.0884530823892
110.9821366607572
113.3860990611627
111.32089532107054
107.15957514686369
105.42076626847447
103.95113000332812
105.49633167235896
109.4874452464293
113.95289731800554
110.64607559235532
111.94043894138065
109.49107134847833
109.45114596155935
106.1274459287461
109.53258391002423
111.98232887963223
110.7274728352771
111.56451759063681
111.52839166046984
109.8565295685924
106.42506676862966
108.6153860282136
113.90639623604352
112.05876389560001
114.62245654637955
111.08642689783932
115.43847471258604
110.8228458713946
112.01602073446062
117.05407788981292
115.99133657803422
118.92054319073347
124.70790463678884
128.29901460493213
128.45795009749395
128.39776133732576
123.10818389258239
123.74621304286254
127.64326960997884
123.24037012861683
118.44416166811621
116.78474191114988
116.91326846123427
112.67187548198191
112.27770325655594
110.17848437785675
109.8364476416484
110.0441724452421
110.115016220796
107.40182798761292
110.22974978966923
109.60791140736494
112.22519313656812
115.4094090856417
113.27024294107247
113.37586547200827
113.93533888913927
111.17771090051163
115.66246849528244
113.74608715679591
110.23026030812105
107.28029082778588
108.57868369803197
107.65612108739894
107.5130823440387
111.88545259654727
110.07820073606085
107.92747835758266
107.02748802037537
107.7816166470794
106.92295588341314
102.0592447749251
102.0797448105338
98.50915276304352
98.8451929559718
99.53559617598063
97.0653490939897
99.39546615879296
104.15605491049139
105.61586660747484
102.61007905100931
102.84637479805342
103.02657364069786
103.67506642683492
106.71641325463813
111.85706295837116
113.46069391647296
111.23337886777595
111.36850437657566
107.50134877636245
106.26405328307118
110.94790750724155
113.48793728314601
111.60931058470287
107.61828077100012
104.0662962844732
104.50832136122864
105.7004389292407
101.95136788126496
103.21878441714297
103.20528078341573
102.23077216103023
103.29880931058733
106.01023222893497
102.30045878973283
104.54068146471812
100.68599279405487
100.19674407766492
100.31807276141087
102.30301577967757
105.38503650506927
108.03131231802433
106.40170825668795
109.5868982838641
109.92933304194185
106.77588650096604
107.94051884816463
107.52543964528648
103.01168647354076
103.07235485039118
102.42026671355144
105.28154553270537
107.40054455204796
107.50645385727262
102.13815485902246
104.36900263661114
104.78182948285226
105.2097257342135
106.28184527925333
107.7054202835865
103.65718821511908
104.7995107875357
103.99018283128964
99.19139451269562
103.71598976640239
102.10396932902631
97.66773926298703
101.46176417730206
101.4462197214149
100.53563450948364
100.5707181333851
103.07941397788261
107.25848457827668
111.44916361392316
111.4285582729039
110.98461256695968
112.52506424418118
116.66120667366012
115.71513852488883
112.80973417589615
111.83242448624148
110.50819903766244
110.61147829104554
110.95017164639381
108.36589574192233
112.61108975369099
111.36423045419002
106.69294763954153
109.59419464877345
109.76165570982114
106.33487064094922
105.34759500251772
109.39935661318958
104.16895080185046
104.32621393585272
104.91563766418246
108.28055778763179
108.24765425424192
107.92084493691914
110.88891419388415
108.02630178862877
104.35636303031261
107.66099912869667
104.8249326612447
108.28974302480373
107.55601190334232
107.98753219613116
110.65702776311846
110.01460477704296
110.31726794159634
110.42452417714895
111.68889941966874
112.44443106208253
110.92488915129391
107.6169306535812
107.6287482875609
107.89086596875923
111.25301793648727
116.75431122339288
112.80121194262911
109.56466134233803
109.46804608537335
108.57854825390912
108.97729291988082
112.09477692412588
116.4368681280094
112.90147875217149
107.85430598191105
112.53236316148458
108.24046278302347
107.97307270029634
110.69052995381942
110.43591188256917
113.2038348992153
108.2443373551218
111.27858030098733
108.83237211766907
108.71358949744489
113.0498494808269
113.69620052415561
113.9257976836537
113.15965750383953
115.0077449916959
119.66337211120612
119.63031093511894
118.82809024335214
118.37074404815257
118.1085948009231
118.00883002161889
117.53888961724411
112.39794012836701
111.97870362926099
112.20586002767548
108.29964828402139
109.13559494660527
113.5615854605962
113.52459369765819
113.64633406265088
109.25509741404156
108.2321794767611
108.46727883281731
107.84370731840467
109.46303273333093
111.76545875464461
115.41076845150005
116.38815216983896
117.42394935255771
115.05895430788587
116.27041680893346
115.93942313120083
115.88017106981148
117.36544020470544
123.02625799556868
117.89879714769468
118.23646782079236
117.91661694512932
120.133140058954
122.43065111113366
121.45803720682557
121.34283492024038
121.32929325116035
124.83557386091742
122.44986548397698
118.76380046232734
122.79096790995571
122.51427683727036
122.49470544336735
119.52769565989038
117.65029481930374
119.64271391801566
118.71448111369466
113.84923578094062
110.21420764319979
109.09094774102131
109.68136483167207
111.97849711380547
109.77349906747034
113.60634161619215
115.24919670608782
120.89717636233969
125.95165037092718
123.15634781339106
128.84949498557125
129.60639629088675
128.87969844824315
129.34393494651815
129.0807088366214
125.41174718345681
125.22490281563564
126.08272874342633
127.8295438803294
127.30110629757249
128.2383422949272
130.91421766481324
133.21699900979877
131.0038100566298
127.54198729716323
122.70557245370527
125.06670948344244
124.3774586206921
125.38886960088742
122.11380223417765
122.26406464579001
118.34889044972762
114.12422754436244
114.56410277070624
115.2458139857273
115.26076666120733
115.68806978545584
117.50341161024251
117.56846757458044
122.18415465338104
124.70452769549975
123.31903625882937
126.84730940252652
125.26577910183849
121.12594644594003
120.82623967382779
125.62327848259082
125.48028610573338
125.20863003391396
126.00296895624153
125.93937409558433
126.36921593414263
129.5959360193416
129.56294781828362
129.45806281907699
127.33058323222174
125.24437010544823
121.44199317715801
118.49590730575791
123.50566853485462
128.0979699432125
131.74216351260168
132.0248791532221
138.62675929303632
134.16253163874669
134.2382961208472
134.7220778777675
132.64190391241843
133.0455590468861
128.48852361915988
128.77198711550918
129.00191894707433
132.77354620374575
132.55993115995244
132.0407224019276
125.46436352965716
122.78536356677648
120.47218210637557
121.68005853013577
123.35754431640896
122.38656943875027
122.46372449525106
127.69305343848652
131.9532788123216
134.2706363749161
131.88598209628844
129.01468812906649
133.29410939898546
128.02914797567877
132.53567194253844
132.0682391972214
129.4464274125512
124.10380907832102
124.60743148725848
119.99031470413854
120.67570154537725
119.54151260837521
118.29973799513876
114.42831171935444
114.62003378940214
115.32852780346452
116.6897992962756
119.2351292454762
120.8908275249812
121.3620027271364
123.15213016944313
125.7097068581672
124.85503947553167
125.14939119656916
128.61955460678394
125.59110222137157
125.230149301926
125.28407083874869
125.30221946976606
125.33828856471608
128.68237268062444
127.13878356054572
130.51371586590315
134.94439146939027
136.2871798295964
139.9022416528748
142.32761651488968
142.39212584089427
139.5167094428708
139.66161111846318
132.92159848559336
135.0693863031607
141.12987369074338
142.15328969704527
142.0566684149843
142.58641911109987
140.49098280784918
139.65773145542923
139.20064689270885
136.32739383053377
135.3142518677514
137.7873460549707
134.7488073559552
134.09417745518587
129.4864734264666
126.0666796522824
123.64973824084396
126.56139478607747
126.65589870289374
126.92250851393752
131.7719367918749
130.2653742549463
134.42274300524474
134.53160800678143
137.57599272866887
138.60743264651074
135.17116567390775
132.65552045945728
129.79753582661291
131.90044284453515
131.3518414052821
127.16238099826471
122.64471596368804
118.28899104780974
113.49295950205617
111.51944227837868
114.31338424980846
116.56603011542214
118.45557651805552
123.30842859278975
124.62730240846169
128.9606853772879
135.22654767658395
128.65274578012625
132.54561911122875
133.14771378023724
137.5710227011308
138.0147164512746
135.4923248484139
138.32088638821406
144.54517043430008
137.7814219992838
133.36007982207258
134.927364213589
135.53458093914048
132.28633651883027
130.14952613578984
130.04314048092195
128.2028968993803
128.10882478515734
132.64553691889714
126.95934563999496
124.30121968227701
125.50197507765051
129.39106611535442
128.69307283541193
128.98917721734847
131.9182969168939
136.61011640791233
132.42982543414217
131.7123765179645
129.2460312466934
124.49232226608449
123.95091647033574
124.36174701286444
123.02568278723146
125.05169495557939
122.70837780367911
118.53183443263418
115.83369718930943
113.16363571693452
108.09771923576415
112.98088691496329
110.21704014826696
113.53744273446678
110.9290257447047
111.12911131368557
111.74688375149842
114.58329941399734
117.7403296653039
119.41449705338934
121.48330349150393
120.62382179780043
120.66806346424315
121.0436833433879
117.29963846334837
116.1213596594372
116.1413186683372
117.64172497793531
117.8339262912554
121.7437899514178
122.73648511434521
125.55426953760573
124.66913463461592
126.1062072105735
128.66343552448308
131.0899567012981
131.125625206354
128.38724890984187
124.13967712978506
120.58069716438443
123.36143832456534
122.98996120532763
120.13786748554934
121.61370112421424
125.22988622138917
123.66166988760745
123.036258561582
119.03456277558037
114.930941473046
119.41564974317768
121.32865191623897
120.58654831735048
119.50297578566365
114.99863377291811
116.39275612952665
120.01201008903988
124.19083788623036
121.54548434067881
120.10207299284241
117.65309919522142
121.57897035885513
117.96332575747527
119.25762605297797
120.22128600023913
121.73432174712637
117.75438139416063
117.73763010055572
118.68325339380924
123.19048100006874
129.16819103696434
