4 0 0.0 1.3547885706212446 2618.0236860924533 1.4339234069980105
75.74795221065116 76.87158045083687
77.9411397644547
78.02865201508314
80.6992735490581
84.39850676840766
85.54698325465579
86.0451507250283
84.6427668562308
84.76288452175105
87.5861108583732
87.49088358490968
87.47359111907919
89.52802420302842
90.3637444600123
93.40419691775226
93.12315396136579
91.32998100871535
91.29442450680351
89.50636312162027
87.52404438422354
84.06794073361314
83.21190637527774
80.94829982184572
81.56181792530461
82.1008291281135
83.24910209268072
79.27839023509141
81.04284092293476
84.55222152933271
86.82968844832988
87.68031091227407
90.78721140626168
94.45992343697067
94.53408708725576
94.71674227430557
91.82865429201145
94.31481749620754
91.48159603740329
91.77465474213086
92.7185561211297
95.4487018887266
92.53706188155294
91.23041814283799
92.78601766176713
92.58341738000212
88.17035127836535
84.02373786188959
85.22775308104417
87.44613270420223
87.31026948247668
87.63588307132842
90.50197228411314
90.48311038725
90.35360635910202
86.0115974600024
83.16608592836903
84.44262383457122
87.48614174533651
83.51467588747603
85.64538011843469
87.741384674375
87.1822205265934
89.29574128457482
91.72626133276854
94.8605818447268
93.82445400088177
96.68920339842718
94.76107639533454
93.3614239389148
96.38586406985787
95.0635124980938
98.48034608994861
102.98044600382694
103.04784787192924
98.73201997214676
100.25025658982634
102.68111927502851
98.44143481932443
95.49637875725433
92.23596768978737
92.00832783587722
95.06420984041875
96.85912540702383
96.36188847231007
97.11688353078151
98.23315145555101
98.21859667586608
100.09570865210833
95.79838239094047
94.27846018414415
96.98818493506131
94.41810190470112
95.53425160426347
96.93396166166795
96.5405676545373
100.58092434761477
95.6938377115218
95.70580738184523
91.97508503009733
92.1522701681187
92.22934684939246
93.60332478013456
90.1730151610843
94.35169474984993
96.68928714008634
99.61901499748681
102.1780367726406
102.31496846272502
107.25795795385963
107.66565417414552
107.52632948022611
107.57280841843028
106.67319342369797
107.33116679202949
103.75652296773796
101.32945131552131
102.08826962589548
99.40729939275113
95.22734631219255
95.27092567414333
94.16102758658936
90.31382114866615
88.78621359661855
92.40367055449886
92.52346262923596
95.82326900258467
91.6853430033568
94.28836695361242
94.5896182546391
96.91778220195063
96.4848008895198
96.59479589255236
99.21900916685229
100.43280858921959
104.7557034067597
103.27360841139507
107.75050391775105
111.25753421502063
109.31571562448063
104.17716504842831
102.82365025947236
102.0595546084776
101.227630706303
100.2845743681018
100.3773465873031
100.00402458315249
100.77400308901788
101.32087236349977
99.97467849973644
98.68777251960007
102.60725636772622
102.05464927905821
98.35791657565589
96.58320692040301
96.59887911654876
99.46016138425988
98.69936580719336
101.56256235910618
103.13322045211737
103.20439209244192
102.97750005811619
105.26450190657692
106.54971970710731
109.29873977819076
111.16290804741766
114.84615206146594
114.22103699326826
114.14438807974881
114.02343458735044
116.73095744132115
112.85285153809679
111.83399423104493
110.03651696634041
110.95249010325152
107.68358158693002
107.08466589698601
103.70527788186249
101.5999722268085
100.99289616873652
100.31594082471725
100.16015589137189
95.62363849169073
94.18582659248352
97.44125860928096
101.51761816366975
99.53378037183195
102.93509408795458
102.98889578400637
100.0659536595597
100.18183769759383
101.91121870000275
106.50475190615309
108.20781133253713
110.12412991712827
105.8623919240433
105.48033291818612
103.80205375764581
100.0262800482242
102.75064203855592
103.92513365510014
105.74303207101428
101.13006778781936
100.48036357097985
99.01584910051142
103.50289472459362
103.872485128408
108.6970674389792
109.38499476269116
114.6836753756625
115.45091228551055
115.50416240463007
120.61394427817685
120.77542980080298
117.5525674766861
116.89316071118249
114.43432334969307
114.69338875363829
117.96934410586174
112.49305737991577
110.17762396670936
106.00797084281399
111.22474030939118
110.98738432650518
110.61804879680183
107.50926745118319
110.5614777052334
110.38945384984495
110.22851630198562
112.21022660752554
110.6206378562223
112.37594218217843
113.91165898322323
117.33411084854949
121.76971914965566
127.0868884733188
127.6565737790217
125.17358563942385
120.21930726045598
119.87161958467031
120.69158965343509
114.84235473264475
116.59722558835838
114.19787082128404
113.7309802013432
117.50494907982107
117.46640844390016
115.99199584651572
116.847532584094
115.96832959780303
114.71579450765769
117.78655929794577
112.05460293391774
117.09322374451202
114.63508440765547
111.09126172736927
108.96084268485828
105.42827715619114
102.97415766137625
103.21688128399816
100.3521480230885
104.09788856377486
104.73082331213477
107.82760891173737
108.5562004284957
109.42541027500369
114.499166868325
114.15206431372563
118.82810144721851
118.85205767303646
118.16967471706326
116.41767175473574
117.07763861212798
120.7949896667411
119.83856455042303
117.1276081116956
121.90340928109646
124.88760478943342
129.95896827630438
129.91601211784763
128.00552756018337
122.58858343230226
121.91914876159953
117.2363874850069
118.31096241413222
118.37402898916406
118.26205965687963
116.99281175382512
116.20207013592561
116.34821520590293
116.52259364656636
121.35782494476398
120.78104490935154
124.98232454140725
121.94705023698037
123.13249621522345
125.45283801381746
124.83219236641428
128.58118640940404
128.72061774126968
127.93873311523906
125.42223903868236
124.60191315000131
123.44353650005127
119.0582407379406
115.3052709469582
112.1581049502421
115.63724903278836
120.7219133426261
117.2920201945792
118.2371904306273
118.69746134477509
120.09384091164796
119.1344095476701
123.6027512777309
126.04217962904406
126.48249055108786
127.15347035856179
127.26600424403594
126.37148943382444
121.78961690114501
121.91941664318617
118.58446705274804
114.97094467302222
109.55061287461666
114.58441700868251
115.7373555366586
118.79349774634403
118.85930813590359
123.31853569991368
122.14888257846268
121.07992050275118
125.93973811880252
129.46794969514028
132.065165282637
133.84673767544476
133.42599379215028
131.38190329757447
132.30744042983508
134.43158457954448
134.18941187541296
133.8959819588835
132.8286095823977
137.02835207504927
132.82559940798632
126.50081171398008
130.13233106315477
125.53094754087213
130.10813101961884
129.81743992806227
134.11493241102895
134.0782469701455
134.0071951033081
139.25587095925027
136.54999468638013
137.9678209741799
136.02862241120332
133.94216961730217
132.70036122265216
133.9477133515367
133.1702782496697
134.04174823603017
135.3942733891721
131.34777095572065
129.1090982337023
124.74648298962028
125.92415078179627
126.27864784495114
120.36014907476101
122.58609157293118
125.85703536664332
125.89603769730806
126.65190266881882
130.9774455636349
128.44194477559537
122.52475927901878
126.8990460169441
126.95823768253989
130.1393939515467
124.05762921497683
125.39301693307249
127.24735439891595
124.18010723252222
128.11782963892455
132.18424145788777
128.19187788450404
124.17535737617116
126.56122835717504
122.85859342620262
127.30380404957101
123.12320577447935
128.3225479252623
132.97801806382185
136.90178208392194
139.48487565643578
135.20251684246435
129.62741923975744
126.31785968674423
126.29220968280752
122.2794541267723
121.52801078213604
124.29174217373948
127.22163353888811
127.12351362118925
125.51157848628263
119.61730956005457
119.7443923415684
123.06276273521354
125.88841332758149
124.98471678743186
126.42972077123962
124.4257509158273
124.27556363777208
124.25987224450756
118.64455520424546
118.43989699649066
116.27084279707823
120.72056315882415
115.16080691397491
115.47192879768012
119.33153567656066
123.53206069005309
122.36714032222434
118.3458197621763
123.8274075160418
128.42091242263092
125.74806822336129
123.24685014401352
120.00536863071581
120.03098643979715
124.25415731308972
123.88258507334655
127.16192541008472
121.91020014525779
119.78033842084594
118.87795053447176
114.35455268880894
114.27204368032197
113.4387586321241
116.63128842136332
113.55757092469558
112.28599701243425
113.62781972398632
112.1598423980641
111.52857791685948
109.52383120712223
113.03587584259496
113.9753247850117
108.82694247848674
110.74818222769694
109.07342146998869
109.65360176578139
109.68217327419798
105.13945171684614
105.33553513304676
108.6632196013531
108.67463240318838
108.91309188282182
108.97323466855664
108.74282884461283
106.83766547871592
106.81903382758237
106.61163306455842
107.736296022825
109.73042308976873
108.31480369304515
108.24823232474908
108.14166880303881
112.8688532105804
110.76272085790218
108.14512695545591
107.6079317307829
108.78904095624765
107.68380360214123
107.90949997202964
107.71591473650199
106.24023003378859
106.11934495484876
102.23290005619097
105.55190119185161
105.35171722789882
108.7358155322658
113.18001064281253
112.02310132252916
106.91005695828466
102.11600269818007
102.6295871893604
102.43936907358697
99.45670470274032
96.78799185466539
97.1519471951429
94.48792978304564
96.57798948236567
95.16237151795899
94.90452572530496
93.2755954186897
93.5992882605524
89.10602214361046
93.06954383233749
95.19804208231726
91.99801369225067
94.12582525711117
96.02877088821926
99.4878642916672
100.6258813314356
102.94111908660537
104.05597382752224
106.92196534413684
108.48902112662735
107.35462582641685
103.41067239207807
107.1486933505237
104.50297825902926
106.06676856725763
109.75542990793079
114.0942604334006
116.986777607916
116.91808797265271
116.08330188223717
116.00821227592074
112.48006975846766
114.05702394301683
118.95151735223199
118.1564232381708
118.07553303446399
117.13225185057426
111.59233601714824
110.17960447849032
111.54144398479517
114.72418651346125
110.24070024163318
109.1186246627668
104.00289300512145
105.19417137648146
106.88258036664078
108.22359388214552
109.28313139366377
104.33013899737416
104.64089538098271
101.18526646400981
102.7496735345648
103.9177447895674
106.24333722891738
106.91353378633035
110.68852636311844
115.22663959601773
116.28994291625477
117.92930398379386
113.39903653977792
113.45438774562874
117.04745107623839
120.92735315271632
116.2340202600224
116.75755108341285
119.32830518264491
124.19061478920484
118.05242473410688
113.87851201371753
109.31754479220317
109.44843434340818
105.1577961141585
103.8750856498051
106.05352828229181
105.95890222624134
103.09468114395361
99.96077743259744
102.87925947835706
105.91034927342517
109.17884823100738
108.75154288082085
111.28853634342411
111.31202493005739
116.07702562632394
116.42762712563476
120.24331375010762
125.10935439725814
124.74614623558712
121.66364398194777
117.56240082298304
113.72418043711981
111.55860901913596
107.10349344622716
103.25102819604508
98.6539361598719
100.0598361013228
99.91847433982502
99.25682424991027
98.19413014563594
97.31319820408221
100.4611556967933
101.8460874605836
100.47415575987091
97.6912360439332
100.18517327868544
99.68383441454588
95.80227735008516
95.38814793694085
96.66738676008181
97.68489119657691
94.37709115572915
94.43095887227625
89.71980454773546
90.84369849607934
94.34981342441192
95.96674787360816
92.32664136224697
91.9638621909421
90.41728438199044
92.39529198906371
92.2711984166556
95.18994648251388
94.74958115033336
94.37747324532803
96.96888764339441
98.0736864780223
94.5471713346516
97.11080519722177
98.69009153577565
97.17762236992174
96.82905987324636
97.60527876561248
95.20529029553597
97.77866801987541
92.93095836737041
92.58818534226158
93.33974319614057
95.66931611246132
100.32838280954165
96.37015287586692
97.12811241512496
99.23194340205225
102.90093710311652
102.75647829531647
98.0782949354422
98.70631096832797
103.00074252447928
102.52306755403852
105.58458729881139
105.5959674397487
103.97534954485106
102.55176689830598
101.82117503291592
104.95035150014243
101.27525259322826
103.86913313213337
103.85727923727411
106.16829677570544
102.89594844711775
106.76363990395251
103.07013580307009
104.2082959721699
107.72855523793095
104.19227986812908
100.99140592050352
104.51307719733772
109.42624658229047
106.62895478175922
106.40944318077894
106.37510810952284
109.99972799365074
109.98038676880239
108.28681557541012
107.06719764858902
105.67709457846264
108.36139385038767
103.10869458091415
98.53396430954687
94.44606676015565
94.79640755937685
98.16085069000461
97.33118352247195
98.85514508747751
99.6156363523954
99.8107822704454
99.55663532666158
99.85388504728628
101.27104206204085
102.21170300668372
102.78000354942867
102.30696389764866
104.01669105786385
105.52496210025477
109.69127556876641
106.11992353983963
106.10127865453723
105.99170578827443
105.4368933145885
105.71090001473617
105.49070542012038
102.96465202231506
105.37006694785998
105.08477082872137
109.0125553452065
111.0028461895159
105.88779720849615
102.41437392829772
102.23194206628564
101.51575974886455
101.12249116455166
105.788476371721
107.84644198969232
108.22160554102372
110.75045923560978
107.9442987791143
103.36928078589506
102.85229037014864
105.0805242912669
101.93255485536805
106.8349283542422
112.16125176785309
117.13521215287034
118.55142058004749
113.65393743033536
118.24935208889158
121.17510030835182
115.60412288888014
112.4606209802725
114.64109693785196
113.72724004876835
114.60504805816045
112.46352096906145
112.40872797411856
115.29206054724567
115.78955823231658
110.1627930496343
110.18685026771561
112.55566058359157
111.42934969794914
114.55932003046554
115.17928047858572
117.51370788873881
115.21999947506745
116.5949212471472
121.9441652730028
126.18626684328986
125.49377958583413
123.35218777423819
123.31757504697454
119.39716390186952
113.52511402529242
118.79695744971048
117.7739397120345
117.67220684873715
117.01840328608195
112.23896861922367
110.2089428942009
108.91888437472892
113.74763306408799
108.38171250072412
105.7314049785201
110.90758135332241
111.65755973060149
109.17156888406694
112.01013797754125
113.11598656563275
115.38837841706628
115.36627441502142
111.80732605758014
111.91992702643614
107.82565615668007
109.46337187959195
114.46587411480613
118.32977757447354
123.71170488299717
126.07393802974276
119.93049080966243
115.74696281031474
113.92047165704359
111.69445196728536
113.33955480091399
115.26288004340306
110.5171089535903
114.50049351428451
114.0891439183045
111.4517207110282
106.4737565506859
105.47323713858891
105.48938846644165
105.5535069362649
108.21173952998654
112.85420286423505
114.38890190864784
115.45665253361555
112.6873662314989
112.38580284288648
112.28362625399626
112.9023600965215
116.3145026403097
111.88831195573944
112.74235939442949
116.1509693937469
116.25413343026943
116.28083827788906
120.3467236914818
120.33050585930943
125.51726680535286
126.90377407103642
126.16285014291358
126.28351335845714
120.16990240210103
123.98188013082913
118.16618260299103
121.07970977923142
119.6654791742492
118.45271574163596
122.90510017729505
125.82436172581728
125.91033734408985
126.20715425363717
127.38180538573857
132.57591170951946
130.31146883065077
130.01132141181765
128.88229077610617
129.56593307439624
129.5054633584684
130.41741654243373
124.59041894546237
123.12576603431548
122.7570382148015
118.9370806457366
116.16720661786957
119.65951706465202
116.74199723518193
111.23310322011224
108.07336599926312
108.04316594038094
108.991832510248
111.56541217321872
111.57985359352877
113.40488643098605
114.39784643136882
115.53726751663251
115.58804779619395
119.23642694051763
119.47426633628635
120.61598225501022
126.34206241415684
124.13340512618564
124.34485182642574
123.27209346366358
123.11097369228794
118.06693941697286
116.56416737523561
114.11321914434015
109.97177421104315
112.06913913686304
111.60881961446684
115.80496386310055
113.34481399867965
113.13397762962856
111.53550592686246
113.76502490062785
116.07592201970994
117.00043517677558
118.13960924499858
123.85879480541593
124.54723534378307
118.92764082648767
124.34208104857967
124.13218310275992
125.52513856224617
125.71305152706871
126.86213770550175
126.79463586596617
126.41635560198587
122.0808816588103
122.4925376084446
123.56780288662237
124.48756492173959
123.70616653715207
120.77419487089892
120.47489996415699
124.98522167513288
118.79803574461344
117.2581626169164
114.62520649900253
114.75597132496354
117.33906309197589
115.54486963627681
112.24500304026049
112.69976109507743
114.63683962689113
114.57584788690193
112.99399989459431
115.5000923151756
114.98687528876837
114.61178398526336
118.91497919758663
116.64723364287109
111.61865547934802
107.35905476660758
105.6615919097707
105.73349574664941
104.5832909714934
103.68522421594068
107.55072244437203
107.04956920316856
103.27797696652925
98.20532434100815
99.48370282341048
99.01924852471224
99.43781696914645
97.08124818417394
96.7406247880175
97.82709888700406
96.11880787344062
95.50955699552503
95.0844935532789
91.94586935967088
91.07682546638242
86.56448880429423
84.76519819165563
87.88462160169486
86.66287847268403
87.18519799185256
84.79476644168103
82.9818251301785
79.71592431763618
80.62979895552127
77.51947522054388
77.48283140929502
78.75517761272786
79.3879475447827
75.73288810875108
75.41023308848379
76.05876719105524
76.18327318468263
77.94622813149431
77.52040411943663
78.0591176637285
76.88799632946596
76.0027943918544
76.01122725407433
78.66589058933333
81.75542037332623
81.20327952896038
82.353145955165
81.47968383065904
80.06617690183452
77.9737055888468
77.23180490895946
78.72529135125322
80.70459275856983
79.61217384021765
82.55075875594044
83.86954915876909
81.12762266190634
80.87447108286501
79.49513752976583
76.24875440604987
72.84354011667806
73.50950740250708
69.8304647205865
72.97699268966409
73.64291873752543
76.56555976923697
77.95911397614714
77.94483713149222
78.0557499783722
81.15455327473944
84.09915855686536
86.71811705137614
86.61097174791378
88.40334405813357
88.31521703146115
84.08643238756477
83.67650875970754
81.55225800720356
85.28229435106921
83.12981566852511
81.16380276574317
81.13255840541835
84.08490270858896
81.476962276463
80.43930434059948
79.2455615013711
80.0656493939126
80.3109192702997
80.8802450417918
77.21966732084366
78.35314838770525
79.32385846551652
79.42021406117905
77.82305934378417
74.33637860664423
74.35262911517869
75.22240417181443
76.48305457130998
74.70666849146555
74.72298523834228
74.74069972550771
77.48380291693711
79.38394757058505
82.45856928898213
81.82109991391188
82.03229830004064
85.52687794682626
84.01235932660579
83.99776049799809
81.45514932057496
78.86011080406027
75.646992932323
77.29264106394949
78.00218334907119
81.69830665011052
82.31951681164882
84.22147417772527
86.84055302953907
86.28582347997694
85.87528858956513
81.92107134529684
81.32620345236323
82.58232143136046
80.32085356888796
79.53824166655515
81.20515058173194
78.83342128839914
78.82553274678897
78.81478149311828
77.32109593207213
76.63692691844898
76.13603510503961
78.6577290222212
75.51537882106955
78.31602257220558
81.35244966865125
78.18649085810205
78.78848367468458
81.86647600445195
85.87547469246974
85.13740135549584
85.56412363984745
85.08532505960076
82.841408403527
81.30858829526805
79.77593483736982
76.3268618500285
76.68065033449905
77.76027905959192
78.48389903765994
81.28920480771168
81.62485540305941
83.67515222908791
83.76247190751343
85.88346986653436
86.67607517403643
88.83208145992091
86.63440648514658
84.31564004232358
88.47815196337555
90.0966580457011
93.18959843690898
95.26965305166405
91.68836045911853
95.48510013974553
94.1728438317676
93.16371443682115
91.37499273401495
90.08773811297463
87.67476358478159
85.00715623201242
86.93481608659458
86.16970576682507
82.0579277685051
82.26114784865582
82.17893155716203
85.12888751908761
85.19371943314138
85.81651746026907
81.73711284697299
83.36896766612372
83.92192290646611
87.94970874332476
87.93396917636305
88.23183223841649
89.66952429191355
89.80025868962439
89.58952099292412
87.60561552838203
85.97361768144866
86.64634698124755
87.92643625935891
90.52455476929624
88.47257818342868
88.6345174789844
88.66911719066361
88.95726417424376
89.0792423891081
89.8366624758929
91.27188243511422
90.31372230125284
92.72791476542274
92.09572955034425
95.34646049765036
98.17349401276267
94.4999263317745
94.25587783294388
94.94055554246037
95.15532948225373
95.91704022848353
98.51606234383661
98.60786124863208
94.78476517177839
97.65443290911581
95.05102627377087
91.28732040276834
90.17146809065046
90.18900328031064
89.70401879837807
88.87113976746822
87.93018239343104
88.90433702433165
88.93053497236696
88.48223518704363
90.07683864679142
88.10296853477367
89.88169316675129
91.90610824787532
87.69124063541727
87.52366879513953
87.39742397579357
90.48093459983868
91.53659258914026
91.23470584105326
92.07073584808322
94.52269212183967
90.36576084047901
92.10868477633238
87.862799355794
87.94476684516023
87.54320179706512
89.52473179438604
91.59429098532824
87.90365879394209
88.35537922948599
88.68829026780837
89.58459953486575
89.71449774914768
89.83944895611162
94.16674722502653
90.4791073076429
91.79297670113962
90.58327476081745
89.3489167531208
90.7714270032824
89.26978044076175
91.65241175738714
95.93627227308185
93.2994601730474
93.45364078158009
94.41430724937601
95.03117103928055
97.01728179662464
97.40562618326226
95.05240664183623
95.08567035302156
99.77634622253446
99.71646080446591
97.47006988880327
99.84203569073902
104.82646317557817
106.57554486459807
107.62649115509876
107.43638336134603
102.59739488285638
106.54478671274246
110.06479310574163
104.93143373601568
102.38246805914093
100.56694882514492
96.56766688854603
96.3558784391706
97.96151225183478
95.00088248435891
91.55803164718256
92.35714506079435
96.73878998771352
97.89086119169652
96.48982057371647
96.66543057911893
92.7284315534991
91.60320177650001
93.07328591879798
93.22907794351201
93.9051874134212
96.19470579278583
99.00118028467516
103.4381352440992
102.63295394623982
104.9551581689063
109.38309626531269
109.49148568719298
112.21376201946245
110.37479011944521
107.9203080307039
107.16908833588252
110.302064755742
110.76913395436453
108.0991606564803
106.90313838180512
106.43722119958468
104.72559157654794
101.3604106134699
96.58547466633212
99.52363875948727
95.09860244552985
93.66781136619645
92.93480725291137
93.80629446931266
96.25116282813603
97.00921807899697
97.07772720120163
94.47146258290712
95.66514103585315
96.53371362520019
97.7622771646831
98.9443021091902
98.79054510113124
102.97443663020692
102.81203483851598
103.22016259076062
101.92377191764189
106.02799679137435
106.60511757179138
106.54989837729057
103.91569227154484
99.85704946188004
99.47037691561171
98.20442684305678
98.09246718403173
96.37202412078426
98.62437158807441
94.12537544339797
96.0427344275332
100.69378083914873
96.27897374767083
98.59101115346887
103.02406980725921
103.05036124928769
107.73747968979177
107.52138040450471
104.58748507296161
101.92320724685047
105.95163689708788
108.93732184060386
104.54985945766941
107.58974790247477
108.1450180787563
111.86954558971068
111.56004812623084
113.6674609195273
112.20514458724145
108.5710257271372
105.68503911189222
102.04774505548752
100.33515768496214
99.0000413899887
102.3084527250027
100.36977267622719
101.65333859003296
98.1764290674358
94.05338039244107
97.96649051779796
97.90699964813948
98.2139526668299
103.0711651660544
103.55566515844531
104.82244965507736
105.11249891085038
107.34951107150964
102.82977327912714
102.92087903391638
104.46932483021908
103.28945838417657
103.31255573173377
107.7743255197786
108.93174848376812
110.2055118405949
108.70379938968632
108.44325039051607
110.49674354217383
108.70692422625876
104.03329733179764
101.64469332573695
104.79357574633518
101.94946276324264
97.46638865980754
102.15002668160193
99.72125758865185
98.96007971609181
99.10452388375674
98.00777276020852
97.89013623680694
97.65499458491284
97.46004672137484
97.55404426321553
97.62521320001298
96.85201737303947
99.65378769154965
100.33623080463582
100.25978767165212
100.35167335495244
100.56499234139959
102.93524107997656
105.12171595914717
103.68222095287678
105.17977047964115
104.21428243355143
102.65405981219112
105.2812214005268
107.18821833121926
102.57742332078995
101.65273018815732
105.77556582220606
101.6112785725463
97.33730049892849
93.40274619149764
93.53156745119648
97.18803525315512
95.57583996507971
100.31321876621699
102.59500399092516
102.9826307481602
100.10651224288142
100.3931932521833
98.96072417475715
94.91849414980356
93.92942744131425
98.37951162343373
96.73492859781821
97.21862787120223
100.0978353882106
99.21691143788695
101.61073981200094
98.57817323212157
94.40649119687288
92.4091649948842
93.88655131746407
94.00551969030948
96.16743516994059
98.70931194818061
98.25450026407036
94.7286695332297
94.20811829088434
98.33933585988062
99.65297938622206
102.15785763825474
101.77252867933679
97.59591764518066
97.7477163732786
98.15630612902035
101.65399035640998
100.16137474811248
100.20779914315219
97.59232425085533
99.30990605311707
94.78966979894768
96.48034339223571
96.76206998036143
93.33221247015747
95.50382250386103
99.42133387325941
99.77224704479502
103.12031708355153
103.18963224352966
101.64902111436398
104.36679673621595
100.92481417867734
104.03174656275031
103.48337628285576
104.25760649090141
105.83092590288219
110.65595933763285
114.81411097387256
115.63954163796441
115.38554404178058
113.84583500573643
112.90140910709056
112.05651134661953
110.68821776416561
110.33148528257861
106.40867979176936
106.42094273671893
103.74239487186894
103.42990780096929
102.76369753224314
106.25355036813342
102.48754294487502
102.44774181144061
102.76057907991014
106.45492832040598
106.23772094217954
105.67026585542466
105.56487754512116
102.11904835789272
102.7960601706664
102.00689466046825
105.89790826487466
102.24726800693242
102.04415030441949
106.30690221422623
106.27388577670179
