6 0 0.0 1.6778137220971263 3903.5953902024644 1.3
111.94414697011538 106.50144950309594
108.20106644366943
109.3685356225339
113.01649934697772
113.56361115503076
113.98013780054609
109.30129282479355
111.38818911454572
115.24331957764613
116.27250164586643
116.46362556563217
118.28559694081882
118.53912936349036
119.4966268266035
116.07460101222463
115.04857879767992
118.77679994945642
114.59137224981257
117.4301310835438
117.85017328594908
117.56283727195273
122.54484719508555
125.64848558419622
125.66336370940088
131.82050124537398
131.69030242036786
131.33770668902125
130.08013909463526
128.62027852923993
130.2171620588897
127.15355667678432
127.13029016052813
125.67594894490604
130.7174294546442
126.97209098874872
122.98239494431044
120.88212859343189
124.69829461723184
126.19797740236281
127.85010917036075
127.06493143513572
122.11600363362217
116.65675409024794
114.85990621363253
118.82327757483485
117.97266608896312
117.91001526505644
117.94107572484837
117.00610222325129
113.24531602137621
113.37000970322963
118.14873447192716
112.77238660479537
118.0088678729086
116.1177786696329
112.73040533016288
110.48221946701004
113.28284626805014
109.49922997746904
107.34050611897956
107.5867997619388
110.61688675563859
112.84589205311966
112.82980584288883
112.90731450210019
111.09945251296438
113.56620975559531
115.0673343920464
117.5014031959174
112.87406113759248
112.8902870125249
109.93676463231431
108.92835018886743
113.5919309342201
113.69447323013023
113.73234036967982
114.02501867498766
111.28745836141108
111.09145725661514
107.59162922122017
108.66344704907291
109.3477003911862
114.67101336939656
117.17970127576122
114.97885240726559
114.47267139344846
115.68376170328429
113.9352860449808
111.23706431941878
113.14010040556033
115.73358642571472
117.62294714158088
120.30836984426979
120.26993592836595
122.64159068360362
117.8684710784933
117.67761467780002
121.48824403141795
121.09216791808484
121.74781682646554
119.53329915653366
124.42259131235954
123.25832783708798
119.7329931141717
122.17742520797265
122.26236534346674
122.30880710004965
127.01220677884452
122.77826954072556
121.1292509064106
125.93517755629476
120.02410087259504
116.12249285919029
115.28688115270424
114.51899760862524
114.63772320944507
110.11196874162341
107.43418393225048
107.58070530170663
106.90997349034292
106.07930613531414
107.18982122153801
109.5431142280778
110.68175163742733
109.76531321539339
108.49119679185975
111.24728960132744
107.19629133183832
110.73813980817152
111.30053705760734
112.51941289279384
112.35829644005662
111.76795427970964
106.25778298657931
110.27989329144114
114.65268282528149
118.449129515809
120.46090625919068
122.2736348566093
128.21806274377388
129.82563734766475
125.89256288105722
122.69256667718138
122.59034991994606
122.50148842756153
127.23890433958387
122.37895120581794
126.76996143349768
126.68769173829261
126.3311607721407
120.96774472567002
116.76901386004023
119.2112365959159
114.15160667596994
115.48419655131585
116.31629778359294
119.7420724000481
115.3703868097607
115.79985085712467
118.68510700360027
122.16305537050347
120.90158800748881
124.35553161741046
119.32192778789323
119.12126912393653
121.9530647040667
123.61541771006202
122.87704139465231
124.02353936335747
125.229852532643
123.58803807060798
122.28200177070279
121.10283781330452
123.70664015078582
118.09872878474259
118.11557675148826
118.77707359273323
119.11350166939097
119.99247001237572
119.46927441170065
125.19538708043699
119.79736152646018
119.65058389204377
117.96484284602252
123.42782803777156
128.82701832843298
134.5126535927293
133.87977109446598
133.01378167788508
128.01796779954338
126.59025788247932
122.49843513326218
121.49943204387377
121.79142567358754
120.95527680125703
124.68939902973231
123.34550345158209
121.16345929202932
121.77196697029471
121.806918973506
124.1904750772106
129.85335743609028
130.4514409907973
129.05199219765933
127.40574581243857
127.34492115443808
132.5243683899796
131.87914281466783
134.89480608905106
129.2799641937165
126.50778211588707
125.98116838679604
124.18747527285197
123.74695491031555
119.93993258596545
114.82857459026387
112.9887902818506
117.61667432416908
120.11611533291234
119.57109114770132
116.59503183928317
111.41191042240888
111.26585197434599
110.95147114867981
110.23155544519835
110.27145379651273
110.23392781578443
115.26146201017045
117.52421082142196
113.20638990364695
112.28673856176577
113.19645610665046
114.03881265432193
116.37552357367508
115.63013831720701
119.85966984284822
120.99706002568281
121.46245016566645
122.80040603646952
125.47224017689044
124.85006923222305
130.70959864907212
127.0602434019487
125.8657784947146
125.75618954910058
120.86479368561689
115.80820859222611
112.78882973381492
110.82065157784011
110.75126517201983
105.79767268407909
104.2559088269368
104.89467574380033
103.48736851818933
104.20758706633666
105.76736983860948
105.8980048647679
101.95627004143137
102.13923759786421
100.51287485849348
102.32931262001496
98.4673757778177
96.65116446648896
98.69245430847603
103.22305793777075
102.64687183397264
100.332772415705
100.16173922390803
103.81510472973348
103.83878104211924
103.59273179500887
106.51719935393587
103.96338660781892
105.6211227363777
105.51959937886474
105.79418908544463
108.83712854855158
106.81339220979827
102.0092750060233
101.59121786065741
103.94449684779458
108.58556214676592
108.48239645464432
106.31007551502111
106.32360925125649
104.92002343411919
107.92750509340945
105.41285390219733
100.34518471291521
96.93900689833201
98.2572126420702
98.64909783985924
95.41096178217764
99.02311532871673
100.65192478470527
103.22963951643321
105.52985927816202
110.01026986248274
108.96901835068273
104.28891588337251
100.72078508196442
102.13429331659478
102.0988772427683
102.23299129957249
102.22253886128225
101.44406712366795
100.69767840325474
100.78436805262584
99.12671153699294
98.74437893315536
97.48104584734334
97.65484449249848
96.64428753990197
95.82500457015486
94.52194506083877
92.01342536558887
92.71914308494432
92.64516161740121
92.25914078846677
89.40282669748854
91.2578689830027
89.0148259417586
90.62983700365696
93.50159359067376
93.2150241699789
94.77924327020537
96.09678688178711
96.25799808072817
97.52612898124987
95.7735236967255
99.4322291752589
102.54801214551341
104.63092447997619
104.8187171889405
106.72511099023798
111.47734360904157
108.92595597973302
106.59625673473488
105.74541093176487
108.3083632107957
105.22094612468521
103.26654510696973
103.33917905855404
99.71093614558362
98.76156640538633
95.51738972715997
94.78832338043131
91.15735398824347
91.84007016297872
95.78471588983972
94.98806623370544
97.50253158402371
97.28263331142055
92.52963298089574
93.56744718519636
93.54149763235375
93.51647155196632
92.32005450347751
91.1739078571537
90.07056157731658
88.71170813558604
92.19302746058518
89.07268864714455
89.70328546607871
89.94716753680788
90.9764294433733
89.43856977812347
90.73558376130613
93.9574873706556
93.89535323968117
98.54743087784718
98.03593615840809
102.28109199270274
105.51879623182272
105.10036831143097
104.77796911401926
108.99497119713534
106.96313238464442
103.89735539283451
103.4212406688275
101.77147121506168
98.75775431922297
100.23904047072364
102.75426564995419
100.95928458204827
102.38814852396517
105.93750355002102
104.24935986367882
101.79288874413065
101.28568616056724
101.72097931835404
102.48501310204725
101.15600205415154
106.1361428172489
101.26091661720811
103.36223567355148
102.49317472377089
102.5836895268344
102.56303738861736
102.5999603386136
102.86088569492021
103.76008851016609
102.9879858997725
103.17764471740306
102.90451180191715
102.67795162922864
103.97700598197862
108.69869618745494
103.37684856371295
98.32639764257462
98.4770276099573
97.00972082465854
97.94835713571227
98.47900331886274
99.5488962123455
102.08104812255684
100.10421764106779
99.43824283655506
101.05930763302749
97.13046234212777
92.55446294114384
89.20661959626074
91.83793594217619
91.92803699391477
91.94031019557536
93.26252340314583
88.62699814345707
91.54253202605479
87.35370758761543
88.12525184220657
89.64699681714184
93.82463397232371
94.2145514523021
90.87186608605555
88.34726543653866
92.54952100200134
93.50875704271652
93.56135140160401
91.04000843795951
94.88716767440565
95.40841006830163
93.65353179771539
94.91715289371153
94.89885210729015
93.04799297796322
91.73756537052746
91.27559574337894
87.2960707315762
86.43350962318642
83.91504178068948
80.35044031251068
82.99930696515892
82.83053382846559
82.98440853533297
82.97473263413747
83.0138828313422
82.58395011195839
81.92879569408787
84.88128402969735
84.8715578487011
84.97259425493955
85.99534124896468
82.00394284594262
84.47739085291735
83.37658607891649
81.12142125813091
81.38210593431792
79.10942949358285
81.76562838159069
84.11086947258379
82.65094018535835
85.24081187449356
87.78704842071174
83.87727316546184
87.40925188128222
89.36829456377569
89.3359064404301
86.63690263253812
82.72886407375874
82.64502119249566
78.6057803066395
81.05801520995
78.80085610390823
75.81243572323007
73.27072716276751
73.18922977894876
70.73960449321751
68.18450621673173
68.63456367020143
66.83122425284591
69.88294309230199
72.03410417310235
72.82425636693449
73.86829672895347
72.8838292831424
73.32916271485031
75.36828832535353
73.81051248089405
75.44035026077366
78.5427157077952
76.78036165194074
76.20102997674981
73.3208503030572
69.92947568097807
72.13335110415744
72.41397955075833
72.51980647829289
71.13828932232524
68.95939608333933
70.4685502299942
70.62205327877034
71.92187203656316
75.05929769991683
77.29332267922881
80.31146245559147
82.03518971613688
82.44172373400504
82.28245876893826
84.10943235756427
80.7261107738899
80.24096342245669
80.5337041939266
78.88484034480744
78.75466769775448
78.65660748727127
78.94366783490942
76.68540215526573
75.49764205537582
72.01497997408867
72.36821186824724
73.92079318083366
73.07656612392155
75.18424400442436
75.13672613386035
77.60834850673261
77.38951993127422
73.80784502056721
76.60207225530898
76.65956592301211
77.40773127084425
77.08359067827662
76.36432941531
77.29734815217951
76.45005796317338
76.46196219856628
76.99895342864843
79.13803295627977
76.24930718926844
73.84547313113318
71.48796077587637
70.34944040307927
73.50139796908941
75.24620275149533
75.36370698396539
73.78936113558484
70.59795574470178
71.71713411741001
69.64165936097
69.78165481190976
72.10193523103233
73.39952479643014
76.09209261215112
73.87584117833818
75.5638206514616
74.01731731485685
75.31144445663807
75.3447066832116
77.14033170208161
77.12013010161608
79.4145380402401
78.33052804423379
78.18399851585723
75.29663318725326
75.00536752589296
75.19125430960422
73.42906144946669
72.9326050515649
72.68883439649896
73.06379337870891
69.92821443492419
70.65633968549761
68.2631301651702
67.84146316124415
69.27326976320354
68.32620284561919
68.5076202499028
68.71715084944965
67.60799040658145
70.6560199155261
70.62467379573704
68.96057189206206
65.66914217221814
66.84454995532019
67.48604651189578
68.03661908311513
70.74158550818686
70.96615827346885
68.67212421009435
69.8242394302226
69.59893238361978
71.83684881019582
72.17795634424606
73.97806248164561
73.78033620049038
77.07079619427807
77.89524146476523
79.68162787995088
83.09684185770746
83.04958837627805
83.83662776788553
81.69963048229448
82.93074544479842
79.09261251519357
77.22082242992786
76.67625564311142
78.82741419822113
79.30760952830299
79.31555164757255
77.72371024333933
78.25456086368625
78.80827869994653
82.44444857218878
78.38038023933939
78.53019236056015
81.70694456072886
79.57716147426255
77.94469446828991
76.57446083209024
77.01231181880226
73.52694677334952
73.38236084370904
73.70840390036528
71.1541135482606
71.24504888902803
71.64007961189874
72.63784569422756
73.90355430681757
76.09512139611013
78.32785138026743
79.85827059664392
79.84368158263041
75.99593186288801
76.01686842353008
72.35769892633905
74.69105462554384
74.97153366635474
71.56742360114607
71.38092306838331
67.97061991441481
69.70218077222167
70.05489216487278
70.66311983141455
67.21114765945195
67.99790211041469
67.6711538034995
69.8869430208205
71.07528440948575
72.35233657100966
72.56606081467876
72.28137591321493
73.22617067393737
75.10853725856246
74.91716887531736
75.40805971777786
73.30989381271843
72.05495091849797
72.36506927511628
71.51474675582855
68.42615211652519
68.69660663588998
65.4349115913068
65.59277523046038
67.2894774570596
65.0192534807467
65.1679376959579
63.12843263226888
63.48837585130036
66.19285653557934
67.16425562154754
67.75178951984391
67.85415019534595
67.22271254693959
67.60159037463154
67.00203757807054
66.21468195698063
65.67554171294202
66.07469343286098
66.05237318840977
66.22723486003233
65.6274569335445
65.24256597936699
67.13125073176965
69.10623535351728
71.13172726088332
68.93426380766738
67.46753329229946
65.56772162116599
68.27387654438631
69.13245881517359
68.46770803097553
71.69490354138205
68.24017576912924
68.37095534246212
68.95116002508344
67.57145870168443
67.88495598579762
66.1252670393894
68.79008552359439
69.83878230592767
69.4364141609248
71.04788995157355
68.09070972289338
67.72304880025958
67.02679181249165
67.19938741726857
64.9866209197263
64.99592304948726
65.00769355569685
66.60057948666201
66.95601241753137
67.40806200536021
70.45330033399496
70.50237494848875
70.56271310237565
73.63292809351766
71.66561066384112
69.50747173716464
69.30053939506708
71.67247680111879
68.63769084873584
68.60743802089453
67.89289492749464
67.5852205456982
66.89614265069854
66.8756239249159
67.24375498191993
67.17630758617908
67.15982670758127
66.6858275263759
65.38197808057392
64.13519770221711
62.92392592424949
61.37948302843852
61.88612058381652
64.22087286891174
64.96518835868922
67.72611142188033
68.841497574378
66.72390435787554
69.42798143027817
71.04470604904199
70.40774283749383
68.631693120479
71.83563198108705
70.01706057076383
70.44745176465146
71.22148657225311
73.73667413533454
77.06217039306965
77.0522059002948
75.89282571904124
75.51694786288013
75.1790237972555
72.28307142904124
74.0123209862913
73.35257548228466
73.18485136105369
73.41774175201944
76.61246417676549
78.10608299215522
77.39100324939267
76.74868995086891
73.8617170535441
74.00803699107026
74.0229752959839
76.71587061348389
76.7817324540154
79.41470140012149
80.40075507426857
79.23494620403869
79.14458188632602
76.75356060217483
77.22713769370299
74.6480066295775
78.3765066789241
79.1077547214135
77.98643712348571
78.09132916449174
75.94149209206745
78.84462985619224
80.35073210290943
77.95259181187585
80.83573048296248
79.35020231923532
80.7826948539443
79.9556146186798
79.56392185598611
76.02474108487998
75.62379101525
78.03057674267295
77.99334541810461
79.45123170844265
78.9594595943261
76.72770196811493
76.36869388960234
79.28796687293539
77.50695485498125
74.2229443046825
74.6226555511059
73.9579084836107
74.13443626800581
71.2061717777513
72.59008141205123
71.44960439320157
74.72357966826424
74.16231799047283
74.92076759422564
75.97433065880145
72.63064562185183
74.91505537807281
73.19993387273645
73.36628312995167
73.39219288722076
73.85089043607947
74.46124143083543
74.34068995981721
71.64483052391688
72.40348529595438
73.10726029868304
72.87159933387525
75.79498763173203
76.81088642746828
78.32033541704395
76.31400558502932
78.07661081481076
80.53079099697167
80.52091458077552
84.35790269129248
85.77062432732117
86.53345844146914
86.37881402717801
86.40040499744485
86.81221046980436
87.91989998580077
90.55525067400868
91.8596312114131
88.90774038660732
88.66290766635358
86.95282955484298
86.6550036185296
90.47536381522235
89.15890803454047
89.25935767881309
91.2821874460264
90.9325649610279
90.55296488592218
87.01401593364517
90.39644137801672
87.12344130389124
86.97841441012011
83.71160326501759
83.70317972385511
80.09014868515337
81.77446295774357
84.78873397544423
83.62114602447588
87.44008416179142
87.4811777189978
83.55767172968302
84.22751492546266
83.53629132642583
86.7849364381107
89.85289206158025
90.2847577167482
92.89473923542273
92.66626998772205
89.98203272643615
85.89741983800243
84.75548172682927
84.48096682257415
84.69976543791567
81.5782116245037
82.14420553840381
85.75280865425101
84.49287897663413
84.54303038321207
86.96235235331717
91.19244913406901
93.10237919724162
96.67546924066899
96.76764800810406
97.69249989903219
94.9407494832947
93.0514387582815
96.95495559706214
94.33732195309344
96.50780337602872
96.42749440352254
96.14370663664295
94.18821461596073
90.48735781097395
86.5905774500183
86.94419297439931
87.09931907461693
85.0512695931415
88.61935865725799
89.38661078141158
89.5712261671804
90.1045468679008
91.48584932130753
91.76355613991285
92.43581461591793
89.07584425509494
92.80554519650504
92.7218831922739
95.76123230483785
98.29779234044544
97.36964270117582
100.51246141538289
97.41196179265157
101.93093374354058
102.48886133873533
105.6506918260736
106.91399575351024
102.46956881759512
100.25689807093734
98.6803674425905
98.01968734607513
96.30905034565033
94.94055773511252
91.34015996925243
87.01815104315017
88.67667799829476
85.75376873979297
85.3944652289976
86.94904299670718
88.3845642314857
88.76360759130856
89.73484725595424
93.6103619793284
93.94841638585139
92.99041369505979
96.79213454380711
96.80191173534324
96.84501354649886
94.54578997002666
94.56135347919486
97.67739800227505
100.90687811145345
96.36559896896938
97.07827792060678
96.73941595426636
98.74414852329559
94.8623870445924
96.88231044731164
101.22090696557521
102.84939613827645
102.44267448434779
99.88232006138031
99.81841427894902
100.53767531053869
100.07749146435447
104.28956107829612
107.72785406319434
107.82414603864474
107.10317094587724
108.6856467462748
109.33075946342242
110.29428625463672
110.8232118492491
111.02588646129075
106.81402611779983
108.65430936661797
103.96581053898552
102.63569384702949
102.42143278340461
102.69181871493146
104.68662330072496
107.33166988837712
107.6839290687153
106.56695560529272
106.95104074387758
107.63261872778243
102.35544531208346
102.9047350701183
107.50154272022448
112.47690805115639
112.49482846423068
107.51799644215981
104.72256935279295
104.75674945622183
106.65335329109391
104.29232056808974
104.31972298159866
105.15153124928507
105.16272351657193
103.94353756146623
106.72834851721055
109.64843522132024
109.84540138831932
114.53852244855081
119.87272106845577
119.21006970636012
119.22365644401384
123.93306263721334
119.23250696300443
119.88959229806575
122.9858144984615
128.08384916862843
124.71375065460948
121.43817470862518
117.81099344269718
116.2684493176987
116.00495242876916
114.23111856491417
113.8449285733368
109.88827534137378
112.9158243658783
117.88906719512346
117.84925380277616
114.55067472230179
117.43654189673076
117.40007753203685
122.78145492378387
120.38559517611392
116.89620930415805
116.31859051242401
113.04105835500638
115.01920525731107
114.87422664705058
113.15070970612712
116.19570267864886
112.60400914390901
114.17409587251758
108.66918717328966
108.31504293986738
111.0682483636158
112.9460525187761
107.41092736674332
103.48585274942651
103.30782462272536
100.3260558373752
104.65644109356568
108.13218975698123
103.2884078739482
103.30829588372441
101.80755833350715
102.07083213518226
102.38704657032832
102.48159765415359
103.46488035482022
107.30071940106765
107.440844412116
105.84183466137182
105.8631396154509
101.73858579008738
104.84402914473763
108.48833449785175
108.49944260578064
112.45879571976289
116.26072880589939
120.06697316534856
125.48641090140583
125.90405616731915
128.1403152837529
126.96051005081677
127.22779020801622
126.31296110863926
128.39198726090575
127.58683008584046
125.54059809351074
125.07852819392161
124.59593014588673
124.57823119585346
121.76597154774005
121.4273904910517
127.0167295295973
127.40022225155097
127.41944826115832
124.44842059971926
123.68346635247593
124.32230817143036
124.86130451403606
127.78897386317158
125.90410723888222
121.97743038143028
121.02703750650312
125.18753945217286
125.16811994792117
130.073795858776
133.64856178917913
133.88222788367503
138.90323835471844
143.4504006407819
143.87698076896268
148.49853661339932
146.0948659948035
144.4501784812877
150.11063506253538
142.78709864504233
141.31768634417625
144.67966474332218
139.54534641386516
139.9599629523013
141.932174379064
139.64520178143312
138.82948914747647
139.22505944910307
142.09517374804574
147.04707533304116
142.958885216444
143.3925083193129
143.37503126042634
142.8010372363321
147.19265109171133
148.05764409085688
146.3891524367186
146.5935733782794
147.58298159559422
151.32834231449178
145.99768785161353
145.34775500289481
147.74586726777522
149.23995548558162
145.31077444130634
139.30952738126157
145.8776689057025
144.1498642799791
145.47664769621431
147.39667568067904
146.05922469632102
149.43156200253
149.48863763948722
146.65954282122595
143.41641438094175
142.1179003647116
142.97701392452007
143.5054307373252
148.01486576114772
147.65881693040916
148.4240095220076
148.55341877091197
141.94003936597974
147.2256285602777
146.6510435719028
147.73811397131695
153.95714052485678
154.63676653573884
157.0480877285172
158.20612279939803
158.90310782341854
158.09386498127225
157.71974058551874
155.1602364852566
151.00487012185954
148.30013283996715
149.52917207378468
149.34063656507388
147.42642088167725
148.28582458582235
148.60939399594676
150.18739097237287
150.5801061124814
148.86221814200164
148.07999152780107
145.43585285839578
142.98360560279872
144.07960553582342
145.32015479442092
152.15988736128077
151.9026332573961
153.42987144252123
160.09555121430498
160.26502431811411
159.5867312555352
159.11408750100819
155.37433359641142
160.89264569782594
156.38464991520786
149.88889965340493
149.7427957812712
148.38487044846158
149.46444252122353
151.31943840398444
150.65945801723748
148.16343970218787
149.28339931116867
148.10055087365572
152.3342629345029
152.13552393344656
157.99524105377287
161.9922898926692
157.4037162863055
153.57913385373232
157.17828030845172
164.89734701542116
164.6177813338335
157.65995236199348
150.56244798901358
149.0528521043709
146.47173360581144
150.6126161965331
153.53078791394105
151.54954734441353
147.5005296557416
147.22632808083486
141.95735266736682
140.16328224165252
145.8762580395797
144.80645409463008
149.50921737586086
145.43664603614067
142.7884552393925
142.8963240963932
141.62186521206647
139.28234778392996
143.05530836393137
135.98181429949062
138.84145246599758
142.68709280674312
142.7360080958017
140.42584142072954
142.2671535543803
140.20876749587418
140.1323018460964
142.67975711635816
137.89710563650874
138.36032467137352
136.82574224267802
141.9759042233597
147.136751993256
150.692040644252
144.97994371028642
149.24799350125699
149.16863890823828
142.67501201608528
143.0459247063639
148.4500923094171
145.17009339893985
144.67029792259945
147.08098903416243
146.29377990072243
141.33233394537487
142.78670614039214
144.57742249429037
148.72749692063516
144.78040626099002
145.48922183649287
143.44664274636582
148.087292323794
148.1077946760512
143.53216593909832
145.47504353045454
145.4353365750655
144.35700394219774
143.7025312421662
142.5281197763974
142.99145218643534
141.4354107386037
141.57250876242503
146.6456000691445
149.6346465516647
144.57989264460983
144.73706998317567
144.47152285208986
140.40858921711293
141.37187999748377
137.59622711212387
139.07000835874177
134.93276941785413
136.58809693408227
136.78652045720114
141.65029263714945
142.72994013396556
143.4317423133062
142.64686462988908
143.88533840525173
137.63272432563292
133.32317503768232
139.69824721661297
140.70938986715225
143.5765527427969
143.47949340122236
141.28858807690904
140.95441488903305
138.9243878044155
137.57402783794362
140.2806679217095
136.68039885587336
137.9574904601904
135.62268868856742
136.8114753591161
135.46797228140306
134.1576392948687
133.27340515310527
139.72865948503397
135.67222190087247
131.48933991395623
131.83196499789082
131.12238136136463
129.0703819596079
127.2605766325838
129.3613436285162
129.09838723011532
129.11643099772198
134.29777968950376
140.2244292726642
143.10205575228215
139.8255168623354
144.52878980043826
150.67432148512032
153.3296145480203
159.3514297886161
161.5488180690597
166.5349207924607
166.6228129961028
172.70566296611975
170.00486717412548
167.7755726217763
169.49256977169884
164.95224525082025
159.28720177478442
158.79341991662045
151.90289972901346
147.82293244911367
144.0424388017409
143.65585475450774
144.24467062919146
150.0628487302624
150.04312123652343
152.70034090557925
160.07556995268277
165.4946155990656
162.11285848094468
159.34967209775982
153.87741513016414
153.68739462308335
154.83528659868512
148.38796464490545
153.34493273590377
149.753091541069
148.71458970404768
142.85502125948858
142.65026141482812
145.23648468135175
150.48773194759934
154.00805859626067
160.31519050411967
157.23001364526493
156.03204527461423
155.1011805721314
153.84541433372425
160.0033148653578
162.91982858497585
159.49687489769445
152.71163201339579
153.71069298820913
153.66330410202428
153.23769816750686
153.15893012172123
151.99264964963442
154.49178660056756
150.49891647894228
149.4535687669394
154.31044890675193
154.2591121060951
157.51031390839515
149.6350592548666
156.15440098950293
154.21196799175624
154.10375300198572
146.59472055639006
146.5775811985381
141.5754576022051
143.05054496722906
143.09790254007098
147.22641020426292
139.97577405040315
145.1265681827518
145.57917077446007
151.91683799152653
150.9055217538223
156.0609290599303
156.26019326521504
153.2143377569588
157.1089276762752
158.8276843701622
164.82267869373783
164.80528924987388
165.84624650153776
159.0356605042939
165.22472765404677
164.19629474505805
165.72041171671108
172.46735565972998
168.77446723463666
166.71943090391008
166.54550815494775
158.5544948022796
151.63478001814266
150.49781791256882
149.27764043590744
