0 0.0
81.69380633393688 81.84688173789947
81.7325031892354
84.82082913959614
84.882040129805
81.8029096804297
85.75501906688456
83.95578150830312
86.3601868299484
90.22775264580596
90.76124405140152
94.08113034156928
92.81697731072519
92.29496519808013
95.01852626257444
97.74032766080349
97.72551300988026
101.50728800592066
98.1707517577616
98.18380263119074
100.04611219933126
97.58020201701298
93.6145417050974
92.87212921708739
93.42916862014968
91.52195081137423
95.68857223838562
94.61529831759663
96.51902319333529
94.82383134619155
92.74193509369437
89.89465184136803
85.63559359502472
85.10946282623773
85.02962680112714
88.36923683426225
86.98513648092005
84.53059137071695
83.577158880785
85.09281387572129
84.90090355648991
85.48983572857131
86.22194527955966
88.64866053398235
88.3412253573309
89.6323405639708
91.38592842827354
95.70523640373192
94.94493161996007
93.97875615642246
94.91972269036133
91.69265705601318
91.72498257363625
87.17464922549746
86.80322956795175
89.81524127051867
92.55833024388997
91.37854366039713
90.56581781905051
94.41624505002179
91.60773971745688
88.95808078116264
90.12546310020535
90.09402533543688
91.04892013587582
87.07660645920535
86.84979217937327
90.26042668219145
89.0017282892018
89.42479184509801
86.2928727737199
86.37151929769483
87.89103387190288
92.11676271429087
91.30543445101874
92.03563073707357
93.01437095625127
93.36210936391798
97.90917107511882
94.94498926271518
94.56083830426049
99.2737278065614
98.52313921728447
98.33005567877002
96.75223458444887
100.30379385584357
95.70102182146236
95.71179684054516
95.38334252390847
94.81038186847499
95.60515329809778
92.81686290430711
97.06527907804076
97.05477360850617
99.33636910700959
98.86198981741339
96.95145583243836
96.80608596129036
92.97036311154581
94.35251080604955
95.49025272243016
95.32936983500394
95.35415197890967
99.02517035673795
101.03146731666551
103.26551094479005
105.91902016049322
104.07175571347383
101.1059961349719
100.76222972736082
100.70311623355147
97.52044319574503
93.16381270122776
92.47707698580223
91.6145357935525
91.83982599927428
89.64301426810792
86.08431008038012
87.08850165686454
87.02583233590227
87.04585049068415
85.3041854005604
85.17156399745417
85.2945343666374
88.21100778437062
91.60573774857538
90.65528807382164
92.58791561398613
90.94251583359457
91.0135352694201
91.97837568814857
93.65882734069436
90.98273171004142
93.08111366735318
90.71864804319553
92.89137564388237
93.02955581296479
95.90621894586889
94.91502735572824
91.61442752323471
94.06586101206419
94.46955638568532
95.67230521492553
92.26085640071823
88.36764847380134
84.25641845915581
80.94546330483199
82.43993221850478
82.98953730477308
81.16751500496441
83.06190876567908
84.57438590667994
82.30636637959901
82.31828768456384
82.88295302054686
82.30486386452804
84.29716828425511
83.46841404854669
85.0067059457371
85.36339499640509
81.93590737710981
81.80148872175644
82.03516063917452
84.9278838684429
84.83123548573064
85.03981022231207
85.92738036431615
85.84339282907787
82.58602958034788
85.23371844936008
86.17570847145178
84.29236686403863
84.89482124326871
88.3187369463242
91.93663519663905
91.48131509721549
95.51705985283824
94.86554316976449
99.43664492283459
102.40653143287697
102.06862821242412
106.30721878654597
103.76019789793966
108.81884681445433
107.88036103943675
105.89697500027242
107.96289055673714
111.31704908738301
114.4956227248799
111.50562040909533
111.35844609722237
116.51863207750654
116.50491767900695
121.64986121573386
125.7570973632934
129.41124777375185
135.43516317362622
135.23794586520205
134.46869307742298
135.45007314510838
134.88636157303637
135.1783042020137
129.8528522296193
125.29551089923902
123.18326456160537
125.90995889180525
131.38627819717195
130.02457557402482
126.46426060594068
124.78126518009336
124.4648060154075
122.94840262640022
126.56363165300104
126.45854521132932
121.91685639211194
118.44957470626302
118.47430503919634
118.58518789880605
113.31830292564803
113.32965577158981
113.50412580624528
117.21553707036132
122.38826587375871
119.82559769377862
114.73569552798845
118.36292215135575
119.23053433523653
115.52222739876036
111.96147479466704
112.77465460823385
113.88191104963806
110.37450097472674
114.25329688050263
118.84722067054888
117.77121191110265
112.07755833411616
106.56452813463709
108.2786927119681
111.7089243174998
109.54283499008478
113.8465630511476
117.18256869702962
114.77590793413475
109.72785238634049
109.49454327313391
104.88915096356978
100.39521288362018
95.88773121091583
94.23518426865614
96.97066371414456
101.53169912530386
100.11374191070828
101.7184362191171
103.1037204606576
103.6215505065576
106.15244547699888
102.69851552512866
102.715145002737
106.61468533643337
102.0090934641938
102.0238982246234
104.12811002872657
104.73326663029731
109.70744443486551
113.94603321130556
115.14356957094083
114.74836168192898
110.54658183776006
106.97851241256987
105.63032311356396
104.35326474526006
104.34277350151692
102.86762835956377
100.58601019720304
95.84828257986199
91.70862202113508
94.07299710924956
98.28217992874956
98.03474255308446
98.66724018799154
97.00276593681498
98.53257874052908
100.00928185037422
102.01978465022988
104.94726465994853
102.04489169226021
103.05076879213918
105.12942682225918
105.37663471739454
109.38991714169128
112.98385280643163
108.72055890099617
112.44668096655354
112.30405654518664
107.46982749515527
103.84927100409317
104.52496109807166
105.88870728752809
108.95876378377716
109.88404745537416
109.99469587076706
105.07544776216471
105.73775801652437
105.1571450112288
101.3127718703525
97.05591905541918
96.47428171353472
100.77768025219666
100.86486020527913
104.73957177689992
104.70333976518044
102.16554715616964
104.82446113923987
107.08709329160759
106.48972664748977
106.73263036238534
106.88201796044869
107.28491458890272
107.82598031263463
109.65910694136629
115.14595144855816
109.5678943599285
104.24770641653954
99.77351809107188
98.15865210071078
94.90850955889736
93.6592397191134
93.88842350604043
97.25835404647916
99.8601672875747
102.22299167324718
102.59619215573417
103.01038252770954
101.75348278004753
104.20888339272642
105.92487728774614
110.30261153078548
108.12762948881272
111.09426517787217
110.15880562856147
109.62205221875072
109.43154800648057
108.98070148094477
108.16389840220934
113.14118892260755
113.97233443304397
114.93654907377025
120.56337159852605
116.01647021385716
117.08496935060293
116.78035953492633
115.60697070988758
115.20901210185026
118.03348539962337
113.41507107710892
113.35827445916091
113.61085891832252
112.5216969204473
113.11763628343573
115.15420772851662
118.26227475084285
118.4887911759522
118.06685138049127
123.30841045360673
121.80943484120048
121.73013106492942
117.65475371786569
119.40625444317521
119.4498127994619
122.6227352577743
119.4905894505017
113.5222562272507
113.54085670679314
116.3328153192101
121.95151487884124
124.79349605368644
128.9664429596804
128.50673624261128
128.8961477343346
131.65389002990784
127.23096591778011
126.45383883795445
127.25754786923439
129.76863600287913
135.1381683788137
130.87174191445607
129.84052082185983
132.62867346020175
132.11500176605904
135.79336540370366
135.65368051619942
135.67049053379503
134.4116140970825
135.0578973906372
138.359457738331
138.94949797914313
133.21267708244972
132.94139743649558
132.88335839055372
133.43963784330083
132.80799769214562
132.61994063253675
132.86526422297922
130.66402285919102
129.97999457225703
125.84355069857546
119.7027968018953
116.05393032310111
114.19065522373548
113.90007338930995
112.33504701749733
112.96708910032474
114.63504827081489
116.00662911821588
117.22440206538613
117.24910536006956
119.2768301210161
119.46918149293154
121.4382905584258
125.02470095306
121.8449657051234
124.92502421543513
123.36432742817601
127.8627671303449
132.76100905672814
138.89838109290554
137.4784248276207
131.19446961023007
136.71175041041445
143.29059920387112
141.59959721687352
139.96277313943253
144.4413225196901
143.43095594857374
148.05725314929543
155.257666944768
162.88435678552625
162.38964057438284
164.75693138963405
156.97283843356297
153.06613600919744
148.7956047762923
144.0894893183233
143.40018592811126
139.9406801306548
140.30017895843142
141.8112415552702
135.62607372402013
137.88275080465317
144.53048010501044
141.17493112705498
141.0900811247333
136.66043206329775
137.14134400582532
133.05273486220443
136.56943903356466
136.22072760473657
134.56622672129015
133.21906879106965
135.72319941372334
131.04771033194012
129.78900961198215
129.74247306048522
132.57768663047844
133.3506900982261
137.24871684847554
139.7584577435056
137.4747892897104
131.79464795954803
132.90580768738502
129.54851638129549
128.7662941699868
125.773903668203
125.79113777791187
130.81675906248572
131.6749240439125
126.92289440555061
132.98590431249664
132.7510893349889
135.43472466127494
138.32949619126433
140.7400605782762
142.25973907676715
137.27176053682317
131.28609900563103
131.41522527064768
131.69402157228257
129.8862957485524
130.1715831302747
127.78701981303524
129.16948199934185
135.00542176772396
133.91851415954653
136.46285777385776
138.16318866701465
131.5003140790981
132.83359953852028
135.16356383211587
135.52053129406357
135.79374506489455
130.66081367332865
127.5341707815777
122.6839883389215
121.9289986746838
121.95650356897568
123.16245962620141
123.18015803306896
123.86638492108717
125.9029811137465
123.10969753237292
127.83523265526223
127.63269867424243
127.6184082826453
123.84698680864854
126.48147454893392
120.30053260062759
118.68817679663123
123.14967443131636
117.00782230793138
113.34359714141051
115.77484872093217
116.39661435944258
115.05909917187363
110.79708542348327
107.29171622172335
104.04892996252198
102.85199777616292
102.90568568879121
105.02867780449685
108.65253401358466
113.45107383475741
115.3884577916922
112.25120323390173
112.46306380390459
114.5044599760681
116.10230648176618
117.75468405984002
117.26098168342172
114.79053588025884
114.62678755597244
113.54439387789625
109.82762797076707
109.80128287482471
111.05259634991232
111.2970924600939
110.893010804161
110.00613352948277
109.03424682577436
109.56601260579554
110.12498778600488
106.43626002483043
110.07054036146093
106.34485228460215
103.22563048715381
106.77653034477684
109.24360950503207
108.23982274951139
108.56813156564279
112.35147119607653
116.50922689724999
112.54508628351935
112.56297935298917
113.99735793965903
114.21886510467239
115.04789860739139
114.95854438864704
114.45810388313417
109.84913971863473
109.88337617173681
106.99457058459252
102.3102648124443
97.90337043946468
97.8833065152755
93.45963834396085
89.840641526969
91.65681589692417
91.54181594106254
92.46165664704213
91.80064593063011
92.21237604201075
93.22872371343243
93.29587633344237
96.95326490204111
97.14228318345636
97.37940538703086
97.53413445441738
100.96630663583795
103.17113144725474
105.43940930916355
108.22677017010511
108.23786841604687
113.47825886438727
113.56179969980707
113.86731061359713
116.50044429999437
116.54072152880839
113.59833011964987
118.4979065946212
117.50253208365919
117.45214280320083
116.65880374176795
113.22949752364923
110.8631737474549
109.87453204476785
115.30919828765239
112.63529843044111
112.59117334183162
107.7815777671005
104.4124879746953
106.85539716762905
102.83142850574244
102.47454012056515
98.39386773607993
99.86733257823138
96.92509052282068
100.03733457286273
101.53718729518364
102.74177755589706
105.8409673570832
101.77839275427131
105.54109013418108
109.36702503250562
109.29728785603609
110.89285799856921
110.80040757490524
105.71821331596942
109.52478566096671
110.70623332051154
109.93178468044438
110.3450961838178
106.69600721801922
105.69065399876847
101.84965206935982
104.79125458622455
102.58067460032495
102.44785117672035
102.43287312375519
99.76488106895651
100.75689931422735
101.80542437497373
104.57133198432786
100.76921561543847
105.44154443032345
102.9529446894772
107.30055297038619
109.15220755499647
114.45501446729871
114.42160477333651
114.05071723043228
110.74888688424198
109.56084392222903
108.43954749425156
106.18822639636535
108.01790435834862
111.6385676012907
111.45895153350229
108.43728084772874
104.7115765316533
104.68979993041901
105.39556745129772
101.95479719947836
105.93772040003121
103.46077172875994
101.08829323404132
100.18454852506214
102.79359790154936
103.18612870575963
99.1238486512227
97.00690455901571
97.26438592509032
98.56396978079759
99.62720697930608
102.06542963132847
105.20806594624764
105.12331440473513
99.8630362624814
97.83237844309055
98.81066502739013
102.68086477075539
97.96005037016945
97.59699837851963
100.05604573896157
99.34730464253735
103.67150831482037
102.82753178305262
102.11592239702102
101.2010707471771
104.21591302015757
105.02485072892931
109.13336279080829
109.45598418822989
111.66902106814712
109.78489048940796
111.26165146522088
109.89590063051531
110.40476201991383
111.99174864034958
107.70458656487776
104.58961956322074
104.8832641486331
104.91823495259274
105.62824380309453
104.95175932319286
105.68923771032145
109.65471224872668
114.53348650741167
109.83910245100866
110.25395533877762
110.39097744319807
107.58958893467522
106.10108190884375
105.39198802155116
101.3546250679594
100.71265410479877
101.06404021877684
101.14816994912718
106.19706258221618
101.65018368092363
105.97213075497935
106.07488703517559
107.42122648829104
111.37552628783723
108.19675228296438
112.27641484225578
109.58131901153175
112.82656794071798
115.33748242516627
114.08461334325615
109.8376260040329
110.03392558716185
113.13000022337609
116.79214678010821
114.04350094485126
110.17926728743419
110.2858766747347
110.0776786312263
113.72292285858845
115.47118456801846
119.83664726970878
118.13900710070209
117.25973720821165
115.34948625616762
116.86523173059152
116.9307043020047
115.82337118823641
121.45643255347893
121.03113976916677
120.9887516151132
116.17661536354895
112.5276255973799
109.1777273499152
110.89014681730197
114.27480778083097
110.40802839066546
110.5412010719697
111.87858214396826
112.33123938830263
112.94103575764201
115.52685263698231
110.24878293527668
110.433035103671
107.93020431721014
108.79878843390304
103.48004345689105
104.0540380699549
105.25214845112549
101.55250551318659
101.56595631063195
96.74606327942264
97.03972953454972
100.10522265790263
101.29629877211126
104.73167809797863
107.42457569937197
104.69624427529737
108.7947534664979
107.70837229961178
107.68232795245984
108.45301725841006
105.74746001641992
106.01222344614588
104.40392731096014
105.02420659433362
105.54348060387659
107.87477184409052
111.61012392824267
108.66199632422358
110.9306830208758
109.48439068939261
110.20906342920986
110.26514251060682
111.26457701491121
111.81190753178986
111.99727131563857
111.87231280632318
109.76838852316385
110.23112341006379
105.7224495570164
100.90874151637192
104.73373918357174
104.94234223961625
107.17010569111676
107.19760096733489
110.35146332788433
110.9796929318177
109.61958982131551
109.67995517262742
111.68353935915853
111.5634779665743
117.1451615309105
119.81398718175136
119.63857956477885
119.60050302708281
117.66575488160134
113.38904890933149
110.93791261982412
111.09067024414884
108.4753632804768
107.28555300178452
104.0004455421201
104.71107315069607
102.08557152617637
103.87035876668985
104.06836870368342
105.54932565599816
109.5846010825027
106.6241771936849
107.41272193367479
109.28027531557613
109.31642621613861
109.50766742901936
112.32465680839725
113.04960213932347
110.72484019710231
110.79068506149133
114.7356726398303
112.22582171566461
110.2432451838889
112.07826778929744
115.08316065067325
113.4543811866555
118.26268231969458
122.53947351008061
116.91878012918296
115.28446643059162
112.04832113686736
111.77268854125708
108.49767588044551
109.40451481604893
109.21164468685977
104.39549026023414
100.4160911105397
100.56455055286271
100.54820087269852
102.62233484959104
100.39331603912726
103.9685584752884
108.45095144073319
107.99919560252059
110.13095759987407
109.36395987130317
108.6594096518187
113.05196503670436
113.75421616653854
112.95341893586944
115.9365286892479
115.52536699264328
115.94157862018412
115.80895124891781
110.96704773379292
110.95331457315994
108.98924480552641
104.5539060410512
104.98709683023966
103.75119423243531
100.71292917750897
101.08435895292175
96.1531167658008
98.25565852332542
98.32784089134528
99.14021268728628
102.34092515903625
105.26683891160144
108.58559783423598
106.19079622517349
106.25155877364372
107.10745867996229
107.1233579308575
107.87093308366228
107.68631346111239
105.70621357988965
105.07412783560595
108.22037949177592
107.64464176538984
107.03607032148147
104.89703540281639
103.53648801886554
99.13004790328368
103.11290806362805
98.83016464558692
97.89808984424639
96.68382475069298
93.25665476003411
90.97481963224936
91.045541766059
92.54589583520826
92.2787931920959
95.96527924228383
92.24532957791601
92.15865495949545
92.58417075703437
95.72193144313829
96.332179848675
92.56433313603411
92.0242084817127
88.50692545856154
91.63892202277952
91.6091080303304
91.49135888550654
95.7604934209984
94.64489808620431
92.90672607573595
92.96474722595202
95.72248743891487
95.57801165137873
99.95243001162049
102.270461040286
102.35767784488009
102.91895454940817
101.1260180040207
102.32241331528604
100.76065011108086
99.3837260736034
98.12370986052825
101.6429440516179
101.63131121145439
100.4563997104816
100.5992120236068
99.27318509494604
98.07501659091783
98.02333773729258
98.18846520152354
96.79112898978586
94.95805614434794
94.12789290860462
98.26342731765416
96.68671540368486
94.6403348868057
93.04421564131952
92.30096226885226
88.71796049717314
88.32552030650542
86.87521159173914
86.04342975407013
87.62663452432665
88.1785408873379
89.2351874129635
93.19456620591441
93.63789517302943
94.16146936506291
95.74389823741278
95.8691528334662
92.37398419438524
92.08049239749576
89.53076947483244
88.76163531053311
93.02783619092328
88.98188224143277
89.87696515271787
89.22874761263229
87.38293362968504
90.04342565887653
91.59325315863208
89.90068268965234
92.51681627253834
93.50465675364558
96.01785104703212
98.67272476275592
99.428622629993
100.29130260824554
98.29439462297414
97.72869837260258
99.8378491587437
103.53108582548549
102.0358483690784
103.94757054603414
105.02645702096427
106.43145916114739
101.63473002256099
106.63148122210647
106.71767409817289
101.65741819868252
103.1580019348918
105.62959578212498
106.85586157436465
104.45886692094271
107.27422079341235
102.36235283681721
107.46052147525057
106.93553617371822
104.60608364603497
106.41026482127278
106.96398075846461
106.55857858377384
105.14995470957501
108.40425805874716
106.23701381654476
111.35934415729805
110.83193114766154
111.67247991778113
111.92860015504237
111.80879869928913
114.96599741256124
114.99647720793726
113.24385747466597
116.3545218083765
116.00256764431624
112.34181162470179
107.11217345605505
107.15665534192475
104.96466132025184
100.28851388512004
101.67706068466919
98.64681272620429
98.97508001490971
94.5012413101113
95.25268845351876
97.23622039739787
101.71831622690685
106.16028556135855
101.41054870655192
103.04401609601464
107.56069320699866
107.38281065673372
103.11181805181148
107.6327785366912
104.68580682627521
104.63133100663534
100.46791792686356
95.83827987906567
97.8396653837131
97.54449855118548
101.24259819296194
102.97751588235786
103.50518974622956
107.44922224741265
107.52089193985618
106.8530365664835
107.73189435080813
107.78388695089295
106.24735638686985
102.44894841428494
102.40678337755112
98.59185400085597
102.0975993524598
101.9498158841667
101.58058657353403
101.63724183263864
97.354174197922
99.08446953107492
103.1731364386471
107.2339606659236
107.55591006338483
106.47562567859273
106.51293464892004
106.16549558418716
110.89342830563284
111.72136709133693
112.62165234508394
111.08286424993024
109.63617168817886
107.35640861403068
104.86066624676998
100.08453269860455
101.43151185118536
105.39959800419672
104.7790339555132
104.65927736367918
104.92799271376711
100.16099940028853
100.1363509630945
104.45309497126235
101.82572968127134
106.34146855131895
102.66147996263419
103.73267204311547
104.69141673009635
109.47644219796442
109.13995040989052
103.79233283503747
103.83672168040499
98.64357388047189
97.96738316254012
100.29833988445051
100.99105520623218
105.63922716510773
106.05580136036872
109.9797782597046
111.58479656905749
115.17136663647094
110.3946218843101
112.64545628168929
109.72370943540108
107.79017646547896
106.87175441629125
106.41318991815137
105.57392133059096
105.15785810121075
102.07255220157303
97.92116816486718
101.25010040325002
100.1984401946762
103.37300055913718
103.36136315597628
102.7724139746733
102.87989770998433
107.2604615586015
104.29988751837675
100.30466252131447
97.39040334479668
97.36605309618128
98.5595120827005
98.06589185300912
101.55100791629627
101.33848700412321
100.75457729054519
101.49624912157185
102.75844422153978
104.5682282834134
106.85830169265226
106.03228131031393
105.66826897713237
105.83661003314062
107.98471705144404
111.31197792500132
111.32699546444336
112.08143642370233
111.17092835121522
110.69707341475409
112.80289688463108
107.36566446503369
109.1551278636048
113.29342098704961
111.14357443334367
111.22743378908204
110.56884217247058
109.97086756625501
108.22751678946972
105.99288063414457
105.41703357583462
104.72463282099865
102.2826672450919
97.82174780933086
101.01314072675626
98.12819729556028
97.77211171136015
97.71675480183933
97.64501166680863
100.81475760399232
99.06102386551487
98.3828844284018
99.20488237716327
101.72576127576416
104.26610952595576
103.46334671728401
103.72750609236205
100.39124268170087
100.3768406627054
99.45878217188086
103.23076141033353
105.91644803476714
105.29057682972382
104.39320986926658
103.62903732309066
100.04592640294193
96.13315727758561
98.93790245836011
96.00026688029526
98.69924655112904
99.58682700491106
96.85726868953441
96.21425866843144
98.69890389151485
94.01648200326471
91.12639707311575
91.57734971716668
91.9814830603554
89.65871477392945
93.91404045275964
95.06024760335796
95.67751902670082
96.80666476795545
92.72219542811854
92.84854216431165
93.47812675125199
96.66707798002209
96.315560602095
97.86694827511452
96.63091629445708
92.89725634258596
92.8714149219837
93.3560303763473
93.93247412212703
94.94541410038384
90.90197475806877
89.7096531193254
89.79937864393959
93.15812473174051
94.61073200192618
97.19984671738938
94.99275791006507
95.72724364802986
99.93308684479828
99.412200268981
101.96424213454894
101.59767934244249
99.7913812275634
100.13271746339946
95.20952640289318
98.85607632646813
100.14190229872882
97.82548008914756
93.97567477470616
94.85366055461162
98.40012981633646
101.32691887339593
101.14274487577056
102.56872974863434
104.02344546933227
102.94856216128376
105.83659769936757
101.97397919791038
101.8343750423652
101.51243137894501
102.51655640268606
101.97231686975694
99.97031185993096
99.88140383234979
102.14007588707801
97.65147730116702
96.46659913611944
94.14381771488408
93.59042493793375
94.87542285949772
99.28673834403776
95.87250027605893
97.22344439943562
97.00058313282997
97.76497257516685
96.23426116242031
95.76133879397838
95.87243032606048
95.59792418945565
93.82600873241377
96.49136402878746
93.3781447069806
93.04395174111582
92.66633691028623
94.19831706021377
94.24793692181215
91.707859292596
91.92503976984533
87.36413378195718
87.89684454545836
84.71449260112861
80.77626805701186
79.1579112398242
82.94569930832411
82.67546390438716
81.25311131571257
84.51712623534168
88.06464812649871
91.18968682633542
92.38298351051617
90.65237472677721
90.55380447584298
90.19050427620753
93.56824554916048
94.44708411365572
94.57088715597355
90.25650190827947
90.6826216935769
94.00903366375813
89.6170050239651
88.99547111173858
88.29975425116805
91.34024658829183
91.42519722989805
90.74990109262907
94.08650782269433
96.7296221995977
96.92649323408918
96.99955933917614
92.43214587981723
91.53458648879285
89.35074954788362
90.35264191487185
92.7895174598876
95.43823465511447
94.6655287000337
99.09269985467763
101.5384681760247
102.01810973830746
101.05739210491039
103.098780316749
102.19772967903246
98.57100204562639
99.08729893185972
101.59335905379872
101.68950961393003
99.06692225133986
94.28229154150043
94.92916870516733
93.87569284941836
96.01900320796605
97.49415627858323
100.44867055211058
97.20103517219923
101.57426121057289
101.56288067066296
105.9357140227477
106.30468621998698
106.80893893633144
103.95467831889064
105.54610939151436
101.90221628099016
102.11164586583857
97.2199063738922
97.4392882108191
99.13456774779064
96.79588212208934
97.66374547881755
97.76143164115983
98.89576839012975
102.14798940040022
105.71192455833271
104.79608945055674
104.18389934683685
107.3493188124312
102.56909121721692
103.09653245869984
100.61078569092523
99.81992560590533
100.53695083299765
99.23168072707037
95.21784671446439
91.56777212225516
92.72926586759634
93.53495124353316
97.8061356453015
95.37922509325854
97.45412407469342
98.65950670106568
102.38908835627832
103.47979493122783
105.91577267332454
106.6173887892793
103.43602847745083
100.7271033074513
99.1481466760302
102.76521073301228
100.16309943696842
99.15868612151723
97.85440800034719
96.86188312242253
98.89577026228227
97.9366573963383
101.79349302333665
106.5038906291804
102.37713214088423
105.02384110130356
105.01267534448358
104.19653834251213
103.95665465384724
100.76754518970365
99.92402517925046
99.21010969868544
100.789583801029
101.30738247579062
100.87614173946962
100.60948260012347
99.51462890363939
98.3538925540032
100.90917011973134
103.62765179676225
99.0882699168951
97.38598418963582
97.21277037401627
95.35618416283891
95.40864870207415
93.84291987403833
92.62244780801618
90.25884202119144
91.3213758292465
91.73936363062843
91.35408487024904
90.47935796212364
92.38026060944107
92.9040832992317
92.96646765129533
95.9718312580794
99.60970992232092
