0 0.0
101.72459276054387 100.92752261630339
100.8265592805488
99.55378904526243
99.45094393583855
95.18852245965847
95.32859849172506
98.65941793994102
98.70746234925542
98.7289861036594
102.02104176541191
103.62830230161006
100.69986268210852
105.19294511520788
105.39071472877731
107.72592530734609
107.09917659291351
103.9921855124202
101.99921807491378
102.75108217889239
102.47440119519683
101.78117100866054
101.67644038101774
97.08291043705701
100.6931706523112
101.67691316090456
97.37600351571815
96.95042002588015
94.5532362670737
89.89369850128065
91.10122696467356
95.31887272913215
95.45782953633243
98.14899041987849
99.89236768972737
102.12202537473377
102.01655102190983
103.84664806833133
100.9296460650577
96.22916259268668
96.41106002711935
97.7870122627922
97.8129477302827
100.1070985693403
105.07441543904295
100.06577013540054
100.12763382442111
99.97323834291373
103.06702615146995
98.96426961537273
101.39028180545675
99.85796885819275
98.28078974377877
98.38615225694792
99.1164389330501
100.32303777507418
101.68032615310868
99.4461026403168
102.31288148401491
102.77135605037263
104.30699633807744
104.93727100329211
104.84024490346448
104.48376532586468
102.72127573447393
102.27151488715667
98.68956144220527
97.2543276671577
97.41218173820208
95.70312536576571
95.07162145431425
93.02279959873863
92.00793246786029
92.33674911212336
93.49108376654192
91.50445729470526
93.23757712624098
90.86780677889813
91.32290983079648
92.57093305396262
94.33962304184493
98.66395774897187
99.56032142336005
99.73142525063965
103.62588493915023
101.48545910701077
101.47518227331751
102.82755129664534
101.39602737980657
105.87226447835228
100.86189009633448
103.86121722642613
105.90187501470677
106.25583454444339
106.70222217730728
106.22889077102901
108.77766789121846
111.62491862360413
111.61352412841885
114.8001886849436
111.94673788855667
108.70362001978441
106.9684651906717
106.53584216501118
105.07790373743546
110.06406327464141
111.21885636856399
113.0759740297295
110.03375697703902
108.59861282016747
111.7908482115547
116.013928176204
116.94316810236674
120.8616463699579
120.54968220560836
118.42519086585868
117.52504994186484
115.23628154211562
115.20002544358333
115.15970778712595
115.11207776617623
115.1931307472177
110.09441539178044
113.9874570700155
108.51906319924355
112.88234877526149
109.1194483957617
114.35929876813962
114.32137409187281
114.4774861835612
114.32604610967435
116.61193067395725
113.41922118983193
113.58447747576697
112.83321674561888
107.70182094578749
107.53930816282117
104.21696123690899
104.60796664553072
104.25195356251679
99.14677689168359
98.81043403986774
95.42101417161876
91.06808308861721
94.96054876220758
94.97004720207308
96.07544325304298
97.59357003403181
99.81476561238787
102.73364676147594
104.52977273624725
109.03881364851287
112.53049319891151
118.13383966100366
117.51797208679899
117.89208907166736
115.76845003833691
112.51210769073995
111.65574916661886
107.22878996905837
106.24126021480907
104.1037497057538
102.29905384547074
102.40457961792497
104.10705578149317
103.94284773337752
103.57197016019032
103.37250852222476
102.42791367826784
102.73399013528575
101.93590187144487
104.10968197271285
106.56486932793514
105.30683704264814
107.59291563343258
104.31266952815918
107.89028386584256
105.41292391771732
104.91447772948537
101.39210298527456
104.27974984993192
104.24685793288955
108.49278713413425
106.72442370843375
110.60392921289636
106.43551053454617
103.45942792523985
104.43502080156122
108.23113634120241
108.50301522977973
109.7727975945452
106.06304718487597
106.20146779661356
108.38171563011831
105.68432253863935
109.59615702868243
113.83523997739621
113.27186341395411
113.97549879724356
108.47810664689149
108.26212563017931
113.57227389667588
116.17493887677858
111.86943137888402
111.27440429493991
106.07265065700844
108.19391237792388
111.33158488324497
112.9096582094502
114.76834165098228
118.48818559551485
117.95556649388037
122.44968546739648
117.34115103174372
113.00279050591433
114.51116497233647
111.75797610508887
107.90099377735838
108.51393001605096
106.00667934556157
106.37565561872859
108.82229936322324
108.14834600276328
105.48618344106794
101.61394862601901
105.14849512131055
101.34513382061226
99.71791959149846
99.26339233952147
102.35963822658866
101.86340259015331
96.97128728425585
99.62133387298638
102.44301861617977
103.4235993697097
102.91139674618748
102.9830022259653
107.72392090338968
107.31927823399245
102.81557188712358
103.58176178925419
102.35374263538837
97.30319579067807
101.67165885276394
101.71665632204125
102.99173058626293
99.59183851185395
104.45861647507165
108.70016687167396
105.4161380393021
110.16623931150718
109.44451543908984
109.46286138092795
107.88420086982394
103.89690125869957
99.18395016988597
103.33239122044758
104.98302374093669
105.32070103611733
109.90986338235504
107.7155267226114
111.66732121476252
111.00537271594926
109.76305610001813
112.0636933881189
111.83608028015988
111.67870133874146
106.92950699934515
109.01859440930058
108.65799841958813
106.11681328203953
105.98013298192713
103.85375445041002
108.43706393426743
112.30581828364805
111.57021166844704
110.95410763693555
108.7855254824382
109.1369583323905
112.86905355573697
116.46443965074499
120.82965288019633
114.89238291821432
118.125216250188
112.7563684748111
107.2145658634757
111.6201134373235
116.06326533745894
118.72736875523819
118.52693516082977
118.4741817660381
118.52354397407879
118.48559145754089
115.33397069836056
115.39640501018025
117.17293489448423
117.71578280883637
118.69909581562324
119.4706960733692
118.40236959454634
117.66284762047756
121.10449137382493
123.10536857505053
128.95188401760328
125.29083111640892
119.7972605818719
115.86663772938252
120.82074716998343
116.88947496298911
117.92366233637146
116.68117135752726
119.22734634589871
123.73502951361145
128.7444109492292
123.4041440300362
126.17345563459834
127.71344955048512
123.7114853993485
128.68100562724547
126.99664066163461
126.88708826366029
130.67093418227384
130.2191047053301
129.5819823964618
128.86292270769246
128.6849683825065
126.55829807741202
121.96899586869571
121.37760426748687
122.22376611847572
118.46778411327797
120.99639545809707
120.15144394899636
120.11330291262935
123.74172032803249
124.911003507297
120.31037088589176
125.80120379755022
125.82327253121215
123.66908175631367
121.99827337434206
127.28213256835606
126.35153500736156
125.01956457940035
124.88258366596625
122.43193053564603
125.60539456890378
125.07250867314309
124.75675549029057
121.65065043922623
124.73973277494933
125.03090449818049
124.3272851576831
122.16080515264878
119.91794540617379
117.72180197353893
119.87420897351586
119.74976509708381
117.04869715422636
118.06112014070465
118.40005096530264
118.54118520483718
123.96740363267534
122.4097086994017
118.09687547294641
118.92990249339908
120.74365949583564
122.17325743179161
124.99322475658008
124.78911984550605
119.16087986790266
115.65343214202412
115.85838955646695
119.71514122447985
122.8207353321726
123.9870458303313
122.26943285251667
120.43740637887201
120.42163907043624
117.81369543474862
123.5417971043552
125.41545108088711
130.70220068791554
134.56525489434853
140.03771365279735
139.61258469544367
145.09493393936773
146.41882181204636
142.66624720640067
137.74670857639802
137.61259040589047
135.67088845541582
135.27278723495127
130.5721622371692
131.07690974670092
131.17322807470447
130.1325626619572
130.52145173646664
130.53768217250663
130.55933517780463
129.87659855928712
136.09176436098036
142.43189826516218
138.90967846944662
144.05111257562598
139.90933516127248
139.72715739524074
137.92677403919672
134.7267160347709
134.3828937054688
130.03421277387682
135.17907959453999
132.6180905702822
133.21680735983904
130.9069641497127
129.83329340896535
132.2294564236218
133.52434249439378
128.14823542381436
121.90574912413634
124.78785728916819
122.01311807331116
121.83321576720104
127.42161699245752
133.35596429508564
137.59368714502955
139.2983762199993
145.73040599828119
152.84659729302743
147.27832042229502
153.19126676880512
145.5367035728569
140.56606370347646
135.47107159931258
135.57872583680484
132.48837276644696
131.89689694620083
125.59716052899223
121.95510585712934
124.22150485899701
122.61952761716397
126.3607154616275
126.09360370814012
122.96957716623506
124.27248220957219
120.15745058978526
117.06571367092324
121.4972177863725
123.72744528515344
123.74162893755057
124.51837329409703
127.87100750428007
122.3419103061294
124.80766653916183
120.16242314704756
125.38686607458658
129.04331558240438
132.99597875482385
132.9817300341971
126.33829659395826
129.10163255569
130.75546922085056
125.75281192599248
123.12631952491844
126.49775289566836
132.8035246838511
130.3164018735431
127.9640369571904
132.23736378694582
131.69822618564191
134.5704908201518
132.93616365055968
134.1328200199112
137.7773617541134
138.9116923742855
139.9156502631865
134.05789517343342
135.90437577833646
140.734760891766
144.7669014336738
144.7302802224662
140.04129292128147
140.70237695904254
138.70043346414093
134.3643037424778
129.02265820146783
128.99376078616606
127.27391113250378
126.12995768368886
124.52061256506714
125.34453431911648
119.55634157166155
122.51051690550594
127.10887584877926
126.40938005223452
129.63880635410027
126.39277891820724
129.90493920779045
130.8550822345953
132.50002420792455
133.3531568946635
130.80615085640795
126.4367306607696
125.80706492714012
123.02130028263771
122.70991297104301
127.74651090395103
125.89252406255801
122.1204714968436
126.96261156349809
125.54876255441437
121.69889618781201
126.73962387955561
126.2561551665288
121.69800533813603
120.03263503738953
115.28779777081434
111.76085537619454
110.27436800982892
111.43333543025818
113.91975628454233
110.42041043490488
115.66945350641325
116.21962441267335
116.30242557124596
120.48334388562702
120.5370527413597
121.76231361525511
124.50170128807673
121.36002653864487
123.56027262945273
126.5417824868031
132.727374402454
134.75714093918302
134.5466666188271
130.5010020079587
128.4000225274978
126.77407953998932
128.6343707321406
127.34209572964149
133.1581722489061
129.42116657331633
127.29796339748002
129.55669771395313
134.41465980794842
135.06089642486913
129.43592478478
129.601882527537
130.5482771115408
131.77449185881207
132.99715068276308
127.75702870924748
130.95624801204966
133.17138893666305
133.94425690025878
129.04424118934062
128.89522776531595
127.53502522844286
126.77426543384118
125.19602644617123
125.5101323617325
123.93024593728119
118.22339018312304
118.63294117200887
118.37605155594738
123.26769163927916
120.48983103885999
120.74761530488536
120.1253009846064
114.65089162679784
115.58279358802
114.06435636679322
117.11950639519125
113.6179741878639
113.90613207467409
118.2585204088942
117.34074428963248
118.0206237574753
122.98426681416032
118.59055552529634
121.58470627363674
122.06230426186785
126.42279102808882
131.872198234146
130.32381895305383
130.3417031390025
124.54824483847705
120.74094420613156
124.36281873181738
128.18453138193732
128.85597708351426
132.55694339544297
126.14072645769848
128.4305509667745
127.57689110808573
123.211851716511
123.47885265463943
118.42574645075624
115.01541013397703
112.27495331548789
112.23938584767434
113.91602951370731
113.57385113518896
116.50047555503042
114.07630417994629
117.88434837661235
120.79844082028339
123.68337358996715
126.57121392804837
124.22292219520345
124.01330918012307
125.80327697632232
124.49757775772652
126.13005455712681
126.01350109844671
122.24452907396507
123.39242420439261
128.1159353824926
128.17226904723125
126.47607908513919
125.21443215420592
124.11491589847259
124.55985064500071
120.73618238233817
125.36593344877136
125.69948418258252
127.23199163036361
127.20533012611422
127.25786513458763
131.5248871785734
131.51169792602886
128.57719576561198
125.0799988385632
129.40777017266564
124.36972448642231
123.48386566110374
119.98236303322142
125.9324782464303
124.28409160538641
118.70449055874549
114.35667558842721
115.02663871114083
110.40969652948556
111.41336120138983
109.28001687416646
112.03105289756763
115.40587754160501
115.16478243921482
115.5619177131094
118.42537993100048
114.98314393183244
119.51737839558609
119.54050315251055
121.37244620055434
118.99973997066147
119.91657500249957
121.99977059551173
118.01500181613612
121.7539436549036
122.13848930216473
118.00117499172894
113.43681461542302
108.83745516250669
110.13920015488209
111.39427164094668
113.78926138094607
114.71770881083486
113.94879192290125
114.5319930346949
119.88701776329911
120.09365735825098
118.24624279572289
122.96824580514692
127.8794034252912
128.22884037524454
128.28140496663877
124.74482977599233
128.41140849126185
122.19147323306579
118.62347506434969
123.2094742558709
123.51459990695245
122.05643227699761
120.26119697036728
116.79592794879048
116.72033948176127
113.2825447976988
113.27121235238421
113.76935730727652
114.27378172664874
114.98773496721387
114.39454440435105
111.56392416203903
110.7864501793121
108.16640362946221
103.03506702591628
102.65531454401605
106.4688017542811
105.18846657823141
105.20877833696909
107.78284514958253
107.51018432496886
102.296496252412
102.66913564332545
100.96737080582153
101.08615841199848
101.57621775880278
104.33265882132856
104.30800201314977
109.52270524579791
106.4386138667975
106.49988705136113
105.00318588539706
105.21800784145935
104.20697422322922
107.6210882001529
106.21452467156816
110.79460790962887
112.6100281464208
107.589841342338
107.42512622008717
111.56702320291993
108.08820438630319
105.8737471261521
104.16760485733116
99.92225947625997
98.39283158097994
102.01220273763207
100.57656107927444
101.42263512789563
96.54556939443519
100.40991870765201
102.69397478064018
102.02941272847096
99.90270532940973
100.72883270870018
101.9128907743623
101.5314989762594
103.81462562300653
103.97065792346466
100.29251407593546
102.55926075417742
104.75536787028152
101.83438034308746
99.92001120116616
97.39171424138581
95.7030932211953
91.06319080853835
90.35034778565227
90.72205190413541
95.06540646429406
95.79495940686704
96.3137646663136
96.34393933280396
98.9133184466237
101.76676082910335
101.13341381032411
105.4696271590005
105.37273772865508
105.25484097824409
105.17375342886504
109.21938636892868
113.16000089665759
118.61767357086754
116.67520701820946
121.78293635075227
116.49835960147924
114.20285473100887
114.02912585103626
108.63025191337346
108.58545433528114
106.94433410887864
106.81725696188721
106.68726270927618
106.56827416949439
106.1418165522104
106.93750404410504
107.2786669898439
109.50112680051438
109.25616592419
110.27134274620227
112.10433109944685
112.32523889825963
113.01779373733994
115.1773059441124
118.4404797868947
116.99299698494903
112.5087774416296
113.06582394278927
109.18011364896644
113.94927006060647
117.86138693288518
121.67872786356943
122.82373456876073
117.56896783644652
112.8855378073885
114.96884173427812
115.04788662128375
118.17193965118805
121.43440977849782
121.11940776021612
115.89571657346472
121.06262856975594
117.39702558533779
119.81270585654738
119.5801201114295
121.2473732935749
126.8257014274186
126.67277352442416
126.71008359130036
129.24068925008424
128.37529202906532
129.2855049677772
134.23338136599028
138.9745363653376
141.21225781004102
142.055886719485
140.76303930066635
134.0609231496747
136.14228658291825
138.01888132594965
144.073054985636
143.53015775351318
143.14422765900855
135.9843589068376
131.2915069276423
129.27119952323054
128.2029201577261
126.11854125804268
131.8160854887068
131.89183896360066
132.9465653705987
139.54842310848616
139.08098252587257
142.50361231663152
139.79547205532828
134.21931323508161
130.84765965899007
128.6592914459816
122.27685546772146
117.38450872940378
120.86057213685422
118.92137744085565
118.59375806109749
118.96748757760227
121.01156369287105
122.82522707875869
123.01224532482051
124.80292082266448
118.68559456150527
118.70377929082939
122.06799494930131
122.09855573154798
122.74961309263043
125.56114380627508
124.67631657152258
124.74778455571632
124.82955900785399
126.15632526646209
126.22878700015593
125.78742262009352
121.89931532117824
119.46296065758447
119.34929562675752
118.97697387865236
115.45967509321842
114.56481979349167
114.73109474701701
119.07634649717376
113.23064967359744
110.51903677970463
107.5344111805591
107.52232216186997
105.32771809587884
107.5799018335174
102.32704592582449
106.90781078491725
103.10765367721227
102.28990145550972
103.43824187499665
103.42735463476295
105.95880439302435
108.12885156139728
110.87446929380881
108.04052632840903
108.09793970044424
110.68317337011297
114.23058464196656
111.08836072931891
112.81906991984921
112.07699297461014
109.24030064127153
110.33661731095697
113.27227308819845
111.25419654916821
116.20278658099528
115.62400254636536
115.39961627488042
113.08932632051801
112.03157849706857
113.41549355788129
115.03802895427981
113.64873468394916
112.59112135807013
117.98817498433736
117.3724676102784
114.8767122246608
111.53402355286703
108.43056730232263
110.18243506114588
109.90120733507952
106.5881314051891
108.53294185674324
111.61223216522639
106.85772820274946
109.61675967324938
113.68528122645036
115.55283737711333
118.45492155485273
115.97356171416972
121.44241144328244
119.80982429924128
119.41199981021308
120.39045214683665
122.34165906631829
117.52924630721088
119.75865678468453
114.3714608933339
119.23097519256676
123.09170266510856
126.47644075465413
126.29748688192839
124.80944213447225
119.39080295378727
121.16975509148335
117.40772800672198
118.8233369782712
116.37310885513192
118.78741564841336
119.93834573680593
119.59822440427075
118.75828196291016
115.82044531994238
114.56522680894962
109.25051755307956
113.5856813094654
113.4519849734998
111.60272082298565
110.47489229369484
109.47734781625627
112.20998958275014
112.52087322651218
115.67035017630423
118.12964388651866
121.77611120416215
116.60136495802361
121.53870453483268
118.94802095508707
116.38481070081744
116.60391337700901
116.62113147474344
118.83517684288577
115.18450949170322
117.93291419456317
122.22611282290634
126.65558532046285
126.63691504398544
129.1080709797318
129.0232908890903
128.12586617404403
133.883980224846
128.75545598208552
125.37588119807016
125.38918640477776
126.46910311761226
128.8545884462097
134.70792029721088
128.2408295026254
123.80991073514383
122.78431882073701
119.48152589635203
120.9245208629182
117.18609711078298
114.63610617895075
114.6201386912993
114.33078402967382
119.26969505620733
115.9958511937988
111.83970281703023
110.5574145929853
110.37495063246979
114.68541345418801
111.52001637741499
111.53226549600527
111.4122660491347
111.30909578651281
110.82150193277522
111.30671835907233
109.05503895603425
111.74244944506049
111.91002598496787
111.94702248851308
107.95079314430475
112.57222973809033
113.40203325953551
110.08503198741249
115.58362923768351
115.86341297442235
120.95420559224195
119.75678976871109
116.26855068204206
120.3703786264229
119.56186634226951
120.36879478643552
120.83602956687018
115.77301161910401
113.45562242416219
117.87006098821914
119.33951627708433
121.30514478901031
117.44548409889863
115.21360243621203
118.96293993527058
118.36995686541998
117.58972594725259
117.55045236646751
112.40198265159394
111.30518287210522
109.38637551195018
109.98900367851824
111.17585097515135
109.9035862178069
111.01992251983766
111.74597092754777
114.7270203636197
116.56262121986916
119.95920479048759
122.59023290065328
117.95501147012628
117.9417817445183
117.8235752280001
117.5138666615818
118.1405282078354
113.61488187398794
113.50325897905837
110.25094526421962
111.5590622333908
108.78297503973592
112.959702904035
117.75597836245649
119.78133206322387
122.29244906223552
126.99386566770436
127.83947030698923
128.13077699303952
128.2004498926516
130.67930838396657
125.39112683519647
125.00820080891297
119.5647475532776
115.06513565674675
117.62530353315285
117.69136246203203
113.73711712225669
118.34679291388306
120.61588550535629
118.89599929433861
119.442193895911
119.4766768015289
115.1514812164231
120.38024426927223
116.9879540070588
121.66649574927555
121.58190008531469
125.98808914221544
128.2906955291879
123.09967250439739
123.61580183102105
124.24755568693806
126.57754171874905
126.95797433535493
124.16635015671223
121.57282499998071
117.71885715454218
119.53479841428312
121.47687879247808
121.75234105317982
125.82668936483691
122.82237587332948
127.29270101011384
128.71416432672396
123.0806564729264
127.90931615053341
129.56714884850584
124.80190073313962
122.6385589924907
121.49500299408581
119.3229985955212
115.82606313276283
114.43302296625596
115.75046454897877
115.79052332789264
113.25985273881768
116.91402870733063
114.95268832770445
114.73447393963067
116.21123782335019
119.45104888020582
116.38008901058726
118.18080335517759
119.6407339073066
120.76531086160956
117.11638387083542
117.07659977320957
117.12352366940026
118.27555904176032
113.85244304385634
113.4203658245157
114.46900349554288
114.5477576190198
114.11135793432337
114.36914668779288
114.45355373356821
113.35746900844501
113.6117201841275
114.28652873744981
114.39095931295068
109.1983639839846
109.21554698769067
107.54899445252784
108.8607900665496
108.92070607425944
111.64610916737558
111.63119575076772
116.45366501179406
119.42177699655464
113.55288370593388
118.72392105243236
123.39664960104952
126.52750124834986
126.24054011691264
131.75886729499655
132.59471469912927
128.04195517661174
129.17965114710435
127.63844589783744
127.49402450160609
125.29729384930002
120.58954038587302
119.38220921317969
125.32779233586851
126.25794226269537
124.49940821895272
120.60422993476494
115.67572702288952
113.54532652119038
119.03877526074261
117.73866093634994
119.79479168971108
119.8246705612698
120.9234444794403
123.17710648841881
126.81289835481816
125.20141982003103
122.36093230680085
118.20753066809542
118.9064109952797
118.86868461864817
118.64248802417669
123.43223797549417
123.63523263916109
126.5732941687381
126.62140586451385
120.71349557353261
118.85794916278014
123.05297566209707
123.78638295498344
122.41812134491228
126.01057223732535
126.16413843432773
120.4034930007942
123.17548432628814
123.20056490710454
119.6038115543901
120.44232635755013
120.49428153229577
121.96524930196907
119.81304774193912
120.54054005511242
120.93919158049205
118.56684451688312
118.6162216461884
118.87997445198042
120.04252609213533
121.48267815610043
124.54642762124996
126.84128241621414
120.6324713665272
120.65612039227204
124.63427850100031
124.6764290975206
121.06074468526006
123.05503445011051
123.87067921177555
120.97677265622517
123.41746710918048
122.97252182763759
126.88061091923662
123.2856227244129
123.01603803304626
120.41585652238771
120.32130917131376
119.2519898818775
118.62901788897652
121.49233935692342
119.68888080399708
118.7751193658932
121.0499539224189
125.0587984917106
119.34948069853664
123.81212967157059
118.10538743184637
119.3456770216689
117.98385007973845
120.00137271742994
122.40483017366309
121.44244188631974
126.25586556657308
125.90288794875279
129.6502335984149
129.33015924980836
128.40953163020887
124.91129482700275
123.89982332093653
118.30491507827841
112.83325588490113
107.23539028303405
109.0432551985716
109.37433036731342
109.3935303042344
110.57943379895467
111.80858738648044
112.20755462701365
109.88360088540914
104.5887855458869
104.47134324940136
99.24671251363951
100.11098350592044
95.36152677245327
92.73358056682794
90.18013361067658
87.32797214018913
90.53305999912972
93.15381553883742
93.48029197529739
93.65229489647923
94.11626905002149
96.1495210921734
97.01422133587879
97.9520473243503
102.10313842572573
104.1447515613636
104.05872546047134
106.99346082715145
102.43531912045657
105.73015477107012
100.75671515531978
100.72590874764792
103.36123233688441
106.92755663623065
106.08160465413295
104.2651427404268
107.96555698119427
107.73556367907847
112.01782092815131
111.22045499057788
111.1709981909123
107.43554608914638
109.05010234933226
107.86304694052737
110.23818030255607
109.16843061495213
111.13853833608279
110.13327157706532
108.03006989568715
109.56380346076452
109.1859871039867
111.27030063973687
105.8550416801136
106.92398832079722
109.06875320616457
109.82651071831931
112.63593214389009
112.86587359597456
114.07034845404503
113.81028098221319
112.28810441126782
111.11546409547326
115.7021434449371
115.68869202581179
111.34396853591683
106.73668839055438
106.49613991942218
108.83174590635892
106.46096932084258
105.1319559836222
105.23949105872241
102.86608838981317
103.50164255166801
107.0517734869975
111.38750573724269
111.86471608230005
109.3810391738044
112.27475157474737
115.93511154207575
118.7737464066516
117.65532541220766
116.3226978638447
113.11614565553346
110.69764933955665
105.63900843429707
104.76131675613178
108.98335754038949
110.4211645465323
106.78390521256854
110.45258169414332
114.72209357315467
114.69478752821603
113.03746757335539
114.12988556825644
117.25641317583121
120.23583855323028
125.84972513024886
125.64988442883192
121.93882612690575
116.55863240246863
118.39093812119629
121.83813912735161
124.34157042089483
124.39879992301938
121.5334020954367
116.69485564443836
118.01571390287955
117.55234595503399
116.01705903909658
117.68564807180363
118.96393125762908
121.25754530288681
127.23824557699892
130.59528067208737
124.32363877741527
123.69074444244464
124.64061876692205
123.83017846218468
127.30462771550768
125.57262550039437
122.82538998829463
128.20666858439637
127.33105129961162
125.4509772929404
125.21451599206928
124.40054440257713
124.47732704681549
119.12986867499913
119.06561916896386
115.09821242123047
112.98198461155972
115.96640452800196
114.34186609357121
115.69561429093064
111.87659600876364
113.83762413631082
118.41250628662037
119.28928916518626
121.11185590587489
122.07849934559826
126.53853529172733
120.55161170205034
116.92671640708221
115.84325996563928
115.85848134950469
115.82017039786042
114.94187524762587
111.69833491602623
111.93461547455051
109.20216595718716
108.46975868236379
108.1737349010732
107.72327529571776
108.53198845652963
105.75603724341514
107.74257588282406
110.20548700097301
110.35283909094956
110.71914099416615
115.26252577053482
114.54887124624477
112.39309314346656
108.49133463072954
111.48261490845623
109.93019314515156
114.38662604107
