0 0.0
136.7096916142575 132.20562045581792
128.9647625759408
128.26330705481686
129.90691176760052
126.94850082417028
123.71170342653568
119.03254637370907
120.90453542917928
121.0414733051415
123.89471927113043
118.716177574548
120.43729492981117
125.92784483584009
130.2387603838292
128.45940105781585
123.27170548085968
126.53094278257555
128.7849011818781
128.7701240614617
132.4598004364048
131.1867757424721
126.85374288578234
126.69604585346917
128.41184040442005
133.3806012218212
131.1855308758858
136.5931739556861
135.6551981802599
136.6403143615062
136.61653949223808
142.76167173285566
144.61137249670517
150.03466368673756
155.58376103084112
153.28510837222336
152.1480598615931
145.34196913865662
150.0496615183233
152.02821428269064
153.65395559489698
151.32128368733194
158.58538777011856
157.48966326532332
158.396501528767
153.48429789014358
153.37422055285938
156.14169300530966
149.70229232185153
153.23077275529704
148.82263133555756
150.80753600646776
153.41844897872878
151.50316939216097
146.28757267593687
145.56328600652165
146.90568072887152
147.62447857826135
147.68206772899714
145.62408216017653
152.4267725902839
157.46498639001058
158.87333140665044
155.58751607575402
154.0339157221835
147.08665938812223
147.6585709112584
147.5254419984972
151.855994982719
151.36691349617558
151.40808837816485
146.6081357241775
148.17426034687674
146.1147505387524
151.27442993356266
156.93348617548637
158.6102950449018
163.91381961358914
169.14335813636058
173.96320192084863
173.80169716617843
174.04894870796562
182.41980681867392
177.41066194323577
183.9634683486695
192.86285157995184
187.66023049911578
180.62032974753808
180.98070186085062
181.17452652882994
181.5789269978707
174.25406849131383
171.83111157651604
171.79211991971
168.79048601443128
165.94900763748913
172.47320400953072
169.88607214012572
176.385765627545
169.95931005841837
168.8526420470142
170.30580488312106
169.70492383316994
169.68642859044107
172.29716581606843
179.56196610639756
179.43954338409253
180.8675754646839
182.25974591583378
182.0702702638597
184.55160261796533
183.86377964174696
179.5254883295309
188.03049447102399
187.96901625674036
183.26149930216988
183.21423562946944
183.28772752158855
181.28366041526326
176.8740088576057
176.60420268679854
180.0025482634792
171.51480207800716
170.9960212223356
170.93823497089343
164.196501770214
168.54851841765964
168.44973883398598
161.99937094446202
161.41164594857437
158.9375913029423
164.89683292418724
162.5332030657837
163.83779182155902
167.10617469032454
166.4058678437773
167.22065060707052
168.81600847837424
169.00466244510898
172.9633206785841
178.0615807200328
182.4605545297918
190.4967348417366
197.13423685836568
199.18980416165206
206.03847589745533
201.16412473753928
199.10948845143488
198.3976458808128
189.71329963242886
183.86639860993333
176.78185311174664
169.61266554084784
166.26803803262285
172.9838600695954
175.6000232631449
175.33950007066662
181.57752685230727
176.9704844449562
177.414643363201
177.0036881323221
176.41956997424455
173.00561441990212
172.80106300358267
172.23901296733382
171.70602786192964
167.65320561005007
163.63634288954472
166.12578090824152
164.763116104076
164.84437081821832
156.74067952858385
157.72200288782622
157.38897651685446
152.32971805683934
151.13707235121834
154.49148014919137
160.79087137809583
162.02934556633065
155.37121345529897
158.84828860402848
164.91123297529984
164.86013499961166
163.15794409453102
159.1133451862486
153.5916749993417
156.88491412745967
157.70559999077864
164.96235617101283
171.23474544243155
176.0025329286588
175.84129615337605
168.22275638490123
168.19792900545983
161.78511873776154
156.75718859419075
158.68644315381525
159.3295697702397
164.25902254413157
171.00775984507297
173.00082255375986
181.35959740859204
173.08093168362714
171.94553717939598
175.1775691960999
169.17644777279705
168.78791954809498
174.29762001314887
173.1905437924257
167.83641275048052
160.25114486342855
160.90924671011985
164.16232693656818
158.58613807688755
158.67873317628815
165.4902435909878
166.14355598463283
167.023916294345
167.4335774092958
172.6910067088231
165.00534105287105
162.4001021861536
158.66250219159264
159.73076992847837
166.05536849028118
170.415869987575
178.23477974603387
170.99462253261873
169.83111766307084
165.91594012839283
162.23478701881874
161.59216098850405
158.56839797487382
163.09616457455897
167.49385884615273
161.74302765642227
158.45095868109217
152.56477348229933
149.24400316147012
155.76515254768128
157.00357820152732
159.83881101990534
158.4779492197614
166.12689777930197
173.3089072421746
173.29135265266513
173.19657919219824
170.28440636905805
170.25374476805035
176.55160922946743
175.74536382152937
174.20368842401007
177.5295618341342
182.91722774940752
182.58262585167577
177.17070154492262
172.19916360175844
167.94874564824087
167.14710524328902
167.7760538290037
167.32921853156958
167.11785321539634
160.62558365294797
162.17532864767227
161.9626160979847
154.37354878689194
150.0131596671589
149.78340892059796
152.5728923024906
152.60430082481807
159.6950500577573
156.54348137061967
154.88022452964748
162.33242756418593
166.0340594775412
167.10168166209436
173.06187757304141
166.791548620586
166.40392958214977
158.3002596312496
150.84496062827202
154.73706305155696
154.12433847741272
161.61894150706667
155.1995804495568
153.87954565299557
150.0540976143557
150.68208848350267
151.92434219287944
157.2925268809716
161.8654075498861
162.01641476240738
162.90973007507836
169.80743704080166
171.92467000291845
166.6240848136528
166.03484369830764
165.99830880903858
161.33307990381158
158.72895324512888
158.54978853607494
164.2027093892299
164.90647298921866
165.0448492843687
168.85952520935334
167.72010756828257
173.39724021868437
173.58522661589012
172.30292062416092
172.03848367353197
176.56007285660812
170.39327375248087
170.86022070483958
172.70327590826525
176.94133021570946
172.65679034627598
179.0448359064966
171.36129106148468
170.39386880549372
172.00150877622812
173.43441503790197
170.93454141666052
173.07703545021056
176.69030601212347
177.66492409446684
170.26954699942183
178.7537095604103
179.03267452136606
181.3833337467839
181.50770632197762
174.08615237786566
175.26748466661888
180.86114204568895
184.42236939866518
179.96540978205348
186.4388452181765
177.664592735094
180.4948493317502
172.2047349359201
179.96402983985513
180.23804226581706
180.286669320437
171.4969932390992
177.4701906676856
174.82686800650004
174.59599669455895
177.30555493857636
170.71284495928887
162.91630786646343
165.28040141826193
165.6529633739877
168.10789662102056
168.63225242864064
168.99717253668965
173.1307408897166
179.46844698842975
177.21769025366098
177.3055194403608
176.14730931780923
179.0842119684045
176.60113486026617
176.71993583047214
175.3125469851546
168.21439592083055
168.26648966201296
166.38225218013991
171.2819509659861
165.91170684178653
167.9186059154885
162.02623546641192
156.9287465795928
157.45795637680052
157.99664917803963
160.1403121944731
160.7532575517071
158.9603274122887
159.1571313245781
157.15181785172115
160.82082636469067
161.07122889756698
167.46035786962142
171.72358079727695
172.24441416388348
172.39921080975174
167.51787822012832
171.3788128648612
167.19181622319653
168.51583476596835
163.54428254706403
155.80623902926166
157.09640564014734
162.37991808213138
167.05120370229383
166.84391671912408
160.78864039893338
156.38322169787597
153.10594351666592
153.39690449648865
155.64725659997384
161.98737246567183
167.6692821535603
169.80714487960483
172.49349110012872
169.9904033417116
172.9480864417332
176.6265831772522
178.22958538392075
173.92667509839663
180.42539563705316
180.19552664169402
181.4291864914958
176.17563733060203
174.70455199413087
171.6518449093249
163.17616381871804
161.2046098967038
159.89182926500536
155.8910918488916
157.19851692416594
153.19326555094642
151.26176070237045
145.91075381103715
142.18172989812496
143.6322350291352
142.65955119502866
144.62036362445662
138.1139472202567
141.94478663593696
141.99244767596358
146.99980180929617
149.1076158317079
141.85833594407606
138.6296443034289
139.83971161927124
141.73144714871515
146.68299186751292
142.62309240023743
144.69812051501054
147.04618727143793
151.4235911955838
149.43215851970479
144.80535055530976
149.10825680241695
149.1687541110979
156.34536380936146
149.22420281587438
149.897351005069
152.06142184487737
154.67299463891896
161.52530688636196
163.0053617628541
162.49465146868303
157.39491373790023
156.60653166911968
153.68982647904582
149.9426834615231
142.78256289283507
142.90448475207282
140.70369818093096
133.8432479861289
140.3350468200072
141.48575588964954
142.36993746934414
142.2067529116581
141.43706710945804
144.07754994411277
138.29324587762576
144.03396776257242
148.1778794027803
150.15599071880538
148.87368835323267
147.20464231854953
143.988118380117
143.5603830846815
147.56496399627355
145.45130044257255
142.31106570061763
145.1906241021631
144.70586830948773
144.62766336030637
144.55056763718926
139.84173876820336
140.06727587353663
133.46616206553364
139.98948629063105
145.24661083169028
151.7302509341544
153.81052045008272
154.81778965207744
147.87441378818366
147.61786999330496
141.73816919126034
144.23031557706713
147.94024554007154
143.924139338477
144.91518127721795
143.59220917500485
144.71351407983397
144.06964332913537
144.09747189516568
146.86244642285837
149.9320078431469
153.51388498725186
148.9029947405441
148.69563343375825
154.10167209321392
155.34604277202766
149.96258044118127
150.33068344806114
152.63602653295848
148.01704117580974
150.321144161148
147.83169037838974
155.2020526884475
154.03297257342197
159.76559953393703
163.62421070469338
161.10165519389244
156.95903813086372
158.36468078424284
164.0720506654637
168.08112666735644
171.4770474961328
179.80934820033718
170.96631997327643
170.26575697844942
169.5611783656692
168.3927851838939
165.0164592742669
158.1698896455652
150.43307893902053
150.01014329763598
149.9951030720504
150.60230604742333
149.9403023916327
143.71545706168894
140.7796311948683
136.0186445567991
132.18474854720958
131.58388790435978
130.61238287958614
131.43880652889544
134.54897408305695
134.87369175922726
136.69946915811096
139.8576385185254
140.73172894694144
144.33636747454452
144.29641160681103
144.75504230803818
143.92173198543233
150.3718408563342
153.20259975889206
160.44267899116633
154.8109343585181
147.3673182959571
146.24020942231076
150.23285404336653
148.09032022826253
147.0852323707635
145.3515381014496
145.7324076793639
140.3182148055709
136.09832342550675
136.76875175220718
137.14752385604748
142.32846607030388
143.11440944606858
144.37302393115363
138.03700404481512
143.67461593379383
138.19937967495935
134.1805139586961
140.68459741052948
147.5039027331494
142.81038935728756
149.6865599833251
146.28182370170788
140.06778518940808
143.73279089144557
136.5855584123265
142.45220027967054
142.47091868817088
136.24030235541724
137.91945719290217
133.84306961502884
139.22395038619663
139.76087238719074
141.6198184363529
141.20858315942633
136.3913350972595
139.4180940813715
137.089619494656
132.470421008363
133.5655405399296
135.60574594103977
138.79806042496827
139.90677018745706
142.1973370192832
144.02051548629717
150.83761230121738
154.08515778706814
157.76150753451398
154.08515507172854
148.8482088417616
149.9813242882692
149.0348908583793
146.3514148013637
139.27989303310534
136.63391346682872
134.79733220465837
134.98736121401072
141.57605535570653
147.81069686702727
143.71440158221566
144.55460839704617
150.6060370335575
152.63195452031678
147.60393696270555
140.88583200051133
143.0977092635577
147.10349517866302
141.8831915119616
138.63740543818506
132.18464706479423
133.44182974345804
127.60503569042058
127.45949892770841
126.25512551428683
121.94239578405748
125.42922679471901
129.2993575323386
134.8082044075666
136.70858443972668
134.36944065065472
134.4311193036803
135.22030257274972
139.41996733554873
141.1837569534868
147.9981346279878
151.1699704188442
149.71530965908744
154.01713959639724
148.35069024868508
149.04218004125968
156.469913504256
154.06790373910042
154.02494956172592
148.1914294678496
146.12906652328522
140.3995999955483
136.3556964208703
130.23664860598373
130.22263069952822
130.57377590354875
132.50214602062033
132.77131905419665
139.02787910272
142.19922476235314
136.12479323386407
136.77229576666304
138.25112840339972
138.79390550308094
141.68347667112064
146.0590035132195
139.90676646270157
144.84360465555466
144.5405096934733
144.00185025582465
144.02632302361042
145.98927471001153
150.04568346410701
152.31202292948998
158.33305287968736
157.0756402601662
158.23790199018416
156.57789623338113
157.13048177400472
160.34001118978503
158.2630054223948
157.1837030518133
162.2634075588195
160.53991158991994
160.56094435655925
163.24069020476443
157.22084622017147
156.86534201281714
156.73236402444837
154.21461605207807
159.39122178868178
164.66851779680232
163.40330081977646
162.25542618742014
156.97891175419554
153.53886979227025
153.08257638289265
156.51364401342434
153.44522483566928
148.9114376448012
148.46498043982336
153.9133900580282
155.69371157522264
156.06721997259996
152.04135638153687
153.37291750194137
156.0599111031759
155.0373095669325
157.780247288669
157.2386841641404
160.19179718992092
160.17477347929292
162.32047844879347
158.81959104395324
157.48271126611436
160.18327777236735
159.4462921366425
159.1643897679972
157.96026767235946
154.04351843898039
160.5520983850079
153.59948349205888
153.45383515298636
149.16116791569834
150.1372518626176
146.30766924002285
151.84326149663855
149.63386992405987
150.51891220146945
149.89142147434396
148.13084865161218
146.1506893386277
150.85482035918506
145.60292026177746
144.28257565092213
146.1466430799746
149.76825224258516
149.26658460274533
143.382157028413
140.27049617843673
141.4018095865264
144.94021908134334
143.95804350548678
144.2725832778487
147.92011048270427
150.1262505317708
150.4304373391879
147.80544133928944
141.0099692530684
138.29302595082328
138.30950073159008
132.51414650740318
132.55373600954968
132.51966006299017
133.32881746247017
134.41446296069986
137.47284164219963
137.2662029306982
131.71300119998233
133.00355773895504
133.61390980536058
140.2196276040449
146.93275850221386
149.08357733668726
152.9367143396776
154.03367982833961
146.55430409076953
149.8437699696715
149.7191198856666
155.35222326148318
154.69396802722733
153.88917744457007
150.53317611329084
151.0042088551379
143.62992394003038
144.9763672037773
140.2504104935188
138.622652851226
142.01358237114596
143.87074058723584
145.78001990766586
145.4817086779196
145.5195527657326
148.11230130322045
148.15409410007084
148.09856020265553
146.66985622257124
150.40613245261036
151.41400845102376
158.52184508716627
164.38655600638504
163.04206137743284
162.98445213872367
155.9080589531931
156.35178739207754
161.79455073319272
154.92156885911598
157.70184223837688
165.29505779627516
163.85618729264206
171.7361967269729
172.48558135437065
172.34629734816073
172.77756968041
180.96885534709128
179.9588338920028
179.35246185435662
177.13860072672358
176.38021238657552
168.6622249230958
168.4817717587076
162.18083412722012
159.34444015586683
158.93438943887082
163.36041794695848
161.10878791716945
160.9796477757337
157.69060287943148
159.72389459010958
161.49704953070744
164.09487628924074
168.3853399570145
166.42225340808008
167.36172483822753
172.37796216052925
174.14727710874587
173.76244544467434
171.55488198303124
176.17164394481532
175.93809533229472
176.62897461069272
172.91414277088992
170.4063269000194
163.83905343980192
158.5677711288548
155.17680659804023
153.9461624359765
154.2348570919023
161.88714422273813
161.72001875875398
164.25635913315216
165.36416710418746
165.65177545513754
166.19968325124063
169.89257024087226
168.29103678883703
169.97158542163828
170.08258173705565
163.33314493248582
163.34955475567034
166.56857770849518
165.97157650164957
172.28071133750925
167.73175839697518
166.31753798432425
160.47230579607637
164.65466921110598
159.6735882432571
165.6128064842766
169.39855301803954
172.54563068597287
178.3310769548085
172.2886694517684
171.7495638528342
171.04815861524668
171.55683802928132
165.95144074625497
168.61030856954133
163.40525962453438
171.13465404102942
171.79329846456437
170.2913786178824
166.70188250638876
166.6738509626618
167.80063160405314
168.46892309402426
169.01933722674778
169.08750504161492
175.43971316432882
176.50434926759368
183.68779021333907
177.12084131593969
182.41146590831576
181.68337113406594
182.4264193719337
182.36783542255404
180.51751150708546
180.10978627826506
181.60529948423195
181.57158249961057
178.1898804187694
174.8459217536963
173.14954588301583
172.85757578824698
164.33795315916495
162.38339219568593
159.58693906149722
159.54029231139162
160.8999642943377
160.0195000131649
162.16446588623174
162.2647172304017
163.31911599976007
157.13657828951676
157.55821015902535
163.47514281218193
169.93820948570678
176.81449838794052
174.9265763993245
173.03741170943604
179.5449121812852
173.4073910168547
172.00696745122727
174.22056221284387
173.6585462358547
172.78036202341352
167.5276622233864
166.28256196855685
163.1787337807402
162.4603055340573
169.4253594566594
168.67672930704018
168.3621102909626
163.2671281300406
159.68373531738362
162.01948241126073
159.64414028149955
158.94030908652522
157.3173058196365
157.291126249016
152.52425778485178
154.46408423719885
161.97866654454066
159.4749556646067
166.78248176220134
166.53334685341886
160.81672966012326
163.12132275347633
166.28870876909053
168.58542367900358
168.68948782508832
169.65924143648542
169.36283065585974
167.9024157382295
165.84864227075116
166.00886453842378
160.29263924181012
159.95447872943487
162.75594260226288
162.45558471712556
162.34814289858744
169.50920496762555
167.4339966072343
172.04490427057772
170.7227203597394
164.78713263876602
163.3014681770627
169.68147516443588
168.46254746106965
166.24897783701297
166.37553462505957
158.57284602499357
164.35762581398157
171.3678390433389
174.32243313339478
168.36151177934485
164.11804547805482
158.16595009464803
165.3015697137997
159.79170611315678
162.42274925454558
162.4761125249165
155.42182024765575
156.52588252075805
160.52093711893755
160.45730104502343
162.98053914454624
162.55134056648723
169.22547154419584
162.69037286999924
164.95193482231767
165.29287834948715
162.3441681791129
167.26876223435602
163.64691605279796
162.78265836802908
166.01408352473385
165.97881554417688
162.0457151928044
163.21081177972826
165.62199480909163
162.16864146103416
155.94187994588637
156.83693864081397
155.90864177515223
155.8841061778834
154.51718524334234
153.82250341536445
151.0157579433703
145.12243109752256
145.18341481804316
138.6985103168046
138.27517405477064
137.25586949542262
136.89293119252315
139.24723732964858
141.0615610158222
145.8245944410512
146.83800650730285
149.7275588918766
149.7453235651033
145.47626026361405
141.50234903352947
138.5352457399785
143.24352171795573
142.51663261502912
143.70211371084167
142.49039328926358
142.65245284515348
141.90023921181526
144.6568821746765
138.7356629495374
138.51595475811973
134.12643515414624
134.24731167786342
135.80896268887147
129.08453187838288
129.14989228678897
130.86809646005747
136.17081190850885
137.5601929618119
135.0520501316286
136.05830140631136
140.33621876146853
137.27901098720514
133.6568007051995
134.0995581706259
134.27463329726058
133.17618174008942
137.2738447905573
137.66130276836546
134.86380097822172
134.25886413971023
133.1094192345684
134.21209452733476
133.6279594154646
133.49473794001645
133.05568887155079
138.75086056536242
133.52226715608566
131.7843082779438
134.2856604937798
137.93521805173688
136.6294156392842
136.2686401208801
136.37144879994617
134.37083681714802
135.34823154720078
137.09728042494964
132.6219901506771
134.17734012876682
132.41027169610035
125.82681097158695
123.82111843079986
121.1443269934223
121.20654701542188
122.69953843795787
125.69857503592132
121.1927205342477
125.48386154018752
128.1934521373881
132.88768641980883
134.64211965516094
138.64227699677917
139.7437163522571
134.56352313523283
130.69950580517457
136.49623768050185
131.03371017628777
129.634540886183
133.70715858820657
133.59528663525603
133.3331006832219
132.40974997991202
133.0089393526437
130.9553072001949
126.57488998355436
126.21401316033258
121.66715718554494
126.07868343621053
130.98923991710728
130.01208263706422
130.75678074485862
125.84505656748598
122.37859180647952
117.99030964347145
117.92539443348939
116.7224397198352
115.7281602165638
112.94306964702443
115.17466116141742
113.31872231795037
115.01538097049182
113.61796659719487
116.35697393643976
116.01174152524135
118.20853281894541
115.64529871565472
120.51484651848268
123.4775968242992
128.56680600896098
128.81395297978327
122.70857887143309
123.62611091248824
123.65467098491276
129.2717361094631
127.24815222695807
122.24691278287418
121.65316611330654
122.45986989624102
126.86036011730408
126.67598467926138
129.35116201065162
129.27869096493066
125.69085954276753
123.5237502044462
123.54612697552352
119.02960896826688
114.46125979666225
116.42673470246493
115.35562742337477
120.57954468776236
122.05431616653114
122.84647955722554
123.91381593503874
118.80899112523194
113.01905567650547
113.08451774765011
113.88003507457475
112.8930903314723
116.98601041595514
122.44705993856144
116.99715215516333
118.99065370784184
117.50573164289173
119.3429805047917
116.46984182001779
117.03111982362215
117.32261236862298
119.78186023581691
121.8477206765927
123.25691437518053
122.1243776696533
122.41957359333065
121.55703927691295
127.37617387108732
126.75183651028861
129.4420767517022
133.04993778603162
133.13330312118072
135.74420991260055
138.17282664954405
139.81440285915494
139.23544317484362
143.02691316018362
148.41153555836337
155.65143611889988
153.1196133998262
157.23744807802078
155.37293452095238
154.59546657199445
149.18911306496878
146.43011650950544
146.33131383002538
140.4757686626236
140.00447645479343
136.80903172773094
133.97491364113642
133.74755978926044
133.5558387683763
138.2734789653684
137.50130797342015
138.97861553488252
132.58593778402206
137.73679063474975
137.5799429981769
137.81854155976538
132.75674344185242
137.30338001524228
140.16947671077145
134.69803008824084
128.36833928398732
124.2756624065384
122.04094272233608
117.35295077746096
117.36705377760435
118.52149653353112
119.49136132088547
121.64862016515052
121.68920734785287
123.31467599627295
129.4703369378611
127.50721741451893
124.00810268267425
124.60660590327494
123.31478060950674
124.59761515663556
124.71486851533405
124.77412236573419
124.74631242012109
123.46841229541437
123.50224730937342
124.19385204596279
129.82081220453384
129.27307590895037
132.02349699365325
132.66364508012282
127.92133297463585
121.97534243751096
117.05379437190919
116.8016046343507
116.51159969181424
117.68398434671545
121.31396402041337
120.70210819858596
125.99603984340877
125.44322421833913
131.34298589362186
129.0066449513503
127.51047799731506
126.34346223931885
131.20064034121106
126.05632661162849
121.97752666307835
121.73613927893501
121.13106771456103
121.99825894138485
123.7264401392247
118.88823328095513
121.26210568758495
123.05190877572355
118.43471723170305
121.66355348203858
121.54725056126712
121.80111532544545
120.03786412836459
120.54040508400176
122.71684782423796
118.9092584719912
119.5580421047562
121.40040568647284
123.56975946577208
119.30238402201168
120.19822398178509
117.91823537599898
123.13409670343884
124.58826054027018
122.57519229824334
127.96876533006437
133.7939192189719
132.93297251536248
126.86018156874097
130.14281899259748
127.0570457922092
126.9940217446252
127.32730458482624
132.93605358460138
132.95777902383725
132.7091905619283
129.1635669007068
128.8015885652359
131.09027208556762
128.9320875881088
124.366765566385
126.57495523920028
125.35480179688429
124.35859682202533
126.79732979329962
124.869180190643
118.92866970045255
120.84474255928133
126.70165615691128
128.13760657987768
126.72933618734913
122.16935851570626
119.29749048953418
124.38544228262516
124.66367033541184
125.67509601584673
130.77249104635817
131.51708850466179
136.43214580728264
132.39118319765458
127.44581066664693
128.04442777032477
130.48661148242033
130.53507916997333
130.64957916970937
130.04969337149566
128.3812212428968
128.32880578905943
128.0656143336488
129.84994544876113
124.29097515798817
124.93504148831268
126.19723346367371
131.4235728022648
130.81510686184953
128.17231411673086
130.05372864958798
128.5771301668972
128.5170745938442
134.1222717961674
131.46659395157266
133.06921644059298
132.11233075029224
138.6569429357817
131.74040948178677
132.93334630544607
135.2855085207488
129.50473290102983
135.1180247500886
134.47502852868809
133.16526093187684
135.1433374093504
133.6869731338168
136.37279005356473
135.79767424790882
137.94123620579683
133.6401921173011
133.71972472939024
134.97137886812322
129.28763927752044
130.30321360265475
125.57263842578286
126.06159069558898
126.63457417107169
129.17830826952877
133.61551240377307
138.8504413277772
138.88675378100453
137.63216702149683
131.72241936887826
137.14397978122474
142.1779821889085
141.98655927628633
143.89588210883701
139.15225028049306
132.38390859012355
131.0637684464042
132.04072970641985
133.39388538495433
138.3118692768564
139.7714658607844
134.9998720878349
137.08169294394133
137.5218285807609
131.57018920664188
130.29997445258914
124.71029476084709
125.05131694293077
125.2754585359157
128.15188481676222
125.83611191125709
130.4608071162021
130.43268964382162
130.76972577099335
131.94233755692971
132.8813375510883
136.37051930969662
135.338250880076
132.2350581779183
138.39397261280462
138.55488430561246
138.75258934460203
138.20972522798192
136.3013143570695
133.1061736495284
130.97097374903848
132.54487408796345
137.2305409629673
143.38837520163753
141.54714518442424
143.66747636165886
141.26171296828616
138.30975594282324
143.77475412563413
149.3501578828756
145.68511820141234
152.3799721135872
150.69692996673308
154.90265205049297
150.33364973274018
149.2022400826669
153.48375360578677
153.21281467674808
149.33686846365723
149.2258189091712
153.30310603828994
150.10120623713883
143.39990994280498
149.47945366487818
144.83751063100263
