2 0 0.0 2.018118052655655 2817.6167664559352 2.183773572094198
104.73572551742294 107.12800306791277
102.36185263371192
102.90506428678499
102.2217989472043
100.02509322663172
98.68058989297386
100.13632974899929
103.82605724022098
102.69457719039231
102.8782598793689
102.4624978552052
105.03091924976476
110.07237980168412
112.52047808551235
114.27466349920722
113.09203358868582
113.88523131160278
111.28192576646354
108.98491869965805
108.94922079383335
103.53710936852025
102.85284655068754
99.12155302426649
99.07063449430919
98.74813212447933
97.4000925222035
95.26266376715509
94.0909717448255
98.42314531571401
98.27939908095935
98.39349796728128
101.07902922528493
101.80347534329448
102.23925367728118
102.22581011190425
101.9774866419779
102.81712680661424
103.23099595559373
104.29592615527996
105.91717718677444
108.69871541124185
106.83359807237774
103.83484156776366
99.0959146836122
97.4351196971037
93.5639158618107
97.10768948360784
97.90538164383781
98.21867011432305
101.20053298382734
104.99832351962338
105.01948719389233
105.17771020087298
108.06485745513399
108.8478219867922
106.15139514947867
106.87423165223171
110.84446631143305
112.1412470226784
107.16839080271323
107.90013058728456
104.60197863152712
102.63087747884491
102.88687580223441
104.84254552974589
102.39575210316391
105.75429860508707
100.76808606025999
102.06767415564636
103.11344965950204
102.49444635213864
102.93703955781648
105.41417790338978
106.93136845142575
107.20912845118714
106.3150446365164
106.53379416080284
103.13414622469837
100.08759158404686
99.5709344414568
95.23372768241241
92.14304501540994
89.68633377745537
89.78493508438713
88.68391435335022
85.92491850409638
86.26095945470318
87.35049517559402
86.79521602252434
84.52924348966187
87.14095033432969
91.11629422338447
88.85351837564475
91.8544097949013
96.29268380636097
95.56875917694953
95.72514162490715
95.33592555481756
97.83250816051101
97.62295631326494
101.68816101114926
98.79791835379427
99.11753785307113
98.43424138265486
99.7347830840123
104.10642284082613
105.39819199812068
106.4961040513239
111.06229061757107
114.61702198829451
110.43148312500819
106.85532117567674
101.7320392840704
100.72616405547579
98.91956410544087
96.38859319967196
95.88593631301933
95.78255912219791
95.67161902806524
92.12876810952062
93.52225509196768
93.47402328027569
94.7194277692672
91.37597300017259
93.3995853693339
89.86219918270376
92.35025502128006
94.93078827787232
95.91203491182036
98.34394240481713
100.76927753044878
100.46115595044887
104.56948036114858
102.6205011399253
102.49365918426366
99.89575147136765
100.49042703447141
97.7950273603341
98.37531045452334
96.60795846471426
96.59819137230585
92.49172334380195
91.6712432905183
92.16442570204221
88.90345510971412
85.6107148610526
89.33615945933042
89.85029498070874
94.3044124702712
94.9676621586071
90.37393447773094
92.42706478601566
96.05167954709277
96.66289533587288
96.7439627221143
96.52477743636763
98.9793648080624
99.05441820628917
95.48226097984731
94.98405045604265
95.03244907776859
96.17754715425923
95.42906174461162
92.70740144850964
93.65838528961358
96.42140624737834
100.66090486672375
101.77208258893722
101.87347702135608
103.26887409300569
102.30586291602138
105.61829981296788
102.77629120075544
102.05012870461061
104.70377351914118
104.62997202325077
107.19750823817759
107.21033443856797
112.48688671549772
112.7694246732745
110.87547045403427
107.31861969603459
108.17794476975146
107.62238131846634
103.14616480816011
103.76424524743129
101.36007222471166
104.55914281977705
99.387041365708
99.84172025575755
99.67350952396791
99.58424242076983
99.89101976955497
101.40316730402385
101.95755942220254
106.01752761958441
106.91645910934659
104.8792130284575
102.50244905473399
102.00196428013716
104.8082951495032
101.21944819880865
103.89586048508563
100.50418973844835
95.80370494643853
98.89798838821456
97.87574724695101
97.71477931266399
94.98741592060375
94.86827850998544
92.42237456669012
90.4870453906201
90.16144302861827
93.80287860252369
94.68021177089695
97.28106195967602
101.49229830591996
101.58785669654714
105.28989313715158
105.61243692721828
105.95677999044717
105.79628183898619
105.12870552648363
101.0473398685952
98.34121805281235
97.43735165515677
97.20562398976578
98.91857322052668
94.09387599281061
94.7638140692341
98.62112134851795
95.68559155176412
97.71050455960759
98.5158225154693
98.52844488341911
98.60585985856504
100.10759160215635
99.6468051443017
95.17427597295494
95.23662801516981
96.02751979581974
99.78159569588273
95.60137425044701
95.49018942749574
97.26766895131038
102.01719295227714
103.03970431751392
102.9920761474864
100.5494114687525
105.03446763191712
109.08800359538638
110.94375607651688
110.17700703473378
115.0991694910071
114.7728406464588
114.81613319731406
114.26045754196124
111.42978547049347
110.4204883209991
106.45208213439146
103.77581757437827
106.95957696216978
106.80539078438501
108.18830987843823
107.86931671032544
104.96955566593566
100.60652421459346
98.0328246097027
98.04576127367655
98.343251020958
101.16009496145611
97.69585050785236
100.01332760086085
103.22746245600445
100.77785673168012
99.25930773283953
98.11195450310817
100.39906604248135
101.18288272810506
102.83916046059757
102.65276815042193
103.20661807386026
106.1002350349423
101.17179742173309
96.17433671519896
96.10624074875024
93.59420809657193
91.14401232943962
93.94149166852253
97.71397281927176
97.20619126508666
99.39581453208591
97.13838957381495
96.69034728143069
93.2863894303064
90.18349174219856
92.98606942830018
89.88256655053667
91.58821856398315
93.35996737058989
93.85453307228255
97.33591564673293
99.78805599367035
97.63207584671578
102.34750745663223
104.04851309488436
100.44815765511035
97.09382545311863
94.951564036151
96.66114042661977
95.95712192959888
95.78687589477063
100.46817447823946
99.88460046167201
103.49072483047722
101.48108934822457
101.39545610718294
104.38756672198696
102.92204038854587
102.84526335758903
102.81475677499004
98.86189029369086
98.72981543534725
99.22841176254569
97.14011512038266
100.42974695541356
99.83933829435937
95.06776014661216
98.64865001468885
94.66006963321975
93.66741253204411
89.95004395494962
90.21872771874692
91.60396908265422
92.4161961478619
90.53918062939229
90.55295906884531
91.94080282915027
91.95265017176705
87.67990507442227
88.5770089062721
92.88641691732703
94.28875715077973
94.36056312225693
89.88541459923552
92.07367608588379
93.80089527966037
91.30972854555426
95.06467120726523
95.03168175850054
95.66934328972839
95.74937922124417
96.35698333508283
97.07558905108966
94.30291469638738
94.4798363747702
93.99565312797209
97.08431664703498
93.74314304190236
91.97992837293093
91.12280685330768
95.00483930965666
96.22077421069966
99.79981502728056
102.75071101158758
104.04738698124454
106.8120814804036
103.36556782098407
105.35992409312811
107.81144123777672
108.87694034371567
106.63477089589026
106.50802137714483
102.10518098128061
98.69553984834748
96.70464145096743
93.87375135242135
96.26574352933073
93.30397067912992
90.57969112996962
91.10972432806955
91.20283688103767
91.9752211186021
92.31832885690075
90.69594300979108
90.86524230070656
91.99088787775067
89.13006887138137
89.7949305805185
91.41931975542347
91.58192076500336
95.71495920924065
100.45076493498385
102.58367893220043
101.60840731604301
100.86106254367066
100.76771665675068
100.54059908410929
96.29221224482131
97.84050264309943
93.34354952635624
93.03391949374789
89.53810783957701
89.34183221289186
85.83365463591662
86.04209400570392
85.94651243361369
85.37823443801373
85.45727242626683
86.4052291283515
86.78637832958944
85.21734605492341
84.42718458181984
84.89819570585789
88.87735521041793
89.43764087589251
89.44668026125956
86.46582009259089
86.59335388144017
87.66397987291974
85.18427492348204
87.18536402473843
86.1896899129469
89.00572479335112
90.90135927564654
87.50359067392833
88.54214206399666
88.15175705442785
88.42981319343149
88.51412842210156
87.70039965094986
88.91266254904085
90.02183427623987
86.1727953980737
82.6691098752464
81.24070506317129
82.01859959562674
78.90019013924068
78.5198521854589
79.89258314289411
81.09892403102468
82.23061946752223
83.19037565782877
83.25520791532122
86.79051783009557
84.95573857987875
86.72187189095888
86.82132735967657
84.95860883270711
85.8034746512284
87.0325335025106
88.39458466091588
87.79598820844477
87.72874862980042
86.97046343259646
87.09264751485732
85.04731079886083
88.9995635344427
85.20824297593533
86.91288229880577
90.50760350718444
88.46060138586701
89.58152049786742
93.82208366561966
96.89059279231518
96.70334382516354
94.70391788342585
90.40998247851108
88.70460549208208
91.07565152583618
90.1562696934015
87.11480885590753
83.94700798614481
81.25723073423195
83.80973586028138
86.48875899661974
87.97423290937692
86.56885787564781
90.32045849065975
91.70201107656372
87.56559771657886
84.06150904046612
84.27612608853347
84.87607402259675
86.90652148411193
86.75525657535968
90.95955629282378
89.85928677548522
92.34932639528206
92.1932648037306
94.96030589326462
94.34227696040067
93.15265231566985
95.46532698270042
94.40809885037322
94.34364623514647
94.25042686737025
93.70716083082472
89.25663593173884
89.03708938836728
91.47556775713426
91.08355967825213
90.48804151631927
90.20217910135366
88.49560477084988
91.87399818793541
93.01553018317951
93.0928836073059
93.63779566150265
92.592221958717
93.53516195524169
94.48076020232249
90.88600386406554
90.93059859981678
92.1899942414666
94.05083871697872
95.07356296399848
95.1778642755556
97.45052660770146
99.32217915930529
98.97333756941752
96.74351688622033
97.43291161990454
95.01190165045021
96.05042223874062
97.30148019120787
96.38058223832469
98.86598521199487
102.77360694760193
102.35970357685747
97.24395412787406
97.16353158463778
97.44668487753555
98.59686019725677
98.6105699917996
98.36914610960667
98.59556017890642
98.97649222545985
101.84101823968025
97.7173335319705
96.84275045494257
93.69735728094108
90.28239533672505
91.11813718797053
90.5461877839895
89.16911869915198
91.17015269784784
93.08645907584116
95.67214865093794
93.01001008018736
93.81614275416467
94.85223504331749
98.57158291606724
97.49977510056776
95.51926930605686
93.04637134323757
93.10843256647513
88.68279877983159
88.7165674268571
86.94918318837232
87.05796549600146
87.37713176534842
89.21564068357415
86.95437452607786
84.86376456697677
81.33449032723631
80.35072211906686
80.4538185604583
83.37099943077364
83.551594754946
86.13595684357912
90.04149505902437
90.17110326049827
90.28433634516033
88.95536534462893
88.70856983769336
90.6308790469548
91.14530153424745
93.89550945937356
96.72405013425396
96.38563761757047
97.73951296129559
95.75527038064307
97.40817742810529
94.92923598533038
93.80635914036736
92.01898531905809
95.70884270357591
94.75307555835523
92.49518925619967
95.82953633035073
98.12081633873865
101.25159206718459
99.63666060416901
100.35794522815927
100.94120516555164
96.23576772271377
98.35552693747715
98.37814265971726
97.63564569370519
95.01780140004801
97.79723070892847
93.8305925750669
94.22527253329719
94.28531890082695
94.82050274506832
95.03573555979752
97.71489575918375
96.1195221133331
92.01578081743608
90.69235713256397
94.53731490542306
94.57866307732387
96.65055786097898
94.92578947785277
93.16991733347452
94.25389434153993
93.76037159691171
90.74545322665794
91.01979499928949
86.5529407591618
87.55760773229221
88.76731821533376
91.2726446775311
91.82625022682414
90.08553557832678
89.64614712733062
89.3608603318564
87.80434658957951
87.94643039078792
84.22416071146013
81.62792780318165
85.7111439884089
85.98204146589195
84.84929022402505
84.26646198671173
84.86444830665735
82.10554859097249
79.92015423903764
83.60421818344147
83.72602906338604
87.16290322403133
87.11506073897759
87.57058128647206
85.60597276294789
85.5744512580703
87.05333564703987
85.64480380526943
82.75287551601801
84.05186019856168
84.5955615752795
84.70217882313302
84.22256575262075
84.89515190190177
85.0807369000198
87.51282954621537
88.50168229600345
88.45886066259077
89.60252286204731
92.26921969433333
91.66036361493983
92.51054161186008
89.60029800430486
89.2900034903708
89.21340042437268
88.0564626970388
87.92336338213633
85.79667065179189
82.44882957875353
81.12923638929388
83.46217587546937
84.58916248918482
81.73987375182077
81.20736022099514
81.99244833522555
79.55896453964799
79.61381342025842
82.73051364789546
82.71411126598231
85.89767919234295
86.11368818260873
87.20083146095428
84.61825060992064
84.543849880726
84.35899770377266
82.82102595403258
82.19332278233436
83.72110912454158
83.63752090275565
82.72927122122445
81.45008919224412
80.33838496233957
80.70602517279694
76.76682306119412
80.51616182253142
80.09100312072019
80.17900561235619
80.24440473046378
82.44706876965066
82.45591549197479
84.15854846014183
84.59456254512516
86.2447219599377
88.28279386220387
88.42098924170476
88.67296152162336
88.49600916987242
88.40135920772593
85.78618409693378
82.59518480399906
79.27069300619772
77.53574572364548
79.46379930379155
80.87105956828285
83.5343074345853
83.747846733787
87.92104760169008
89.67990000234228
87.62655795767652
87.78517971540698
90.43584572673619
90.44496906753166
93.23349666979719
89.23643888830634
90.93157634593122
90.53242447029479
90.79650236318699
93.09067456961773
91.01659727162668
89.82527829995327
88.38200316167
86.4763529123639
89.56120149183408
86.60026074797449
88.23627666791486
85.30657825736152
87.19421618798137
87.04432524615406
86.4890958699296
84.39307646428077
83.74646866275992
82.38203445858149
82.41675172867025
78.61996332068117
78.76855089180324
78.50867975275675
76.378531450592
78.50392241443915
79.75982978697884
80.04875712616098
82.61810029621131
82.96649191173071
81.9731839657757
81.65125582681756
79.49651682202806
81.30622172932077
80.92745794093577
81.38864435685889
81.93709988621146
83.21213976436626
83.29824635412253
83.53412409584313
83.62119490914272
82.65787829497589
84.76339533175454
87.19841743257815
86.30707992522585
83.21804161175362
84.80190274009773
85.74507192079456
86.84261629392661
85.99666926179991
89.47858948334088
89.96347648393672
88.06703592583375
87.86019537983334
88.98633204345522
88.44601839731457
89.13024460449681
87.42352790682848
87.69697942099145
89.22958308843906
90.76917019776
89.66962233527393
91.27094877031733
94.60267635375959
98.04296528331271
96.62605877327701
95.65922083209914
95.43579056376667
94.08665117086149
91.68437195377123
87.12554424667259
83.68317021032136
81.13606773772311
80.39564480660142
80.47587205516749
83.64955695321979
87.50802763558899
89.65875815040411
91.6766983910985
92.13809139621343
93.34785808799253
89.33054975534807
92.12588225607985
96.55883323055843
96.86851530391934
93.31968652498536
94.51939591305286
90.1849074005017
90.35960341056064
89.99110345183584
90.71054364773241
93.20373752863351
91.53402298774296
95.5863472415878
94.38407674737972
93.53719438105726
89.45886350019501
88.54928485149145
84.97861641597561
85.7436064748856
87.04146088563162
87.8233925783029
83.61801936395595
84.01867954246575
84.16328194035428
82.44187764802668
83.86649784175655
85.19384797660962
84.60189008594544
85.7385899188058
84.03672885147535
80.38686189183014
80.72412960972433
77.05447272231484
77.07500679969142
79.42020219271225
82.43255193916423
80.94541566856203
82.03067828456467
81.41180961000327
84.0246502675044
83.02028725808506
83.89151583209515
86.65724908252824
87.5101492310202
89.07870426612853
90.18483890186737
86.44434546700249
88.43557500055361
89.66107775903708
85.47046981052678
83.60939017050106
86.35198412476191
84.14196785696932
85.73800276318735
86.21577911924162
83.17649205542467
81.82856225340488
82.62192728914881
86.1704177596588
82.94551208094182
83.97509274101455
86.67662828240162
83.3797698111949
84.64999667686816
85.1898028184552
85.56779812010355
89.39253155384802
88.952660970341
85.91178204076567
84.9034587904568
84.49947211608496
83.08929938556209
80.55304781775146
82.76384994813378
83.37359287699708
84.01530766373104
83.6075845585309
86.52306757625531
84.21679984482776
83.46153274277962
84.03824386016389
87.76140282173809
89.70818332300033
90.07909730653417
89.52839426405355
85.48859366905548
81.58970167670735
77.78678345749084
77.73938168400124
74.08442261740635
73.98625444047657
71.14212913295165
72.57615876587344
70.20439937324625
71.02117791993547
73.79212130948876
74.71614359985892
75.37396139093853
77.0184589820792
76.9158872641571
77.4934346343634
78.4468782841122
78.34818551874366
79.19145476807847
81.29737863880621
84.34176743246451
80.28006536321028
81.37059062923967
80.97908325521018
81.38393600034706
80.76875925058643
83.53173711040175
80.31736181852692
83.21819267637837
87.06756183096496
86.4052135530129
85.81880972342942
84.66335391503016
84.77860206054807
81.65952870309818
79.19052393309006
77.75250770223596
79.61981371679946
79.09020910225729
75.97755732968267
78.11085966076917
81.51538934752199
84.8961512247449
80.95140364332036
80.72833899276766
80.86875513433215
81.65165794197259
79.18432309707816
79.2292869278249
76.73584412264802
76.96345860067923
78.91268248106566
79.25847491414551
79.27740633151498
80.28410840201693
81.66275886152825
81.87967964536413
80.34551560180876
78.8239518588079
79.86149769549401
80.5420060180959
77.36833540211832
77.93154443530192
77.88816533062241
80.7656783178946
82.5442649649867
81.33631730669273
83.66940713184839
82.45283502427027
84.1278147259044
82.03556816079553
83.18059231837142
80.62122306215768
81.21382745880182
82.10468125635573
81.68548352492299
81.69429756014397
81.78881205784613
81.21574459655659
82.79199885647758
82.76115006538444
83.17835686894347
79.43757596646647
80.9662335920035
81.55686792146099
79.13311277013078
80.76921812603504
83.19699885005122
81.56531195596212
85.2497780553205
84.53569053100325
85.07049980039437
83.20230804506942
83.47233241320608
85.29859807500544
85.78753324543358
84.91405996582509
82.37010862531409
82.01032772234626
78.8863974605528
80.83515671169286
83.37175940957806
82.42933408809637
81.80195833462088
80.97075403309171
77.97905049773193
75.85942203146244
79.4894165405153
77.8476643127557
79.70104563115396
80.59858226707162
82.25644550060156
84.53912324492225
81.2219865508787
79.40644976879899
79.16902901423073
79.22692941178097
80.83599564232848
83.0927727136524
85.79262426527177
88.45543655499976
92.31816417088332
91.40195157383206
91.03783833886787
90.54395944975884
90.86664682100775
90.69330501028288
86.98260119073518
83.43524458438326
83.38854095361843
84.58261844639904
81.53638450174745
81.26228111668989
77.34676974554812
77.92280855941488
81.01138576325387
78.37379406626582
80.1459765470172
79.64674533963151
79.79493285753017
80.6662193179615
83.28363248538125
83.96056175579395
85.25385600276971
82.70556583480912
86.77540596089152
91.0428587643662
91.39526805961057
91.63828639433572
93.88904022571143
93.70763299637849
95.52069029852747
93.80101757489912
90.92541599888494
91.98334142187586
87.82874903021316
87.19786942906075
84.717289651432
84.68110944804314
83.10431310786706
82.28045979398262
81.54571088583705
81.62185543110643
77.64220698807432
77.71138657122262
75.74448630296895
76.49375888029483
76.61895234074004
79.87543035093243
80.17080781297989
80.76190147864389
82.93255346829048
82.48674240835892
83.26593057719222
81.93809022576033
81.9506325837908
85.05609443389835
84.77129275230884
88.12209265103634
88.31562952781216
87.9827786014704
89.85400325963788
87.88508644779652
85.98991694475092
86.85398865470881
83.42651453327706
80.28500959402105
81.3798302597803
80.61063538830672
84.11927111404928
84.8182156961829
82.89016543929047
85.19191790805564
89.18080762984711
89.62718093767074
91.16668410421146
91.91997501581146
91.34627776437549
93.72053191660373
91.19597133542209
94.71459484645038
91.03595852395189
92.4184842663145
95.3357549840804
94.57930796157271
94.6039341270567
91.32758735919495
91.86619283844087
89.55850097659041
89.61848571878697
91.13209586489857
88.60955445829032
91.80891300804637
88.6917443781148
89.27626229684793
91.77464931482973
95.80872553451678
96.43541863626305
97.94820498901925
93.79295758815776
96.10177968247837
94.10033086844327
91.21451776043259
94.19669080234584
98.0858596851772
96.99008141184535
100.69279963982004
100.3873343067088
95.50406274917519
94.57515740897256
97.87825102142473
96.90485599294901
99.91976667929123
99.9334543979299
96.4166578667084
98.22953334199084
98.65297508303964
95.92903664226822
100.42784899434744
102.06475155698604
103.26000564455786
105.01848853194053
105.69838680494618
105.9330224730434
101.71919411243368
102.04775071291577
104.59352711768543
103.03189683949371
105.27336258289556
104.92856759329476
106.43147473013146
110.08914776363672
111.11001101576815
115.94505534380906
112.70922064580877
111.81371578661718
110.32933242953382
109.86106316606967
108.88652572234736
110.12399994482007
113.01780361240834
113.91551032370344
113.27142093885519
116.26605393071712
110.77020962922329
111.7650012106478
115.34319738203331
112.47042258443761
115.76111337852846
115.77802785865433
115.7593237495739
116.08142475397509
116.03781607563056
113.33315590110409
110.32182944132146
109.92100144167975
109.00386664348582
108.43405620414762
110.49694750302739
105.0188667675119
106.5407254885486
104.28118689662323
101.32185491556304
99.44723390263619
102.66386622453895
98.49829319660309
100.0536723856209
104.32607462075308
104.69986621589015
104.96348262376621
105.26971137047602
105.3190174612115
110.45209196395996
113.3139960228545
112.40689335573376
116.33854877391684
116.32197654308686
116.301780707274
115.51463860101246
115.95407136747124
114.088968142054
112.10509808124696
113.41497440544488
114.9030537158058
114.8314092127165
120.16397127240815
121.59758135796234
125.7971841904329
127.17875634724467
124.09422040116294
124.0373662123885
123.33569419241128
123.76685718206238
122.53717352257485
119.53670505351748
118.73170244889874
122.54781640451151
122.3156138152228
120.99438624252193
120.87634074265803
119.83907117603904
122.96707465969332
120.50735611318653
119.05899655982888
117.64534207891955
117.17880521554801
111.50433238158885
113.99385274755379
111.81383397976549
114.56732940851967
114.05619825353565
112.88597371210923
114.37503675502799
111.56031579660021
111.09525027261262
115.55509792485546
112.31050725066189
110.00101129145911
104.69031578367633
105.99889277670087
106.59798930545706
106.60883028141856
108.57862980259793
112.11302556258269
113.23339630204485
113.56279109892255
115.1442619465993
114.48814628347083
114.36997356645877
113.3187295606812
113.099208621525
112.75968655714667
108.0481570074572
105.95534039918083
105.89289738916823
101.46500898546427
101.60238442114078
103.78437152415873
102.78438015659714
102.81575691325345
103.06932838904282
103.85852731264423
105.8672108868068
102.67656962719944
102.71045732956371
101.57303096525784
101.61452266064614
104.44564415421708
99.79980708628742
100.74721413877754
100.18415451647553
101.0633557268336
101.23313463860836
102.5536284217499
100.46315502595657
95.90766820814471
92.63734666714402
95.69910231838732
97.13754314337419
97.54104022115126
102.09428704513716
102.92307382966042
102.15882514218988
102.12136757183141
101.09767619765888
101.2311804070044
100.72134257873007
105.6292985419361
106.00229994620389
102.24288826250387
102.13220229641244
100.20056296427897
100.76064302071798
99.84197079757325
99.97522284024633
104.33413624540368
105.2751129334943
110.29055937034917
110.27516618943218
110.46465943169419
106.7064951167187
106.57822539091754
108.58821638783704
107.64437895369451
103.74614036031798
103.64727839622894
98.66422077699309
95.99675937605858
96.31003396479564
97.15941544379984
97.68721938674256
99.27169849188411
100.9006735811828
100.17750296146114
100.25758151757367
100.59149829517308
104.41076488315818
105.0596598231709
105.74884846174993
110.11057192500277
115.13725737542431
115.2158081016771
114.51844373851526
108.96205093321964
105.31995229478663
105.7490983889543
105.7091398696366
106.15186816749896
111.17360799799167
111.18850811397157
112.2804064215964
111.33659195495203
109.60551296125715
114.28331332757526
111.05226620911958
112.53741851010655
109.22067043263817
110.7957531910283
107.58804846518612
110.42610867883508
114.7324242845226
114.65641265602859
117.80716717739882
118.28394830046646
116.61740362912289
116.36663645496684
112.25411908997314
109.36788373606517
110.013069307455
111.40526153900947
114.72170575801464
116.14359742829245
117.75000113156842
120.26317057029189
119.09236526656244
120.67311553535818
115.07944646669439
115.12057719235565
110.87483652104778
112.11263372431216
115.10653147387485
118.95977110908525
119.45348026945138
121.51593456190851
116.70886889548247
118.00339067366941
114.6822866049123
114.80235171198235
115.43660369624044
120.10103679002303
114.36111448228272
119.31816139761796
123.76384513045721
127.78700836117969
132.79393796617933
126.83444419895508
122.75648702680266
118.80153470528306
118.93897499532548
117.60381803431413
118.03332686873826
118.11757062362246
112.25759577957413
114.7553027001242
114.44645602308788
110.09851877154777
107.46394789484916
109.64721875098014
113.74813175288949
114.97883062372081
109.3191001729161
111.1171039206704
111.32210750384287
115.15676871569606
113.73617524888594
115.16357522893995
113.56273318453074
113.5914860072313
108.99414730127499
106.87820555386261
112.19569527435188
115.45183462945342
111.35392399051665
111.60989566395236
113.68434678821393
112.24958963358647
114.42092119940288
115.16188415849209
113.54128580666845
118.62452089913491
113.2511886833045
116.98176653329297
116.87038088947439
116.6786336034208
